32 32
1 0
2 1
5 4
6 5
7 6
8 7
9 8
11 10
12 11
14 13
15 14
16 15
22 21
23 22
24 23
25 24
26 25
28 27
29 28
31 0
31 30
32 0
34 3
34 33
35 34
35 3
36 35
36 4
37 6
38 37
38 7
39 38
40 9
42 10
42 11
43 42
43 11
43 12
44 43
44 13
44 12
45 44
45 13
47 46
47 15
48 47
48 17
49 17
50 49
50 19
51 50
51 20
52 20
52 51
53 21
53 22
53 52
54 53
54 23
54 22
55 54
56 55
56 25
56 24
57 26
58 27
59 28
59 27
61 60
61 30
62 31
62 30
62 61
63 0
63 62
63 31
63 32
64 32
64 33
65 34
65 64
65 33
67 35
68 36
68 37
71 70
71 39
72 41
72 40
73 72
73 42
74 42
74 43
74 73
75 44
76 44
76 75
76 45
77 76
78 77
78 46
79 47
79 48
79 78
80 49
80 79
80 48
81 50
81 80
82 50
83 51
84 52
84 53
85 54
86 55
86 54
87 55
87 56
88 87
88 56
89 57
89 58
90 58
90 59
90 89
91 90
91 60
91 59
92 61
93 62
94 63
94 93
95 94
95 63
96 64
96 65
97 66
97 96
98 97
99 67
100 99
100 69
100 68
101 70
101 69
102 101
102 70
103 71
104 72
104 103
104 73
105 74
105 104
105 73
106 105
106 74
107 76
107 75
108 107
108 76
109 108
109 77
109 78
110 79
110 109
110 78
111 110
111 80
112 80
113 112
113 82
114 83
114 82
114 113
115 114
115 83
115 84
116 115
116 84
117 116
117 85
118 117
118 87
119 88
120 88
120 119
121 89
121 90
121 120
122 121
122 91
122 90
123 91
123 92
123 122
124 93
124 123
124 92
125 94
125 93
125 124
126 94
126 95
126 125
127 96
127 95
127 64
127 126
128 96
128 97
129 98
130 99
130 98
131 99
132 131
132 100
133 101
133 132
133 102
134 103
134 133
135 103
135 134
136 105
136 135
137 106
138 137
138 107
138 106
139 107
139 138
140 139
140 108
141 110
141 140
142 141
143 111
143 112
144 143
144 112
145 113
147 115
148 116
149 148
150 119
150 149
151 150
151 120
152 151
152 120
153 152
153 122
153 121
154 153
154 122
154 123
155 154
155 124
155 123
156 155
156 124
156 125
157 126
157 156
158 127
158 126
159 128
159 158
161 130
161 160
162 161
163 162
163 132
164 132
164 133
165 134
165 133
167 135
167 136
168 167
169 138
169 168
169 137
170 138
170 139
171 139
171 140
172 140
172 141
174 173
174 142
174 143
175 144
175 143
176 145
177 146
177 145
177 176
178 146
178 177
179 147
179 178
180 149
181 150
181 180
182 150
182 181
183 152
183 151
183 182
184 183
184 152
184 153
185 153
185 154
186 155
186 154
186 185
187 155
187 156
187 186
188 156
188 157
188 187
189 157
189 188
190 159
190 158
191 160
191 190
191 159
193 192
194 193
194 163
194 162
195 163
195 194
195 164
196 164
196 195
197 196
197 165
197 166
198 197
198 167
198 166
199 167
199 198
199 168
200 168
200 169
200 199
201 200
202 201
202 171
203 171
203 172
203 202
204 172
204 173
204 203
205 174
205 173
206 174
206 205
207 176
208 176
208 177
208 207
209 178
209 177
210 179
210 209
211 180
211 210
211 179
212 211
212 180
213 212
213 181
214 182
214 213
215 214
215 183
216 184
217 186
218 186
218 217
218 187
219 188
219 187
220 188
220 219
220 189
221 220
221 190
221 189
222 221
223 222
223 191
223 160
224 192
226 195
227 195
228 197
228 196
229 228
229 197
230 229
231 199
231 230
232 201
232 200
232 231
233 201
233 202
233 232
234 203
234 202
235 203
235 204
236 204
236 205
236 235
237 236
237 205
238 207
240 208
240 239
240 209
241 240
242 241
243 212
243 211
243 242
244 213
244 212
245 244
245 213
246 215
246 214
247 216
247 246
248 216
248 217
249 217
249 218
249 248
250 219
250 218
252 221
252 220
253 221
253 222
254 223
254 253
255 223
255 224
256 224
257 225
257 256
258 227
258 226
258 257
259 258
259 228
260 229
260 228
261 229
261 260
262 261
262 231
262 230
263 232
263 262
263 231
264 263
264 232
265 234
266 235
266 265
266 234
267 235
267 266
268 267
269 237
269 268
270 238
270 269
270 239
271 239
271 270
272 271
272 241
273 241
274 273
274 242
275 243
275 274
275 244
276 244
276 275
277 245
277 246
278 277
279 278
280 248
280 279
281 280
281 250
282 281
283 282
284 253
284 252
285 284
286 285
287 256
287 255
287 286
287 224
288 256
290 259
291 260
291 259
291 290
292 260
292 261
292 291
293 262
293 261
294 263
294 262
294 293
295 264
295 263
295 294
296 295
296 265
297 296
297 266
297 265
298 297
299 298
300 268
300 299
300 269
301 269
301 270
302 301
302 271
303 272
303 302
304 273
304 272
305 273
305 304
305 274
306 274
307 276
307 275
308 277
308 307
309 278
309 277
310 309
310 279
310 278
312 311
312 280
312 281
313 281
313 312
314 313
314 283
315 283
316 315
316 284
317 316
318 287
318 286
319 287
319 256
321 290
321 289
322 321
322 291
323 292
324 293
324 323
324 292
325 324
326 294
326 325
327 326
328 327
328 296
328 297
329 297
329 298
330 329
330 299
331 299
331 300
332 300
332 331
333 332
333 301
333 302
334 302
334 303
335 304
336 335
336 304
336 305
337 305
337 336
337 306
338 307
338 337
339 338
339 307
340 309
340 308
341 310
341 340
342 310
342 341
342 311
343 342
343 311
343 312
344 313
344 343
345 314
347 316
347 315
348 316
349 317
349 348
350 349
350 319
350 318
351 320
351 288
351 350
351 319
352 321
353 352
353 322
354 323
354 322
355 324
356 325
356 355
357 325
357 356
358 357
360 329
360 328
361 330
361 360
362 331
362 361
363 362
363 332
365 333
365 364
366 334
366 365
366 335
367 336
367 366
367 335
368 367
368 336
368 337
369 338
370 338
371 340
371 339
371 370
372 371
372 341
373 372
374 373
374 342
375 374
375 343
376 344
377 346
378 377
379 348
380 348
380 379
381 350
381 349
381 380
382 381
382 351
383 352
383 320
383 382
383 351
384 353
384 352
385 384
385 353
385 354
386 355
386 385
388 387
388 357
389 388
389 358
390 358
390 359
392 391
392 360
393 362
394 362
394 393
395 364
396 364
396 365
396 395
397 396
397 366
398 397
398 367
398 366
399 398
399 367
399 368
400 369
400 399
400 368
401 400
401 369
402 370
402 401
403 402
403 371
404 403
404 372
405 374
406 375
406 405
407 376
408 407
408 376
409 378
409 377
409 408
410 409
410 379
411 410
411 380
412 411
412 380
413 412
414 383
414 413
414 382
415 383
415 414
415 352
415 384
416 384
417 385
417 386
417 416
418 417
418 386
418 387
420 388
422 390
423 392
423 391
424 393
424 423
425 393
426 395
426 425
427 426
427 395
430 429
430 399
431 399
431 400
432 401
432 400
433 402
434 403
434 402
435 434
435 404
435 403
436 435
436 405
437 405
437 436
437 406
438 437
438 407
439 408
439 438
439 407
440 409
440 439
442 410
443 411
443 442
443 412
444 412
445 414
446 415
446 414
447 446
447 416
448 416
448 417
449 448
449 418
449 417
450 449
450 419
450 418
451 420
451 450
452 421
452 420
452 451
453 422
453 421
454 453
455 423
455 424
456 424
457 426
457 425
458 427
459 427
460 428
460 459
461 429
461 430
461 460
462 430
462 461
463 431
463 432
463 462
464 433
465 433
465 464
466 435
466 434
467 466
467 435
467 436
468 437
468 467
468 436
469 437
469 468
469 438
470 439
470 469
470 438
471 470
471 440
472 471
474 473
474 443
474 442
475 444
475 474
476 445
476 475
477 476
477 446
477 445
478 477
479 478
479 448
479 416
480 449
481 449
481 480
482 481
482 450
483 482
483 452
484 452
485 484
485 453
486 455
486 454
487 486
487 456
488 487
488 456
489 458
490 458
491 460
493 462
493 461
494 493
494 462
495 463
496 464
496 495
496 465
498 497
499 498
499 467
500 468
500 469
501 470
501 500
502 470
503 472
504 473
504 503
504 472
505 474
505 473
506 474
507 475
508 507
508 476
509 508
509 478
510 479
510 478
510 509
511 448
511 480
512 481
512 480
513 482
513 512
513 481
514 483
514 482
514 513
515 514
515 484
517 516
517 486
517 485
518 517
519 488
519 487
521 489
521 490
521 520
522 521
522 491
522 490
524 493
524 492
524 523
525 494
525 524
525 493
526 494
526 495
527 526
527 495
528 527
529 497
529 528
530 499
530 498
531 500
531 530
531 499
532 500
532 531
532 501
533 501
533 532
534 503
535 534
536 504
537 536
537 506
538 507
538 506
539 507
539 538
540 539
540 509
540 508
541 510
542 541
542 510
543 511
543 512
543 542
543 480
544 512
544 513
545 513
546 515
547 546
548 517
548 516
548 547
549 518
549 548
550 549
550 519
550 518
551 550
551 520
551 519
552 521
552 520
553 552
554 523
554 553
555 524
555 523
556 525
557 556
557 525
558 557
558 526
558 527
559 558
559 528
560 529
561 530
561 529
562 530
562 531
562 561
563 531
563 562
563 532
564 563
566 565
567 566
567 535
568 536
568 567
569 537
569 568
569 538
570 569
570 538
571 539
571 570
572 540
573 572
573 542
573 541
574 542
575 512
576 545
577 546
578 547
578 546
580 548
580 579
580 549
581 549
581 550
582 550
582 581
583 552
583 582
583 551
584 552
584 553
585 554
585 584
586 585
586 554
587 556
588 556
590 559
590 589
591 560
591 559
592 560
592 561
593 562
593 592
594 562
594 593
594 563
595 563
595 594
596 565
596 564
597 565
597 596
598 566
599 598
600 568
601 600
601 570
602 571
602 570
602 601
603 572
603 602
604 573
604 572
605 574
605 573
606 575
608 576
608 577
609 577
609 578
609 608
611 579
611 580
611 610
612 611
613 582
613 581
614 583
614 613
615 583
615 584
616 585
617 616
617 585
618 617
618 586
619 618
619 587
620 589
620 619
620 588
621 620
621 590
621 589
622 590
623 591
623 622
624 623
624 592
625 593
625 594
625 624
626 594
626 595
627 596
627 595
627 626
628 627
628 596
629 597
630 629
631 630
631 599
631 600
632 600
632 631
633 632
633 601
633 602
634 603
634 602
634 633
635 604
635 603
635 634
636 635
636 604
637 606
637 636
637 605
638 606
639 576
639 607
640 609
641 610
642 641
642 610
643 642
644 613
644 643
645 614
646 615
646 645
646 614
647 646
648 616
649 618
649 648
649 617
650 649
651 619
651 620
651 650
652 621
652 651
653 621
653 622
653 652
654 622
654 653
655 623
655 624
656 655
656 624
657 626
657 625
658 626
658 627
658 657
659 658
659 628
660 659
661 629
661 660
662 630
664 663
665 634
665 633
666 634
666 635
667 635
667 636
667 666
668 637
668 667
668 636
669 668
669 637
670 638
670 639
670 669
671 640
671 608
671 670
672 640
672 641
673 672
674 642
675 674
675 644
676 675
676 645
677 646
677 676
677 645
678 646
678 647
679 678
679 648
680 648
680 679
681 649
682 681
683 682
684 653
684 683
685 654
686 654
686 655
687 655
687 656
687 686
688 687
688 657
689 658
689 657
689 688
690 659
691 660
692 691
693 661
693 692
694 663
695 694
695 663
696 695
696 664
696 665
697 696
697 665
697 666
699 668
699 667
700 668
700 699
701 669
701 670
701 700
702 670
702 701
703 671
705 704
706 705
706 675
707 675
708 677
708 707
709 708
709 678
710 679
710 709
710 678
711 679
711 680
712 711
713 712
713 681
713 682
714 682
714 683
714 713
716 685
716 715
717 686
718 687
718 717
719 718
719 688
720 689
720 688
720 719
721 689
721 720
722 691
722 721
722 690
723 692
724 723
725 724
726 725
727 695
727 726
728 696
729 728
729 698
729 697
730 729
730 698
730 699
731 699
731 730
732 701
732 700
733 702
733 701
734 702
734 703
734 733
735 703
735 704
735 734
735 672
736 704
737 705
737 706
738 706
738 737
738 707
739 738
739 707
740 709
741 709
742 741
742 710
743 711
743 742
744 743
744 712
745 744
745 714
745 713
746 714
746 745
746 715
747 715
747 716
748 716
749 717
749 718
750 749
750 719
750 718
751 720
751 750
751 719
752 751
752 721
752 720
753 722
754 722
754 753
755 724
755 754
756 755
756 725
757 725
757 726
758 726
758 757
758 727
759 758
759 727
759 728
760 759
761 730
761 729
761 760
762 761
762 731
763 762
764 733
764 763
764 732
765 734
766 765
766 734
767 736
767 766
769 768
769 738
770 739
771 739
772 771
774 743
774 773
775 774
776 745
776 775
777 776
778 746
778 747
778 777
779 747
779 778
780 749
780 748
780 779
781 780
781 749
781 750
782 750
782 781
783 782
783 751
784 753
784 783
784 752
785 753
785 754
786 754
787 786
787 755
787 756
788 757
789 788
790 789
790 759
791 759
792 761
793 762
793 792
794 762
794 763
795 794
795 764
796 765
796 795
796 764
797 766
797 796
798 797
798 766
799 736
799 798
799 767
801 800
801 769
802 770
802 771
802 801
803 802
803 771
804 773
805 773
805 804
806 805
806 775
807 776
807 806
808 776
809 808
809 778
809 777
810 778
810 809
811 810
811 780
812 781
812 780
813 781
813 782
814 783
814 782
816 815
816 784
816 785
817 785
817 786
818 817
819 787
819 818
820 789
820 788
821 820
821 790
822 790
823 791
824 823
824 792
825 794
825 793
825 824
826 825
827 826
827 796
827 795
828 796
828 797
829 797
829 828
830 799
830 829
831 800
831 768
831 799
833 802
833 801
834 833
834 803
835 804
836 805
836 835
836 804
837 806
838 837
839 807
840 809
840 839
840 808
841 840
842 810
843 812
843 811
844 843
844 813
845 813
846 845
847 846
848 817
848 847
848 816
849 817
849 848
850 849
850 818
851 819
852 821
852 851
852 820
853 852
854 853
854 823
854 822
855 824
856 825
856 824
857 856
857 826
858 827
858 857
858 826
859 827
859 828
860 828
861 829
862 861
863 862
863 831
864 833
864 832
865 864
865 833
867 836
867 866
867 835
868 837
868 836
869 868
869 838
870 869
870 839
871 839
871 870
871 840
872 871
872 841
872 840
874 842
874 873
874 843
875 874
876 875
877 846
878 847
878 877
879 848
879 847
880 848
880 849
881 849
881 880
882 881
882 851
884 883
884 852
885 853
886 854
886 855
886 885
887 886
887 855
887 856
888 887
888 857
889 888
889 858
889 857
890 859
890 889
891 890
892 861
893 862
894 862
895 863
895 864
895 832
895 894
896 865
898 866
898 867
899 867
899 868
900 869
900 868
900 899
901 869
902 901
903 902
903 872
904 872
904 903
904 873
905 904
905 874
907 876
907 875
908 877
909 908
909 878
909 877
911 910
912 881
912 880
913 912
913 881
913 882
914 913
915 883
915 884
916 885
916 884
917 916
917 886
917 885
918 917
919 918
919 888
919 887
920 888
921 889
922 921
922 891
923 891
924 923
924 893
925 893
925 894
925 924
926 895
927 926
927 864
928 896
929 897
929 928
930 898
931 930
931 900
932 900
932 901
934 902
934 903
935 904
937 905
937 906
937 936
938 937
938 906
939 907
939 908
939 938
940 939
940 908
940 909
941 940
942 911
942 941
943 911
944 912
944 943
944 913
945 913
946 915
946 945
947 946
947 916
948 916
948 947
949 917
949 948
950 949
950 919
950 918
951 920
951 950
951 919
952 920
952 951
953 952
954 923
954 953
955 924
956 955
956 924
956 925
957 925
957 926
957 956
958 927
958 926
959 928
959 958
960 929
960 928
961 930
961 929
962 931
963 962
963 931
964 932
964 963
965 934
965 933
966 935
967 966
967 935
968 937
968 967
969 937
970 938
970 969
971 940
971 970
972 941
972 971
974 943
975 974
975 944
976 944
977 976
977 945
977 946
978 947
979 948
980 979
981 950
981 980
981 949
982 981
983 982
983 951
984 953
984 952
984 983
985 953
985 954
985 984
986 954
986 955
986 985
987 956
987 955
987 986
988 956
988 987
989 958
990 958
990 959
990 989
991 990
991 960
991 928
992 31
993 962
993 992
993 961
994 962
994 1
995 2
995 3
995 964
995 994
996 3
996 965
996 4
996 995
997 966
997 996
997 4
997 5
998 6
998 967
998 966
999 998
999 968
999 967
1000 999
1001 9
1001 1000
1001 8
1002 1001
1002 970
1003 1002
1003 10
1004 12
1004 1003
1004 11
1004 973
1004 972
1005 1004
1005 974
1005 973
1005 12
1006 974
1006 975
1006 14
1006 1005
1007 14
1007 975
1007 1006
1007 15
1007 976
1008 976
1008 16
1008 977
1008 1007
1009 978
1009 17
1009 16
1009 977
1010 17
1010 978
1010 1009
1010 979
1010 18
1011 980
1011 979
1011 19
1011 18
1012 1011
1012 980
1012 19
1012 981
1013 981
1013 1012
1013 982
1014 21
1014 982
1014 983
1014 1013
1015 22
1015 1014
1016 985
1016 24
1016 984
1016 23
1017 985
1017 24
1017 25
1018 25
1018 1017
1019 988
1019 27
1019 987
1019 26
1020 28
1020 989
1020 27
1021 29
1021 990
1022 990
1022 30
1022 29
1022 991
1023 30
1023 991
1023 1022
1023 960
