32 32
1 0
2 1
3 2
4 3
5 4
6 5
7 6
8 7
9 8
11 10
12 11
13 12
14 13
15 14
16 15
17 16
18 17
19 18
20 19
23 22
24 23
26 25
29 28
30 29
31 0
32 1
32 0
33 32
33 2
33 1
34 33
34 2
34 3
35 4
35 34
35 3
36 5
36 35
37 36
38 37
38 7
38 6
39 7
39 38
40 9
40 39
41 9
42 41
42 11
43 11
44 12
44 43
44 13
45 14
46 14
46 15
47 46
47 15
47 16
48 47
48 16
49 18
49 48
49 17
50 19
50 18
50 49
51 50
51 19
51 20
52 21
52 51
53 22
54 22
55 23
55 24
56 24
56 25
57 25
57 26
58 57
58 27
58 26
59 58
60 28
60 29
61 30
61 29
62 30
62 31
63 62
63 0
65 64
65 33
65 34
66 65
66 34
66 35
67 36
68 37
68 67
68 36
69 38
70 38
70 39
71 70
71 39
71 40
72 71
72 40
73 41
73 72
73 42
74 73
74 43
75 44
75 74
75 43
76 75
76 44
77 76
77 45
77 46
78 46
78 77
79 48
79 47
79 78
80 79
80 48
81 49
81 80
81 50
82 50
82 81
83 52
83 82
83 51
84 83
84 53
84 52
85 84
85 53
86 54
86 55
86 85
87 56
87 86
88 56
89 88
89 58
90 59
90 58
91 59
91 90
92 61
92 91
92 60
93 92
93 61
93 62
94 63
94 93
95 94
95 63
96 64
97 65
97 66
98 97
98 67
98 66
99 68
99 67
100 69
101 70
102 101
102 71
102 70
103 72
103 71
103 102
104 103
105 104
105 73
105 74
106 75
106 105
107 106
108 107
108 76
109 78
109 108
110 78
110 79
111 80
111 79
111 110
112 81
112 111
113 112
113 81
113 82
114 113
115 114
115 84
116 85
116 115
117 116
117 86
117 85
118 87
118 86
118 117
119 118
119 87
119 88
120 89
121 120
121 89
122 91
123 91
123 122
124 123
124 92
124 93
125 93
126 125
126 95
126 94
127 64
127 126
127 95
127 96
128 97
129 97
129 98
130 129
130 98
130 99
131 130
131 100
132 100
132 101
133 101
133 102
133 132
134 133
134 102
134 103
135 134
135 104
136 104
136 135
136 105
137 136
137 105
137 106
138 106
139 107
139 138
140 139
140 109
141 140
141 109
141 110
142 141
142 111
142 110
143 112
144 143
144 113
144 112
145 113
145 144
146 115
146 145
147 115
147 116
148 147
149 117
149 148
149 118
150 118
150 149
150 119
151 119
151 150
153 152
153 121
153 122
154 123
154 153
155 124
155 123
156 124
156 125
157 126
157 156
158 157
158 127
158 126
159 128
159 96
159 127
160 128
160 129
161 130
161 160
161 129
162 130
162 161
162 131
163 162
163 132
164 163
164 133
164 132
165 134
165 164
165 133
166 165
166 135
167 166
168 137
169 137
169 138
169 168
170 139
170 138
171 139
171 170
171 140
172 140
172 141
172 171
173 142
173 172
174 173
174 143
174 142
176 175
176 144
177 145
177 146
177 176
178 147
178 177
178 146
179 148
179 147
179 178
180 179
180 148
180 149
181 149
181 180
182 151
182 181
182 150
183 182
183 151
183 152
185 184
185 154
185 153
186 185
186 154
187 186
188 187
188 156
189 157
189 188
189 158
190 189
190 159
190 158
191 159
192 160
192 161
193 192
193 162
193 161
194 162
194 163
194 193
195 194
195 164
195 163
196 164
196 195
196 165
197 196
198 166
198 167
199 167
199 198
200 199
201 169
202 201
202 170
203 172
203 171
203 202
204 172
204 203
205 204
205 173
205 174
206 174
206 205
207 206
207 176
207 175
208 176
208 207
209 208
209 177
210 209
211 180
211 179
211 210
212 181
212 211
213 182
213 181
214 213
215 214
215 183
216 185
216 184
217 216
217 185
218 186
219 218
220 188
220 189
220 219
221 190
222 191
223 191
223 192
223 222
224 193
225 193
225 194
225 224
226 195
226 225
226 194
227 195
228 196
229 198
229 197
229 228
230 199
230 198
230 229
231 199
231 230
232 231
232 201
232 200
233 232
233 202
233 201
234 202
234 203
235 203
236 205
236 204
236 235
237 205
239 238
240 209
240 239
240 208
241 209
241 240
241 210
242 241
242 210
243 211
244 243
245 213
246 214
247 215
247 246
248 247
248 216
249 218
249 217
249 248
250 218
250 249
251 250
251 219
252 221
252 220
252 251
253 221
253 222
254 253
255 192
255 224
255 223
255 254
256 224
256 225
257 256
257 225
258 257
258 226
259 228
259 227
260 228
261 260
261 230
261 229
262 261
262 231
263 262
264 263
264 233
264 232
265 264
266 235
266 265
267 235
267 236
267 266
268 237
268 236
270 239
270 269
271 240
272 271
272 241
273 272
273 241
274 242
274 273
275 274
275 243
275 244
276 244
276 275
277 245
277 246
277 276
278 277
279 278
280 248
281 280
281 249
282 250
282 251
283 251
283 282
283 252
284 253
284 252
284 283
285 284
286 285
287 286
287 224
288 256
289 288
289 258
290 259
290 289
290 258
291 259
291 260
291 290
292 260
292 291
293 261
293 292
294 293
294 262
295 263
295 264
296 295
296 265
296 264
297 265
297 266
297 296
298 266
298 267
299 267
299 298
300 299
300 269
301 269
302 270
302 301
302 271
303 302
303 271
303 272
304 303
304 273
304 272
305 304
305 273
305 274
306 274
306 305
306 275
307 275
307 306
308 276
309 308
309 278
309 277
310 309
311 310
311 280
311 279
313 282
313 281
313 312
314 313
314 282
315 314
315 283
315 284
316 315
316 284
316 285
317 285
318 287
319 288
319 318
319 287
319 256
320 288
321 289
321 320
322 321
322 291
323 292
323 322
324 323
325 293
325 324
325 294
326 295
328 327
328 296
329 298
329 297
331 330
331 300
332 300
333 301
334 333
334 303
334 302
335 304
335 334
336 304
337 336
337 306
338 337
338 307
338 306
339 308
340 339
340 309
341 310
341 340
342 310
342 311
342 341
343 311
343 312
343 342
344 312
344 313
344 343
345 344
345 314
346 345
346 314
346 315
347 315
347 316
347 346
348 347
348 317
349 318
349 348
350 318
350 349
351 319
351 320
351 350
352 320
353 322
353 321
354 322
354 353
354 323
355 354
355 323
356 355
356 324
357 325
357 326
358 326
358 327
359 328
359 358
360 359
360 328
360 329
361 329
361 360
361 330
362 331
362 361
362 330
363 362
363 332
363 331
364 333
365 333
365 364
365 334
366 335
367 366
367 336
368 337
368 367
369 368
370 338
371 339
371 370
372 341
372 371
373 342
373 341
373 372
374 342
374 343
375 344
375 343
375 374
376 344
376 345
377 345
377 346
377 376
378 377
378 347
378 346
379 378
379 348
379 347
380 348
380 349
381 349
381 380
381 350
382 351
382 381
382 350
383 351
383 320
383 352
384 352
385 353
385 354
386 354
386 385
386 355
387 356
387 355
387 386
388 387
388 356
389 358
389 357
390 359
390 358
391 359
391 390
392 391
392 360
393 361
393 392
393 362
394 393
394 363
394 362
395 363
395 394
396 395
396 364
396 365
397 366
397 396
397 365
398 397
398 366
399 398
400 369
401 369
401 400
402 401
403 402
404 403
405 374
405 404
405 373
406 374
407 406
407 375
407 376
408 377
408 407
409 408
409 377
410 379
410 409
411 380
411 379
411 410
412 380
412 411
412 381
413 382
413 381
413 412
414 383
414 413
414 382
415 352
415 384
417 416
417 385
418 417
418 386
418 387
419 387
420 389
420 419
420 388
421 420
422 421
422 391
423 392
423 422
424 423
424 393
425 394
425 393
426 394
426 395
427 395
427 396
428 427
428 396
429 397
429 428
430 399
430 398
430 429
431 400
431 399
431 430
432 401
432 431
433 401
433 402
434 433
435 434
435 403
435 404
436 404
436 435
437 406
437 436
438 437
439 407
440 439
440 409
440 408
441 410
441 440
442 411
442 441
443 411
443 412
444 412
445 444
445 413
445 414
446 445
446 414
447 416
447 384
447 415
448 417
448 416
449 418
450 419
450 418
450 449
451 450
451 419
452 451
453 452
453 421
454 453
454 423
454 422
455 423
455 454
455 424
456 424
457 426
458 426
458 457
458 427
459 458
459 428
460 459
460 428
460 429
461 430
462 461
462 430
462 431
463 432
464 433
465 464
466 465
467 436
467 466
468 467
468 436
469 468
469 437
469 438
470 439
470 438
471 470
471 439
471 440
472 441
472 440
473 472
473 442
474 442
474 443
474 473
475 443
475 444
476 445
476 475
477 476
477 446
478 446
479 478
479 416
479 447
480 449
480 448
481 449
481 450
482 450
482 451
483 451
483 452
483 482
484 453
484 452
485 484
485 454
486 454
487 486
487 455
487 456
488 456
489 457
489 458
490 459
491 460
491 459
492 460
492 491
493 492
494 462
494 493
495 463
495 494
496 464
496 465
497 496
497 465
498 467
498 497
498 466
499 498
499 468
499 467
500 469
501 469
501 470
502 501
502 470
502 471
503 472
503 471
503 502
504 472
504 503
504 473
505 474
506 474
506 475
506 505
507 506
507 476
507 475
508 507
509 477
509 508
510 509
510 479
510 478
511 479
511 448
511 480
511 510
512 480
513 482
514 483
514 513
515 483
516 485
517 516
517 485
518 486
518 517
518 487
519 488
519 518
520 489
520 488
521 489
522 490
522 491
523 522
523 491
524 492
524 523
525 494
525 493
526 494
526 495
526 525
527 495
527 496
527 526
528 496
528 497
528 527
529 528
529 498
529 497
530 498
531 500
531 530
532 531
532 500
532 501
533 501
534 533
535 534
535 503
536 505
536 504
537 505
537 506
537 536
538 506
538 507
539 507
539 508
539 538
540 539
540 509
540 508
541 540
542 541
542 511
542 510
543 480
543 542
543 511
543 512
544 512
544 513
545 514
545 544
546 515
547 546
547 515
548 517
548 516
549 548
549 518
550 518
550 519
550 549
551 520
551 550
551 519
552 520
553 552
553 522
553 521
554 522
554 553
555 524
555 523
555 554
556 524
556 525
557 526
557 525
558 526
559 558
559 527
559 528
560 559
560 529
560 528
561 530
561 560
561 529
562 530
562 531
562 561
563 531
563 532
564 533
564 532
565 564
565 534
565 533
566 535
567 535
567 536
567 566
568 567
568 537
568 536
569 568
569 537
569 538
570 569
570 538
570 539
571 570
571 539
571 540
572 540
572 541
572 571
573 572
573 541
574 543
574 573
575 512
575 543
575 544
575 574
576 544
576 545
577 576
577 546
578 547
578 546
578 577
579 548
579 547
580 579
580 548
580 549
581 549
581 550
581 580
582 550
582 551
582 581
583 552
583 582
584 553
584 583
584 552
585 553
585 554
585 584
586 585
586 555
587 586
587 555
588 557
588 587
588 556
589 558
589 588
589 557
590 558
591 559
591 590
591 560
592 561
592 591
593 561
593 592
594 593
594 563
595 563
595 564
596 565
596 564
597 566
598 597
598 566
599 568
599 598
600 599
600 568
601 600
601 569
602 601
602 570
604 573
604 603
604 572
605 604
605 574
606 574
606 575
607 606
608 577
608 576
609 578
609 608
610 578
610 609
610 579
611 580
612 581
612 580
612 611
613 612
613 582
613 581
614 613
614 582
614 583
615 614
615 583
615 584
616 585
616 584
617 586
618 617
618 586
618 587
619 588
619 618
620 588
621 589
622 590
623 591
623 622
623 592
624 592
625 594
625 593
626 594
627 596
627 626
627 595
628 596
628 597
629 598
629 597
630 629
630 599
631 599
631 630
632 601
632 631
632 600
633 632
633 602
634 633
635 604
635 603
635 634
636 605
636 604
636 635
637 605
638 606
638 637
638 607
639 607
639 576
639 638
640 609
640 608
641 610
641 640
642 611
642 641
643 612
643 611
643 642
644 612
645 613
645 644
645 614
646 645
647 646
647 615
647 616
648 647
648 616
648 617
649 617
650 619
650 649
651 650
652 620
652 621
652 651
653 652
653 622
654 653
655 623
655 654
655 624
656 625
656 624
656 655
657 656
657 626
657 625
658 626
658 627
658 657
659 628
659 627
659 658
660 659
661 630
661 660
661 629
662 631
663 631
663 632
663 662
664 663
664 632
664 633
665 634
665 664
666 665
667 635
667 666
668 637
669 668
670 638
670 669
670 639
671 670
671 639
672 640
672 641
673 672
673 641
673 642
675 674
675 644
676 675
677 646
678 646
678 677
679 648
679 647
679 678
680 648
680 679
680 649
681 650
682 651
682 650
683 682
683 651
684 652
684 683
684 653
685 684
685 654
685 653
686 655
686 685
687 655
688 656
688 657
688 687
689 688
689 657
690 689
691 690
691 660
692 661
692 660
693 692
693 662
693 661
694 663
694 662
694 693
695 664
695 663
696 665
696 664
696 695
697 666
697 696
697 665
698 697
699 667
699 698
700 669
700 699
701 669
701 700
701 670
702 701
702 671
702 670
703 640
703 671
703 702
703 672
705 704
705 674
705 673
706 705
706 674
706 675
707 675
708 676
709 708
710 709
710 679
711 710
711 680
711 679
712 680
712 681
712 711
713 712
714 682
714 713
715 684
715 714
716 715
716 684
716 685
717 716
718 687
718 717
719 687
719 688
720 689
720 719
720 688
721 720
721 689
721 690
722 691
722 690
722 721
723 691
724 723
724 692
725 724
725 693
726 725
726 695
726 694
727 696
727 695
728 727
728 696
728 697
729 697
729 728
730 729
730 698
730 699
731 699
731 700
731 730
732 701
733 702
733 701
733 732
734 733
734 703
734 702
735 734
735 703
735 672
736 704
736 705
737 706
737 705
738 706
739 738
739 707
740 708
740 739
741 740
741 709
742 711
743 712
743 711
744 743
744 712
745 744
745 714
745 713
746 714
746 715
746 745
747 746
747 716
748 747
748 716
749 748
749 718
749 717
750 719
750 749
751 750
752 720
752 751
752 721
753 721
753 752
754 753
754 722
754 723
755 754
755 723
756 724
756 755
757 726
757 756
757 725
758 726
758 757
759 758
760 759
760 729
760 728
761 729
761 730
762 730
762 731
763 731
763 732
764 732
764 763
764 733
765 733
766 765
766 735
766 734
767 704
767 766
767 736
767 735
768 736
768 737
769 738
769 768
770 739
771 740
772 771
772 740
773 742
774 742
774 773
775 774
776 745
777 746
778 777
778 747
779 778
780 779
781 749
782 750
782 751
783 751
783 752
783 782
784 752
784 753
784 783
785 753
785 784
786 754
786 755
787 786
787 755
787 756
788 787
788 757
789 788
789 757
789 758
790 758
791 759
791 790
791 760
792 761
792 791
792 760
793 762
794 762
794 793
795 794
795 763
795 764
796 765
796 764
797 765
797 796
798 766
798 767
799 768
799 767
799 798
800 768
800 769
801 770
801 800
802 801
802 771
803 772
803 771
804 772
804 773
805 804
805 774
805 773
806 805
806 775
807 806
808 777
808 776
809 778
809 777
809 808
810 778
810 779
810 809
811 779
812 780
812 781
813 812
813 782
814 813
815 784
816 785
817 786
817 816
818 787
818 817
818 786
819 787
819 788
820 789
821 789
823 822
823 792
823 791
824 823
825 793
825 794
826 825
826 794
827 826
827 796
829 797
829 798
830 799
831 799
831 768
831 800
832 800
833 801
834 803
834 833
835 804
836 805
836 804
836 835
837 805
837 836
838 807
839 808
839 838
840 809
840 808
841 840
841 809
842 811
842 810
843 812
844 812
844 813
845 814
845 844
845 813
846 845
847 846
847 816
847 815
848 847
848 816
848 817
849 817
850 818
851 820
851 850
852 821
852 820
852 851
853 821
853 822
854 823
854 853
855 823
855 854
855 824
857 856
858 826
859 828
859 858
860 859
860 829
860 828
861 860
861 829
861 830
862 861
862 830
863 862
863 831
863 800
864 833
864 832
865 833
865 864
866 834
866 865
867 836
868 867
868 837
868 836
869 868
869 838
870 869
870 838
870 839
871 839
872 841
872 871
872 840
873 841
873 842
874 873
874 843
875 874
875 843
875 844
876 845
876 844
876 875
877 846
877 845
878 846
878 877
879 847
880 879
880 848
880 849
881 880
882 881
883 852
884 852
885 884
885 854
886 885
886 855
886 854
887 886
888 857
888 887
889 857
889 858
890 889
890 858
890 859
891 860
891 890
892 861
892 891
892 860
893 862
893 861
893 892
894 893
894 862
895 864
895 894
896 864
896 865
897 866
897 896
898 897
898 866
899 867
899 868
899 898
900 868
900 899
900 869
901 869
901 870
902 871
902 901
903 871
903 902
903 872
904 903
905 873
906 875
906 905
907 875
907 906
908 877
908 876
908 907
909 877
909 878
909 908
910 878
911 910
911 880
911 879
912 911
912 880
912 881
913 912
913 881
913 882
914 882
914 883
915 883
915 884
915 914
916 884
916 915
916 885
917 886
917 885
918 917
918 886
919 888
920 888
921 920
922 891
923 891
924 893
925 893
925 894
926 894
926 925
926 895
927 896
927 895
927 864
928 896
929 897
929 898
930 899
930 929
930 898
931 930
931 900
931 899
932 931
932 901
932 900
933 902
933 901
935 903
935 934
936 904
936 935
937 905
937 906
939 938
939 907
939 908
940 909
940 908
940 939
941 910
942 910
942 941
942 911
943 911
944 943
944 913
945 913
945 944
945 914
946 914
946 915
947 916
947 946
947 915
948 947
948 917
948 916
949 918
949 948
949 917
950 949
951 919
952 951
952 920
952 921
953 921
953 922
953 952
954 953
954 922
954 923
955 923
955 924
955 954
956 925
956 955
957 926
957 925
958 957
959 927
960 929
961 929
961 960
961 930
962 961
963 931
964 932
964 933
965 934
965 933
965 964
966 935
967 935
967 966
968 937
968 936
969 938
969 937
970 969
970 939
971 939
972 941
972 940
972 971
973 941
973 972
974 973
974 942
975 943
975 974
976 944
976 975
977 945
977 976
977 946
978 946
978 947
979 978
980 948
981 949
981 950
982 951
982 981
983 952
983 951
983 982
984 952
984 953
985 954
985 984
985 953
986 985
987 986
987 956
987 955
988 956
988 957
988 987
989 988
989 958
990 958
990 959
991 990
991 928
991 960
992 0
992 960
993 1
994 962
994 993
994 963
995 3
995 964
995 994
996 3
996 995
996 965
996 4
996 964
997 966
997 4
997 5
998 6
998 5
998 966
998 997
998 967
999 6
1000 7
1000 8
1000 969
1000 999
1000 968
1001 1000
1001 8
1002 970
1002 1001
1002 10
1002 9
1003 971
1003 11
1004 1003
1004 973
1004 11
1004 972
1004 12
1005 13
1005 12
1005 1004
1005 974
1006 14
1006 1005
1006 975
1006 974
1006 13
1007 14
1007 976
1007 15
1008 977
1008 16
1009 1008
1009 16
1009 978
1010 17
1010 18
1010 978
1011 979
1011 980
1011 19
1011 1010
1011 18
1012 981
1013 1012
1013 21
1013 20
1013 982
1014 22
1014 1013
1014 983
1014 982
1015 22
1015 984
1015 23
1016 985
1016 24
1016 1015
1017 1016
1017 24
1017 25
1017 985
1018 987
1018 986
1018 25
1018 26
1018 1017
1019 26
1019 1018
1019 988
1019 27
1020 1019
1020 28
1020 989
1020 27
1021 990
1021 1020
1021 29
1021 28
1022 29
1022 30
1022 991
1023 31
1023 1022
1023 960
1023 30
