32 32
1 0
3 2
4 3
5 4
6 5
8 7
9 8
12 11
16 15
17 16
18 17
20 19
21 20
22 21
23 22
24 23
25 24
27 26
28 27
29 28
31 30
32 0
32 1
33 1
34 2
34 33
34 3
35 4
35 34
36 35
37 5
37 6
38 6
39 8
39 7
40 9
40 8
40 39
41 40
41 9
42 11
42 41
42 10
43 11
43 12
44 13
44 12
44 43
45 13
45 44
46 15
47 16
47 46
48 47
48 17
49 48
49 17
50 18
51 19
51 50
51 20
52 20
53 22
53 21
54 53
55 23
55 54
56 24
57 25
57 26
58 57
58 27
59 28
59 58
60 29
60 59
61 60
61 30
61 29
62 61
62 31
62 30
63 0
63 31
63 32
64 33
65 33
65 64
65 34
66 35
67 35
67 66
68 37
68 36
68 67
69 37
70 38
70 39
70 69
71 39
71 70
71 40
72 71
72 41
73 72
74 73
74 43
75 74
76 44
76 45
77 45
77 76
77 46
78 46
78 47
79 48
79 47
80 79
80 48
80 49
81 50
81 80
82 50
82 51
82 81
83 82
83 52
84 83
84 53
84 52
85 84
85 54
86 55
86 85
87 86
87 56
88 87
89 88
89 57
89 58
90 59
90 89
91 90
92 60
92 61
92 91
93 61
93 62
94 62
95 64
95 32
95 94
96 64
97 96
97 66
98 66
98 67
99 98
99 68
99 67
100 69
100 68
100 99
101 100
102 101
102 70
102 71
103 72
103 71
104 103
104 73
104 72
105 104
105 73
106 75
106 74
107 75
107 76
107 106
108 77
108 107
109 108
109 77
109 78
110 79
110 78
110 109
111 110
111 79
112 80
112 111
112 81
113 81
113 82
113 112
114 113
114 82
115 83
115 114
116 85
116 84
117 85
117 116
118 86
118 87
119 87
119 88
119 118
120 89
120 119
121 89
121 90
122 121
122 91
122 90
123 91
124 93
125 94
125 93
125 124
126 94
126 125
127 95
127 96
128 97
129 128
129 98
129 97
130 98
130 99
131 99
132 101
132 131
132 100
133 102
133 132
134 102
134 103
135 103
135 104
136 135
136 105
136 104
137 106
137 136
137 105
138 106
139 107
139 108
139 138
140 108
140 109
140 139
141 140
142 111
142 110
142 141
143 142
143 111
144 112
144 143
144 113
145 113
145 114
146 145
146 114
147 146
147 116
148 116
149 148
149 118
149 117
150 149
150 119
150 118
151 120
151 119
151 150
152 151
152 120
153 152
153 122
154 153
154 122
154 123
155 124
155 123
155 154
156 125
156 124
157 125
157 156
158 157
159 96
159 127
159 158
160 128
161 130
162 161
162 130
162 131
163 162
163 132
163 131
164 132
164 133
165 133
165 164
166 134
167 166
167 136
167 135
168 137
169 168
169 138
169 137
170 138
170 139
170 169
171 139
172 141
172 171
172 140
173 141
173 142
174 142
174 143
175 144
175 174
176 144
176 145
176 175
177 176
178 177
178 146
179 148
179 147
179 178
180 149
180 148
180 179
181 180
181 149
181 150
182 150
182 181
183 182
183 152
183 151
184 183
184 152
185 153
185 184
185 154
186 155
187 186
187 156
188 156
188 187
189 157
190 158
191 128
191 160
191 190
192 160
192 161
193 161
193 192
194 163
194 193
194 162
195 164
195 163
196 164
196 195
197 196
197 166
198 166
198 197
198 167
199 167
199 168
199 198
200 168
200 199
201 200
201 170
202 171
202 201
203 202
203 172
203 171
204 173
204 172
205 173
206 205
207 206
208 177
208 207
209 177
209 178
210 179
210 209
211 210
211 180
212 181
212 180
213 182
213 181
214 183
214 182
215 184
216 185
216 184
216 215
217 186
217 185
219 187
219 218
219 188
220 219
221 190
221 220
221 189
222 221
223 222
223 160
224 192
224 193
225 194
225 193
226 225
226 195
227 196
227 195
227 226
228 196
228 197
228 227
229 197
229 198
229 228
230 229
230 198
231 200
232 231
232 201
233 202
233 201
234 202
234 203
234 233
235 203
236 205
237 205
237 236
238 206
238 207
240 209
241 240
241 209
242 211
242 210
243 212
244 212
244 213
245 244
245 213
246 215
246 214
248 217
249 217
250 218
251 220
251 219
252 220
252 221
252 251
253 222
253 221
253 252
254 223
254 253
254 222
255 192
255 254
255 223
256 225
257 225
257 256
257 226
258 227
258 257
258 226
259 227
259 258
259 228
260 259
260 228
260 229
261 260
261 229
261 230
262 230
262 261
263 262
263 231
264 233
264 232
265 234
265 264
265 233
266 235
266 265
267 266
267 235
268 267
269 238
270 238
271 240
271 270
272 241
273 241
273 272
274 243
274 273
275 244
275 243
276 244
276 275
277 245
277 276
277 246
278 247
278 277
279 248
279 247
279 278
280 249
281 280
281 249
281 250
282 281
283 252
283 282
283 251
284 283
285 254
286 254
286 285
286 255
287 224
287 255
287 256
288 257
289 257
289 288
290 258
290 259
291 260
291 259
292 291
292 260
292 261
294 293
295 294
295 264
295 263
296 264
296 295
297 296
297 265
297 266
298 267
298 266
299 298
299 268
300 269
300 268
300 299
301 300
302 301
302 270
303 272
303 271
304 303
304 273
305 304
307 275
307 276
307 306
308 307
308 277
308 276
309 277
310 279
310 309
311 310
311 279
312 281
312 280
312 311
313 312
313 282
313 281
314 283
314 282
314 313
315 283
315 314
315 284
316 315
316 285
316 284
317 285
317 316
317 286
318 317
318 287
318 286
319 287
319 318
319 288
320 288
321 320
321 290
322 290
322 291
323 292
323 291
324 323
324 292
325 324
325 294
326 325
326 295
327 326
327 295
327 296
328 327
328 296
328 297
329 297
330 299
330 329
331 300
332 300
332 331
333 301
333 332
333 302
334 302
334 333
334 303
335 304
335 303
335 334
336 304
337 306
338 307
338 306
339 338
339 308
339 307
340 308
340 309
340 339
341 309
341 310
341 340
342 311
342 341
342 310
343 342
343 312
344 313
344 343
344 312
345 344
346 315
346 314
347 346
348 316
348 317
349 318
350 319
350 349
350 318
351 319
351 288
352 320
352 321
353 321
354 353
354 323
355 354
355 323
356 325
356 324
357 356
357 326
357 325
358 326
358 327
359 328
359 358
360 359
360 328
361 330
362 361
363 362
363 331
364 333
364 363
365 334
366 365
366 335
367 366
367 335
368 367
368 336
369 338
369 368
369 337
370 339
370 369
370 338
371 370
371 340
371 339
372 341
372 371
372 340
373 341
374 373
374 342
374 343
375 343
375 344
375 374
376 345
376 344
377 376
377 345
378 346
378 347
379 378
379 348
380 379
381 349
381 350
381 380
382 350
382 351
383 351
383 352
383 320
383 382
384 352
384 353
385 354
385 384
385 353
386 355
386 354
387 356
387 386
388 357
388 356
389 358
389 357
390 359
390 389
390 358
391 359
391 390
391 360
392 360
392 361
392 391
393 392
393 362
393 361
394 362
395 364
395 363
396 395
396 365
396 364
397 366
398 366
398 397
399 398
399 368
400 399
400 368
400 369
401 400
401 370
401 369
402 370
402 371
403 372
403 402
404 373
405 373
405 374
406 374
406 405
406 375
407 376
407 406
408 376
408 407
408 377
409 378
409 408
410 378
410 379
410 409
411 379
411 380
412 380
412 381
413 381
413 412
413 382
414 383
415 352
415 414
415 384
416 385
417 416
417 386
417 385
418 386
418 417
418 387
419 388
420 419
420 388
421 420
421 389
421 390
422 390
422 391
423 392
424 393
424 392
424 423
425 393
425 394
425 424
426 394
427 396
427 426
428 396
428 397
429 397
429 428
430 429
430 398
431 430
431 399
432 400
433 401
434 433
434 402
434 403
435 403
435 404
436 404
436 435
437 405
437 436
438 437
439 438
439 407
440 409
440 439
441 410
441 409
441 440
442 411
442 441
442 410
443 442
443 411
443 412
444 413
444 443
445 413
445 414
446 445
446 415
447 416
447 446
447 415
448 416
448 417
449 448
449 417
449 418
450 419
450 449
451 450
451 420
452 420
453 452
454 423
454 422
454 453
455 424
455 454
456 455
456 424
457 456
457 425
458 426
458 457
458 427
459 427
459 428
460 459
460 428
460 429
461 429
461 430
464 433
464 432
465 433
465 434
466 465
466 434
466 435
467 436
468 467
469 438
469 468
470 469
470 438
471 440
472 471
472 441
473 442
473 441
473 472
474 442
474 473
474 443
475 443
475 444
475 474
476 444
476 445
476 475
477 445
477 476
477 446
478 447
478 477
478 446
479 447
479 478
480 449
481 480
481 450
481 449
482 450
482 481
482 451
483 451
483 482
483 452
484 452
484 453
484 483
485 484
486 485
486 454
487 456
487 486
487 455
488 457
488 487
489 488
490 489
491 459
491 460
492 460
493 461
493 462
494 493
494 463
495 494
495 464
495 463
496 495
497 466
497 496
497 465
498 497
498 467
498 466
499 467
499 498
499 468
500 499
500 469
501 470
501 500
501 469
502 470
503 472
503 502
503 471
504 473
504 503
504 472
505 474
506 474
507 506
507 476
507 475
508 476
508 477
509 508
509 477
510 478
510 479
512 480
512 481
513 481
513 512
514 482
514 483
515 483
516 485
516 515
516 484
518 517
518 486
519 487
519 488
520 488
520 519
521 490
521 489
522 491
522 490
523 492
523 491
523 522
524 492
524 493
525 493
526 494
527 495
527 526
528 497
528 496
529 528
529 497
529 498
530 499
531 530
531 500
531 499
532 500
532 531
533 502
533 501
534 533
534 503
534 502
535 504
535 503
535 534
536 505
536 535
537 536
538 506
538 507
538 537
539 507
539 538
539 508
540 508
540 539
540 509
541 510
542 511
542 541
543 480
543 512
543 511
545 544
545 513
546 545
546 515
546 514
547 516
548 547
548 517
549 548
550 519
550 549
550 518
551 550
551 520
552 551
552 521
553 522
553 552
554 522
554 553
554 523
555 523
555 554
556 525
556 524
557 525
558 557
558 527
559 527
559 558
560 529
560 559
560 528
561 560
561 530
561 529
563 531
564 532
564 563
565 564
565 533
565 534
566 535
566 565
567 566
568 567
568 537
569 537
570 539
570 538
570 569
571 570
572 571
572 541
573 541
573 542
573 572
574 573
574 542
575 512
575 574
575 544
575 543
577 545
577 576
577 546
578 546
578 577
578 547
579 548
579 547
579 578
580 548
580 549
581 550
582 550
582 551
583 552
583 582
584 583
584 553
585 553
586 585
586 555
587 586
587 556
587 555
588 587
589 588
589 557
590 559
590 589
590 558
592 591
592 560
592 561
593 562
593 592
594 593
594 563
594 562
595 563
595 564
595 594
596 565
597 596
598 597
598 566
598 567
599 568
599 567
599 598
600 569
600 599
600 568
601 570
601 600
601 569
602 601
602 570
602 571
603 572
605 573
605 604
606 574
606 575
606 605
607 576
607 575
608 576
608 577
609 608
609 578
610 609
610 578
611 580
611 610
612 611
612 580
613 612
613 581
614 583
614 613
615 584
615 614
615 583
616 585
616 584
617 616
617 585
618 617
618 587
619 588
620 588
620 619
620 589
621 590
621 589
622 591
622 621
622 590
623 622
623 591
623 592
624 593
624 592
624 623
625 594
625 593
626 595
626 594
626 625
627 596
627 626
627 595
628 596
628 597
629 597
630 599
630 598
630 629
631 630
631 600
632 600
632 601
633 602
633 601
634 603
635 604
635 603
636 604
636 635
636 605
637 605
637 606
638 637
638 607
639 608
639 638
639 576
639 607
640 608
640 609
641 610
642 641
642 611
642 610
643 612
643 642
644 643
644 613
645 644
645 614
646 615
646 645
647 646
647 616
647 615
648 647
648 616
649 617
649 648
650 619
651 650
651 620
652 621
653 652
653 622
654 653
654 623
655 623
655 654
655 624
656 655
656 625
657 626
657 656
658 627
658 626
659 658
659 628
660 629
660 628
661 630
661 629
661 660
662 631
662 630
662 661
663 632
663 662
664 663
665 664
665 634
666 634
667 666
667 636
668 667
668 637
668 636
669 668
669 638
670 638
670 639
670 669
671 639
671 640
671 608
671 670
673 641
674 642
674 673
674 643
675 644
675 643
675 674
676 675
676 645
676 644
677 676
677 645
678 646
678 647
679 647
679 648
679 678
680 679
681 649
681 650
682 650
683 652
683 682
683 651
684 683
684 653
684 652
685 684
686 655
686 685
687 655
688 657
688 687
689 658
689 657
690 659
691 659
691 690
692 691
692 660
693 692
694 693
694 663
694 662
695 664
695 663
695 694
696 695
696 665
697 696
698 667
698 666
698 697
699 668
699 667
699 698
700 699
700 669
700 668
701 700
701 670
701 669
702 671
702 701
703 671
703 640
704 673
705 673
705 704
706 674
706 675
706 705
707 676
707 706
708 707
708 676
709 677
710 679
710 709
711 710
711 680
712 680
712 711
713 681
713 682
713 712
714 682
714 713
715 684
715 683
715 714
716 715
717 716
717 686
718 717
718 686
719 688
719 687
720 688
720 689
720 719
721 690
722 691
722 690
722 721
723 692
723 691
723 722
724 723
724 692
725 694
725 724
725 693
726 694
727 696
727 695
727 726
728 696
728 727
729 728
729 698
730 729
731 700
732 701
732 731
733 702
733 701
733 732
734 702
734 733
735 734
735 703
735 704
735 672
736 705
736 704
737 705
737 706
738 737
738 707
739 707
739 708
739 738
740 708
740 709
740 739
741 709
741 740
742 741
742 710
742 711
743 742
743 712
744 712
744 743
745 713
746 715
746 714
747 716
747 715
748 747
748 716
748 717
749 717
750 718
750 749
751 720
751 719
752 751
752 720
753 721
754 753
754 722
754 723
755 724
755 723
755 754
756 725
756 755
756 724
757 725
757 726
757 756
758 757
758 726
759 727
760 759
760 729
761 760
761 730
762 730
762 731
763 762
763 731
763 732
764 733
764 732
765 764
765 733
765 734
766 765
766 735
766 734
767 736
767 735
767 766
769 738
769 768
769 737
770 769
771 739
771 740
771 770
772 740
772 741
773 772
773 741
774 742
774 773
775 774
775 744
776 775
776 745
777 776
777 745
778 747
779 778
780 749
780 748
781 749
781 780
781 750
783 752
784 783
784 752
785 784
786 754
786 755
787 756
787 755
787 786
788 757
788 787
788 756
789 758
789 788
789 757
790 759
790 758
791 760
791 759
791 790
792 761
792 791
793 792
793 762
794 762
794 793
794 763
795 794
795 764
796 765
796 795
796 764
797 765
798 766
798 797
799 736
799 798
799 768
800 769
800 768
801 769
802 801
802 771
803 802
804 773
804 772
804 803
805 804
805 773
805 774
806 774
806 805
806 775
807 806
808 807
809 808
809 778
810 809
810 778
811 810
811 779
812 811
812 780
814 783
814 782
814 813
815 814
815 783
816 785
816 815
816 784
817 816
817 786
818 787
819 787
819 788
820 819
820 788
821 789
822 790
822 791
823 792
823 791
824 823
824 793
825 793
825 794
826 825
826 794
827 796
827 826
827 795
828 827
828 797
829 798
829 797
829 828
830 798
830 799
830 829
831 768
831 799
831 800
832 801
833 832
833 801
834 803
834 802
834 833
835 803
835 834
836 804
837 836
837 805
837 806
838 837
838 806
839 808
839 807
840 808
840 839
840 809
841 809
841 840
842 841
843 811
844 813
844 812
844 843
846 814
846 815
846 845
847 846
847 816
847 815
849 818
850 849
850 819
850 818
851 850
851 819
851 820
852 821
852 851
852 820
853 822
854 823
854 822
854 853
855 823
855 824
855 854
856 855
856 824
857 856
857 825
858 826
859 828
859 858
860 829
860 828
860 859
861 830
861 860
861 829
862 861
863 832
863 862
863 831
864 833
865 834
865 833
866 865
867 836
867 866
868 867
869 838
869 837
869 868
870 838
870 839
870 869
872 841
872 840
873 872
873 841
874 842
874 843
875 844
875 843
876 845
876 875
876 844
877 845
877 876
877 846
878 846
878 877
878 847
879 847
879 878
880 849
882 851
882 881
883 882
884 852
884 883
885 853
885 854
886 855
886 885
887 886
888 887
888 857
889 857
889 858
890 859
890 889
891 860
891 890
891 859
892 891
892 860
892 861
893 861
893 892
893 862
894 862
894 863
894 893
895 863
895 894
896 864
896 865
897 866
897 865
898 866
899 868
900 869
900 868
901 870
901 900
901 869
902 870
902 901
903 902
903 871
904 873
905 873
905 904
905 874
906 875
906 874
907 875
908 876
908 907
909 877
909 908
909 878
910 879
910 909
910 878
911 880
911 910
913 912
913 881
914 883
915 883
915 884
916 885
916 915
917 886
917 885
918 887
919 918
920 888
921 890
922 890
923 922
923 891
923 892
924 923
924 893
924 892
925 924
925 893
925 894
926 925
926 894
927 926
927 895
927 864
928 897
929 928
929 897
929 898
930 898
931 930
931 900
931 899
932 901
932 900
932 931
934 933
934 902
935 934
936 904
936 935
937 936
937 906
937 905
938 937
938 907
938 906
939 907
939 908
940 908
940 909
941 940
942 911
942 910
943 911
943 942
943 912
944 943
944 913
945 914
945 913
947 946
947 916
948 916
948 947
948 917
949 918
949 917
950 919
950 918
950 949
951 919
951 950
952 951
953 952
953 921
954 953
954 922
954 923
955 924
956 955
956 924
956 925
957 926
957 925
957 956
958 926
959 928
959 927
959 896
960 929
961 930
962 930
963 962
963 931
964 963
965 964
965 934
966 965
966 934
966 935
967 936
967 966
968 937
968 936
969 938
969 937
970 939
970 938
971 970
971 940
972 941
972 971
973 941
973 942
974 942
974 943
975 943
976 944
976 975
977 945
977 976
978 947
978 977
979 947
979 948
980 949
980 948
980 979
981 950
982 981
982 951
984 983
985 953
985 984
986 985
986 955
987 986
987 955
987 956
988 956
988 987
989 988
990 959
990 989
990 958
991 959
991 960
992 960
992 961
992 0
993 962
993 1
993 961
993 992
994 963
994 993
994 962
994 1
995 2
995 964
995 994
995 963
996 995
996 965
996 964
996 3
997 4
997 996
997 965
998 967
998 6
998 5
999 7
999 967
1000 7
1000 8
1000 968
1000 969
1000 999
1001 1000
1001 970
1002 10
1002 970
1002 971
1002 1001
1003 10
1003 972
1004 972
1004 11
1004 973
1004 12
1005 1004
1005 973
1005 12
1005 13
1006 14
1006 1005
1006 975
1007 15
1007 976
1007 1006
1007 975
1008 977
1008 1007
1008 976
1009 1008
1009 977
1009 17
1010 978
1011 980
1011 1010
1011 18
1011 979
1012 980
1012 19
1013 20
1013 982
1013 981
1013 21
1013 1012
1014 982
1014 1013
1015 983
1015 23
1015 22
1016 23
1016 1015
1016 24
1017 986
1017 985
1017 24
1017 1016
1017 25
1018 26
1018 986
1018 1017
1019 988
1019 27
1019 987
1020 988
1020 27
1020 28
1020 989
1021 1020
1021 989
1021 990
1021 28
1022 990
1022 991
1022 1021
1023 1022
1023 960
1023 991
1023 30
1023 31
