32 32
1 0
2 1
3 2
4 3
5 4
6 5
7 6
8 7
10 9
11 10
12 11
15 14
16 15
19 18
20 19
22 21
23 22
24 23
25 24
26 25
31 0
31 30
32 0
32 1
33 32
33 1
34 3
34 2
35 34
35 3
35 4
36 35
36 5
37 36
37 6
37 5
38 6
38 37
39 38
39 7
39 8
40 39
40 8
40 9
41 40
41 10
41 9
42 41
42 11
42 10
43 11
43 42
44 13
45 44
45 13
45 14
46 15
46 14
47 15
47 16
47 46
48 16
49 17
49 18
50 19
51 50
51 20
53 22
53 21
54 22
54 23
54 53
55 23
56 25
56 24
56 55
57 56
58 57
58 27
58 26
59 58
59 27
59 28
60 59
60 28
61 29
62 31
63 31
63 62
63 32
64 32
64 33
65 33
65 64
66 34
66 35
67 36
67 35
68 67
69 68
70 69
71 40
71 70
72 40
72 41
72 71
73 41
73 42
73 72
74 43
74 73
74 42
75 74
75 44
76 44
76 45
76 75
77 46
78 77
78 46
78 47
79 48
79 47
80 79
80 48
81 80
81 50
82 51
82 81
83 51
83 52
83 82
84 53
84 52
84 83
85 53
86 85
86 55
87 86
87 55
88 87
89 57
89 88
89 58
90 59
90 89
91 59
91 90
92 60
92 61
92 91
93 62
94 62
94 93
94 63
95 63
95 94
95 64
96 65
96 64
97 65
97 66
97 96
99 98
99 67
100 69
100 68
101 100
102 70
103 72
104 103
104 72
105 73
105 74
106 75
106 105
107 76
107 106
107 75
108 77
109 77
110 79
110 78
111 110
111 79
112 111
112 80
112 81
113 81
113 112
114 83
114 113
115 84
115 114
115 83
116 115
116 85
116 84
117 116
117 85
117 86
118 117
118 87
119 118
119 88
119 87
120 119
120 89
120 88
121 89
121 90
122 91
122 90
124 92
124 123
125 93
125 124
125 94
126 125
127 96
127 95
127 64
129 97
129 98
129 128
130 129
130 99
131 99
131 130
133 101
133 132
134 103
134 102
135 104
135 134
136 105
137 105
137 106
137 136
138 107
138 106
138 137
139 138
139 107
139 108
140 139
140 108
141 109
141 110
142 111
142 110
143 111
144 143
144 113
145 113
146 145
146 114
146 115
147 116
148 116
148 117
149 148
150 118
150 149
151 150
151 119
152 120
152 151
152 121
153 121
153 122
154 153
154 123
154 122
155 124
155 154
156 124
156 125
156 155
157 156
158 157
158 127
159 96
159 128
160 129
161 130
161 129
161 160
162 131
162 130
163 131
163 162
164 133
165 134
165 164
166 135
166 134
167 135
167 136
167 166
168 167
168 136
168 137
169 138
170 169
170 139
170 138
171 170
171 140
172 141
172 171
172 140
173 172
173 141
173 142
174 143
174 142
175 144
175 143
176 175
176 144
177 145
177 146
178 146
179 148
179 178
180 149
180 148
181 180
181 150
181 149
182 150
182 151
182 181
183 182
183 152
183 151
184 152
184 153
185 153
185 154
185 184
186 155
187 155
188 187
188 156
189 158
189 188
189 157
190 158
190 159
190 189
191 190
191 128
191 159
192 161
193 161
193 162
194 163
194 193
195 164
197 165
197 196
198 166
199 198
199 168
200 168
200 199
200 169
201 200
201 170
202 171
203 202
204 173
205 173
205 204
205 174
206 175
206 174
206 205
207 175
207 176
208 207
209 178
209 208
210 178
210 179
211 180
211 179
211 210
212 211
212 180
213 181
213 212
214 213
214 183
216 185
216 215
216 184
217 216
218 217
219 188
219 187
220 188
220 189
221 220
221 189
222 190
223 160
224 193
225 224
225 193
226 195
227 195
228 227
228 196
229 197
229 228
230 229
230 198
231 230
231 199
232 200
232 201
232 231
233 232
233 202
234 233
235 234
235 203
236 205
236 204
237 205
238 206
238 207
238 237
239 208
239 207
239 238
240 208
240 239
241 240
241 210
241 209
242 241
243 242
244 243
244 213
245 214
245 213
245 244
246 214
246 215
246 245
247 246
247 215
248 247
249 218
249 217
250 219
250 218
250 249
251 220
251 219
252 251
252 221
252 220
253 222
254 223
254 253
255 254
255 223
256 225
256 224
257 256
258 227
259 228
259 258
260 228
260 259
260 229
262 230
263 232
263 262
264 233
265 234
265 233
265 264
266 234
266 265
266 235
267 266
267 236
268 236
269 268
270 238
270 239
271 240
271 239
272 241
272 271
273 242
274 242
275 274
275 243
276 245
276 244
277 276
277 245
278 277
279 278
279 247
279 248
280 249
281 249
281 280
282 281
282 250
282 251
284 252
284 283
285 284
285 253
286 254
286 285
286 255
287 224
287 256
288 257
288 256
289 258
289 288
290 289
291 259
292 260
292 291
293 262
293 261
294 262
294 293
294 263
295 264
296 264
296 295
296 265
297 265
297 266
297 296
298 267
298 266
299 268
299 267
299 298
300 268
300 299
301 270
302 271
302 270
303 272
303 271
304 272
304 273
305 273
305 304
305 274
306 305
306 274
307 276
308 277
309 278
309 308
310 309
311 280
311 310
312 281
312 280
312 311
313 282
313 281
314 282
314 313
315 283
315 284
315 314
316 315
316 284
317 286
318 287
319 318
319 256
319 288
320 288
321 289
321 290
322 291
322 290
323 291
324 292
325 294
326 325
326 294
327 326
327 295
328 296
328 327
329 297
329 298
330 298
330 329
330 299
332 300
333 332
334 333
334 303
335 334
336 305
336 335
337 305
337 306
338 307
338 337
338 306
339 308
339 338
340 308
340 309
340 339
341 340
341 309
342 341
343 311
343 342
343 312
344 312
344 313
344 343
345 344
345 313
346 315
346 314
346 345
347 316
348 316
348 317
348 347
349 348
351 350
351 320
351 288
352 321
352 320
353 321
353 322
354 323
354 322
354 353
355 354
356 355
356 324
356 325
357 356
358 327
358 357
359 358
359 327
359 328
360 359
361 329
361 330
362 331
362 361
363 331
363 332
363 362
365 333
365 334
365 364
366 334
366 335
367 366
367 336
368 337
368 367
368 336
369 337
369 338
369 368
370 339
370 338
371 370
371 339
373 341
374 342
374 343
375 374
376 344
377 345
377 346
378 346
378 347
379 347
379 348
379 378
380 379
380 349
381 349
382 381
382 351
383 351
383 352
385 353
386 354
386 355
387 355
387 356
388 357
389 388
389 358
389 357
390 358
390 389
391 360
391 390
391 359
392 391
392 361
393 392
394 363
394 393
395 364
396 395
396 365
397 396
397 365
398 366
398 367
398 397
399 398
400 399
400 368
401 369
401 400
401 370
402 370
402 401
402 371
403 402
403 371
405 404
405 374
406 405
406 375
406 374
407 406
407 375
408 377
408 376
409 377
409 408
409 378
410 379
410 409
411 380
411 379
411 410
412 380
412 411
412 381
413 412
414 413
414 382
414 383
415 384
415 352
415 383
416 385
417 386
418 386
418 417
418 387
419 388
419 418
420 419
421 420
421 389
421 390
422 391
423 422
423 391
424 392
424 393
424 423
425 424
426 425
426 395
426 394
427 396
427 395
428 427
428 396
428 397
429 428
430 399
430 429
430 398
431 399
432 401
432 431
433 432
433 401
434 402
434 433
434 403
435 434
436 405
437 405
438 406
438 437
439 408
440 439
440 409
441 410
441 409
442 411
442 410
443 412
443 411
443 442
444 412
445 414
445 413
446 414
446 445
446 415
447 446
447 415
447 384
448 416
449 417
449 448
450 419
450 418
451 450
451 419
451 420
452 420
452 451
453 421
454 422
454 423
455 424
455 423
456 425
456 455
456 424
457 426
457 456
457 425
458 457
458 427
459 427
459 428
460 459
460 428
461 460
461 429
462 430
463 462
463 432
463 431
464 463
465 464
465 434
465 433
466 434
467 435
468 437
468 467
469 468
469 438
471 439
471 440
472 440
472 471
473 442
473 472
473 441
474 442
474 443
474 473
475 444
475 443
475 474
476 445
476 475
477 446
477 445
478 477
478 446
479 478
479 416
479 448
479 447
480 448
480 449
481 450
482 451
483 452
483 482
483 451
485 454
485 453
486 485
486 455
486 454
487 456
487 486
488 456
489 488
489 458
490 459
491 459
491 490
493 462
494 462
494 463
494 493
495 463
495 494
496 465
496 464
496 495
497 466
497 465
497 496
499 467
500 499
500 468
501 500
501 470
502 501
503 471
504 473
504 472
504 503
505 474
505 473
506 475
506 474
507 476
507 506
507 475
508 476
508 477
509 477
510 509
511 448
511 480
511 510
512 480
512 481
513 512
513 482
514 513
514 482
514 483
515 483
515 484
515 514
516 484
516 485
518 487
519 518
519 488
520 519
521 490
521 489
522 491
523 522
523 491
524 493
524 523
525 494
525 524
526 525
527 496
528 527
528 496
529 497
529 528
530 529
530 498
531 530
531 499
532 531
533 501
533 532
534 503
535 503
536 535
537 536
537 505
538 506
538 507
538 537
539 507
540 509
540 508
541 509
541 540
541 510
542 510
542 541
542 511
543 542
543 512
543 511
544 513
544 512
545 544
545 514
546 514
546 545
547 546
547 516
548 547
548 516
549 517
549 518
550 549
550 519
550 518
551 520
553 552
553 522
554 522
555 554
555 524
556 555
556 525
557 525
558 557
558 527
559 527
559 528
559 558
560 559
560 528
560 529
561 530
562 531
563 532
563 562
563 531
565 564
565 534
566 534
566 535
566 565
568 536
569 568
569 538
569 537
570 539
570 569
571 539
571 570
572 540
572 541
573 572
573 541
574 543
575 543
575 574
577 546
577 576
578 546
579 547
579 578
580 579
580 548
581 550
581 580
581 549
582 551
582 550
582 581
583 552
584 552
584 583
584 553
585 584
585 553
586 555
586 585
587 586
587 556
588 557
588 587
588 556
589 557
589 588
590 558
590 589
590 559
591 560
591 559
592 561
592 591
593 561
593 592
594 563
594 593
595 594
595 564
595 563
596 565
597 566
598 567
599 568
600 599
601 569
601 600
601 570
602 601
602 570
602 571
603 572
603 571
604 573
604 603
605 604
605 574
606 605
606 574
606 575
607 544
608 576
608 577
609 577
609 608
610 609
610 579
611 610
611 579
612 580
612 581
613 582
614 582
614 613
615 584
615 583
616 584
616 585
616 615
617 616
618 586
618 617
619 588
619 587
620 588
620 619
621 620
621 590
622 590
622 621
623 622
623 591
623 592
624 593
624 592
624 623
625 593
625 624
626 594
627 595
627 596
628 627
628 597
628 596
629 598
630 598
630 599
631 630
632 601
633 601
633 602
633 632
634 633
635 603
635 634
635 604
636 604
637 636
637 605
638 637
638 606
638 607
639 576
639 608
641 609
642 610
642 611
643 612
643 642
644 613
644 612
645 613
645 614
646 615
646 645
647 646
648 616
648 617
648 647
649 618
649 648
651 620
652 620
652 651
653 621
653 622
653 652
654 653
654 623
654 622
655 624
656 624
657 625
657 656
658 657
658 627
659 658
660 628
660 629
661 630
661 660
662 630
662 661
662 631
663 662
663 631
663 632
664 633
665 634
665 664
665 633
666 634
666 635
667 635
667 636
668 637
668 636
669 638
670 638
671 670
672 641
673 642
673 672
674 643
674 673
675 644
675 643
676 644
676 645
676 675
677 676
678 677
678 647
678 646
679 648
679 647
680 648
680 649
681 649
681 650
681 680
682 650
683 652
684 653
684 652
685 654
685 684
686 685
686 654
687 655
687 656
688 657
689 688
689 657
689 658
690 689
690 659
690 658
691 660
691 659
692 661
692 691
692 660
693 661
693 692
693 662
694 662
694 663
695 694
695 663
696 664
696 665
696 695
697 666
697 665
697 696
698 697
698 667
698 666
699 668
699 698
700 669
700 668
701 700
702 671
703 671
703 702
704 672
704 673
705 673
706 674
706 675
707 676
707 706
708 676
708 707
708 677
709 708
709 678
709 677
711 710
711 679
711 680
712 680
712 711
713 681
713 682
714 713
714 683
714 682
715 714
715 684
715 683
716 715
716 685
717 685
717 716
718 687
718 686
719 688
719 687
720 688
721 689
721 720
721 690
722 691
722 721
722 690
723 692
723 691
724 723
724 693
724 692
725 693
725 694
726 694
726 725
726 695
727 696
728 696
729 698
730 729
731 700
732 701
732 700
733 701
734 703
734 733
734 702
735 672
735 703
735 704
735 734
736 705
736 704
737 706
737 736
738 737
738 707
739 708
740 739
740 708
740 709
741 740
741 709
741 710
742 741
743 711
743 742
744 743
744 713
745 713
745 744
746 714
746 715
748 716
748 747
748 717
749 748
749 718
750 718
750 719
751 750
751 720
752 751
752 720
753 721
753 722
754 753
754 723
755 723
755 724
755 754
756 725
756 724
757 725
757 756
758 757
758 726
759 727
759 728
759 758
760 759
760 729
761 729
762 731
762 730
763 732
763 731
764 763
764 733
766 765
766 734
767 736
767 735
768 737
768 736
769 768
770 739
770 738
771 740
771 770
772 741
772 740
772 771
773 741
773 742
773 772
774 773
774 743
774 742
775 743
775 774
775 744
776 745
776 775
777 745
777 776
777 746
778 777
778 746
779 748
779 747
779 778
780 748
780 749
781 749
781 750
782 781
782 751
783 782
783 751
783 752
784 752
784 753
785 753
785 784
786 785
786 755
787 756
787 755
787 786
788 757
788 787
788 756
789 788
789 757
789 758
790 758
791 760
791 790
791 759
792 761
792 791
792 760
793 762
793 792
793 761
794 793
795 794
795 763
795 764
796 795
796 765
797 765
797 766
798 767
798 797
799 767
799 736
799 798
800 769
800 768
801 770
801 769
802 771
802 801
802 770
803 772
803 802
803 771
804 803
805 804
805 774
806 775
807 775
807 776
808 777
809 778
809 808
810 809
810 779
812 811
812 780
813 782
814 813
814 783
814 782
815 783
815 784
815 814
816 815
816 785
817 786
817 785
818 787
818 817
818 786
819 818
819 787
820 789
820 819
820 788
821 790
821 789
821 820
822 790
822 821
823 791
823 822
824 792
824 823
824 793
825 793
825 794
826 825
826 794
827 796
827 826
828 827
828 796
828 797
830 799
830 829
831 830
831 768
832 800
832 801
833 801
833 802
833 832
835 804
835 834
836 805
836 804
837 806
838 837
839 838
839 807
840 809
840 808
840 839
841 809
841 810
841 840
842 810
842 841
842 811
843 811
843 842
844 812
844 843
844 813
845 844
845 813
845 814
846 814
847 846
848 847
848 817
848 816
849 817
849 818
850 819
850 849
850 818
851 819
851 850
852 821
852 851
852 820
853 852
854 822
854 853
855 823
855 854
856 824
856 825
857 825
857 826
858 826
858 857
859 827
860 829
860 859
860 828
861 829
861 830
862 831
862 830
862 861
863 800
864 832
865 864
865 833
866 835
866 865
866 834
867 835
868 836
868 867
869 837
869 838
870 869
870 838
871 870
871 840
872 871
872 841
873 842
874 843
874 842
874 873
875 843
875 844
876 845
877 876
878 877
878 847
879 847
879 878
879 848
880 848
880 849
880 879
881 880
882 851
882 850
883 851
883 882
884 853
884 883
885 884
885 853
885 854
886 854
886 885
887 856
887 855
887 886
888 857
888 887
889 858
889 888
890 859
891 859
891 890
892 860
892 861
892 891
893 862
893 892
894 893
896 864
896 865
898 897
899 898
899 867
900 868
900 869
902 871
903 902
904 903
905 874
905 873
905 904
906 875
906 905
906 874
907 875
907 876
908 877
908 907
908 876
909 908
909 877
910 909
911 880
911 910
912 911
912 880
912 881
913 881
913 912
914 883
914 882
914 913
915 914
915 884
915 883
916 885
917 916
917 885
918 886
918 887
918 917
919 918
919 888
920 919
921 890
922 891
923 922
923 891
923 892
924 923
925 924
925 893
925 894
926 894
927 926
927 895
927 896
927 864
928 897
928 896
929 928
929 898
930 899
932 931
932 901
933 902
933 932
936 905
936 935
936 904
937 905
937 906
938 907
939 938
939 908
940 908
941 910
941 940
943 942
943 912
944 943
944 913
944 912
945 944
945 914
946 914
946 915
947 946
947 915
948 917
948 947
948 916
949 917
949 948
950 918
950 919
951 950
951 920
951 919
952 921
952 951
953 952
954 953
954 922
954 923
955 954
956 955
957 926
958 927
959 927
959 928
959 896
960 928
961 929
961 960
961 930
962 930
962 931
963 931
963 962
963 932
964 933
964 932
964 963
965 964
965 934
965 933
966 965
967 935
967 966
967 936
968 937
968 936
969 938
969 937
970 939
970 938
971 940
972 941
972 940
972 971
973 941
973 942
973 972
974 942
975 944
975 974
975 943
976 975
976 945
978 977
978 946
978 947
979 947
979 948
980 948
980 949
980 979
981 949
982 951
983 982
983 952
983 951
984 983
985 984
985 954
985 953
986 955
986 954
987 986
987 956
988 957
988 956
989 958
989 957
990 959
990 989
991 928
991 990
992 961
992 31
993 992
993 0
993 1
993 961
994 962
994 2
994 993
995 964
995 963
995 3
995 994
996 964
996 965
997 965
997 5
997 996
997 966
998 966
998 5
999 967
999 7
1000 969
1001 9
1001 970
1001 8
1002 1001
1002 9
1002 971
1002 10
1003 10
1003 1002
1004 12
1004 11
1004 1003
1004 972
1005 974
1005 973
1005 13
1006 13
1006 975
1006 974
1006 14
1007 975
1007 1006
1007 15
1008 1007
1008 977
1008 15
1009 17
1009 978
1009 977
1010 18
1010 979
1010 1009
1011 979
1011 980
1011 19
1011 18
1011 1010
1012 20
1012 1011
1012 980
1012 19
1012 981
1013 981
1013 982
1014 1013
1015 23
1015 22
1015 984
1015 983
1015 1014
1016 1015
1016 984
1016 985
1017 985
1017 24
1018 25
1018 987
1018 1017
1019 27
1019 26
1019 987
1019 1018
1020 28
1020 989
1020 1019
1020 988
1021 29
1021 28
1022 991
1023 991
1023 960
1023 1022
1023 31
