32 32
1 0
2 1
7 6
8 7
9 8
11 10
14 13
15 14
17 16
18 17
19 18
21 20
22 21
24 23
26 25
30 29
31 0
31 30
32 0
32 1
33 1
33 32
35 4
35 3
36 5
37 36
37 5
38 37
38 7
39 38
39 7
40 39
40 9
41 10
41 9
42 10
43 12
43 11
44 13
45 44
47 16
48 17
48 16
48 47
49 48
49 18
50 49
50 19
50 18
51 20
51 19
51 50
52 20
54 22
54 23
54 53
55 24
55 54
56 25
56 55
57 56
58 57
58 26
58 27
59 58
59 27
59 28
60 59
60 29
61 60
61 30
62 61
62 30
62 31
63 62
63 0
63 32
63 31
64 32
65 64
66 34
66 65
66 35
67 36
67 66
68 67
68 36
69 38
69 37
69 68
70 39
70 38
71 70
71 39
72 40
73 41
73 42
73 72
75 74
75 44
75 43
76 45
76 75
77 45
77 46
78 47
78 77
78 46
79 48
79 47
80 49
80 48
80 79
81 50
82 50
82 51
83 51
83 52
85 54
85 84
86 85
86 54
86 55
87 55
87 86
88 57
88 87
88 56
89 58
89 57
90 59
91 90
91 59
92 61
93 61
93 62
95 64
95 32
95 63
95 94
96 64
96 65
97 65
98 97
99 68
99 98
100 68
101 70
101 69
101 100
102 101
102 70
102 71
103 102
104 73
104 103
104 72
105 73
105 104
105 74
106 75
107 75
107 106
108 76
109 77
109 108
110 78
110 79
111 80
111 110
112 111
112 81
112 80
113 82
113 112
114 83
114 82
114 113
115 114
116 85
116 84
116 115
117 86
117 85
118 117
118 87
118 86
119 88
119 118
120 119
120 88
120 89
121 120
121 90
122 91
123 91
124 123
124 92
124 93
125 94
126 95
127 96
127 64
127 126
127 95
128 97
128 96
129 97
129 98
131 130
131 99
133 132
133 101
134 102
134 103
134 133
135 134
136 135
136 105
136 104
137 105
137 136
138 137
138 106
139 107
139 108
139 138
141 140
141 109
142 141
143 111
144 113
144 112
144 143
146 145
147 146
147 115
148 117
149 118
149 117
149 148
150 118
150 149
151 119
151 150
152 151
152 121
153 122
153 121
154 122
154 123
154 153
155 123
155 154
156 124
156 125
157 126
157 156
158 157
158 126
159 128
159 96
159 158
159 127
160 129
161 160
161 129
162 161
162 130
162 131
163 132
163 131
163 162
164 132
164 163
165 133
165 134
165 164
166 165
166 135
167 136
168 137
168 167
168 136
169 168
169 137
171 140
171 170
172 140
172 141
172 171
173 141
173 172
174 173
174 142
174 143
175 144
175 174
176 144
176 175
177 146
178 146
178 177
179 147
179 148
180 148
181 180
181 150
182 181
183 151
184 152
185 184
185 154
186 185
186 155
186 154
187 186
187 155
188 156
188 157
189 157
189 188
190 189
190 159
191 160
191 159
191 190
192 160
192 161
193 192
193 162
193 161
194 163
194 193
195 164
195 163
196 195
196 164
196 165
197 165
197 196
198 166
198 197
199 168
199 167
200 169
201 200
201 170
201 169
202 170
202 201
203 171
204 172
204 173
204 203
205 173
205 174
206 175
206 174
207 176
207 206
207 175
208 177
208 207
210 209
210 179
210 178
211 210
211 179
212 211
213 181
214 183
214 213
214 182
215 183
215 214
215 184
216 184
216 185
218 186
218 217
219 187
219 188
220 219
221 190
221 189
222 221
223 191
223 192
224 193
224 192
225 224
226 194
227 196
228 197
228 196
229 198
229 197
229 228
231 200
231 199
232 231
232 200
233 232
233 202
234 202
234 233
234 203
235 203
235 204
236 205
236 204
237 205
237 236
238 206
239 208
239 207
240 209
241 240
243 242
244 243
244 213
245 214
246 214
246 245
247 246
248 216
249 217
249 218
249 248
250 218
250 249
251 250
251 219
251 220
252 221
252 251
253 221
253 222
255 224
255 254
256 225
256 224
257 226
257 225
257 256
259 228
259 258
259 227
260 228
260 259
261 230
261 229
262 231
263 231
264 263
264 232
265 264
265 233
266 265
267 235
267 266
268 267
268 236
268 237
269 268
269 238
269 237
270 269
270 239
271 270
272 241
272 240
273 242
273 272
274 243
274 273
275 274
275 243
276 275
276 245
276 244
277 245
278 247
278 246
278 277
279 278
280 249
280 248
281 250
282 250
282 281
282 251
283 251
284 283
284 252
284 253
285 284
287 224
288 256
289 257
289 288
289 258
290 259
291 260
291 259
292 261
293 262
293 292
294 263
294 262
295 264
295 294
295 263
296 265
296 264
297 296
298 297
298 266
298 267
299 298
299 268
300 269
300 299
300 268
301 300
301 270
302 270
302 271
303 302
303 271
303 272
304 273
305 273
305 304
306 305
306 274
307 275
307 306
309 308
309 278
309 277
310 278
310 309
310 279
311 279
311 280
311 310
312 281
312 311
313 312
313 281
314 313
314 282
315 314
315 284
315 283
316 315
316 285
317 316
317 285
318 286
318 317
318 287
319 288
319 256
320 289
321 290
321 320
322 321
322 291
323 322
324 292
325 293
326 294
326 325
326 295
327 295
327 296
327 326
328 296
328 297
329 297
329 298
330 298
330 299
331 330
331 300
332 331
332 301
332 300
333 301
334 333
335 304
336 335
336 305
337 306
337 305
338 337
338 306
339 308
340 339
341 310
342 311
342 310
342 341
343 311
343 312
343 342
345 314
346 315
346 345
346 314
347 346
347 316
348 317
348 347
349 318
349 348
350 349
351 319
351 320
352 320
353 352
353 322
354 323
355 354
356 325
356 355
357 325
357 356
358 326
358 357
359 327
359 328
360 328
360 359
361 330
361 360
362 331
362 330
363 332
363 331
364 332
364 333
364 363
365 334
365 364
366 335
367 366
367 335
368 367
369 337
369 338
370 338
370 339
370 369
371 339
372 371
372 340
372 341
373 342
373 341
374 342
374 343
375 374
375 343
376 345
376 375
376 344
377 346
377 376
378 377
378 347
379 348
380 348
380 349
381 349
381 350
382 381
382 350
383 352
383 351
384 352
384 353
385 353
385 354
385 384
386 355
386 385
387 386
387 356
388 356
388 387
388 357
389 388
389 357
390 389
390 358
390 359
391 359
391 390
391 360
392 360
392 361
392 391
393 362
393 361
394 363
394 362
394 393
395 394
395 363
396 365
396 395
397 366
397 396
398 367
399 367
399 368
399 398
400 369
400 368
401 369
401 370
402 401
402 370
403 402
403 371
404 372
404 373
405 374
406 405
406 374
408 376
408 407
408 377
409 408
409 377
410 379
410 378
410 409
411 380
411 410
412 411
413 382
413 381
413 412
414 413
415 383
415 384
416 384
417 416
417 386
418 417
419 388
419 387
420 388
420 419
420 389
421 389
421 420
422 390
422 391
423 392
423 422
423 391
424 423
424 393
425 394
425 393
426 394
426 395
426 425
427 395
428 427
428 397
429 397
429 428
429 398
430 399
430 429
431 400
431 399
432 400
433 432
434 403
435 403
435 434
435 404
436 435
436 404
437 436
437 405
438 437
438 406
439 407
439 408
439 438
440 439
440 409
441 410
441 440
442 441
442 411
443 442
443 411
443 412
444 443
445 413
446 415
446 445
446 414
447 384
447 415
447 446
448 417
449 448
450 449
450 418
451 420
451 450
452 421
452 451
453 452
453 422
453 421
454 423
455 423
455 454
456 455
456 424
456 425
457 425
457 426
458 457
458 426
459 458
459 427
459 428
460 428
460 459
460 429
461 429
461 430
462 430
463 462
463 432
464 463
464 432
464 433
465 433
465 434
466 465
466 435
467 436
468 436
469 468
469 438
469 437
470 439
470 469
471 439
471 440
471 470
472 471
472 441
472 440
474 443
474 442
474 473
475 474
475 444
475 443
476 445
477 476
477 445
478 477
478 446
479 478
479 447
480 449
480 448
481 449
482 481
483 451
483 482
484 483
484 453
485 484
485 454
486 485
486 454
486 455
487 455
487 456
488 456
489 457
491 460
491 459
491 490
492 460
493 492
493 461
494 493
494 463
495 494
496 465
496 464
498 467
498 466
499 468
499 467
500 499
500 469
501 500
501 470
501 469
502 470
502 501
503 471
503 472
504 472
504 503
505 474
505 504
506 475
507 476
507 475
507 506
508 476
509 478
509 477
509 508
510 509
511 479
511 448
512 480
513 512
514 483
515 483
516 515
516 485
517 485
518 517
519 487
519 518
520 488
521 490
521 489
522 491
523 522
523 491
523 492
524 492
524 523
524 493
525 494
525 524
527 526
528 497
529 497
529 528
530 499
531 500
531 499
531 530
532 500
532 501
533 532
534 503
534 502
535 534
535 503
536 535
536 504
537 506
537 536
538 506
538 507
538 537
539 538
540 509
541 540
541 510
542 510
543 511
543 542
544 513
544 512
545 514
545 513
546 514
546 545
547 515
547 516
547 546
548 517
549 517
549 518
550 518
551 520
551 519
552 551
553 521
553 552
554 553
555 523
555 554
556 555
556 525
557 556
557 525
558 527
558 557
559 527
560 559
561 529
561 560
561 530
562 531
563 532
564 532
564 563
565 534
565 564
566 565
566 534
567 566
567 535
568 537
569 568
569 538
570 539
571 540
571 570
572 571
572 540
573 572
573 542
573 541
574 543
574 542
575 512
575 543
575 574
575 544
576 545
577 576
577 545
577 546
578 547
578 577
579 548
579 547
580 579
580 549
581 549
582 551
582 550
582 581
583 551
584 552
584 583
585 553
585 554
585 584
586 585
586 555
587 555
587 586
587 556
588 557
588 556
588 587
589 557
589 588
589 558
590 559
591 590
591 560
593 592
593 561
593 562
594 562
595 563
595 564
596 564
597 565
597 566
597 596
598 567
598 597
599 567
600 569
601 570
601 569
602 601
602 571
603 571
603 572
603 602
604 572
605 604
605 574
606 605
607 575
607 576
607 544
608 576
609 578
609 608
609 577
610 578
611 579
611 610
612 580
613 612
613 581
613 582
614 613
614 583
615 583
615 584
615 614
616 584
616 615
616 585
617 585
617 586
618 586
618 617
620 589
621 589
622 590
623 622
624 623
625 594
625 624
626 594
627 626
627 596
628 597
629 628
629 598
630 629
630 599
631 630
631 599
632 601
633 632
633 601
633 602
634 603
634 633
635 603
635 604
636 605
637 605
637 606
637 636
638 606
638 607
638 637
639 607
639 608
639 638
640 608
640 609
641 609
641 640
642 610
643 642
643 611
644 613
644 612
644 643
645 613
645 614
645 644
646 614
646 615
647 616
647 646
648 616
648 617
649 618
649 617
650 649
650 618
650 619
651 650
651 620
651 619
652 651
653 621
653 652
654 653
654 622
655 654
655 623
655 624
656 625
656 624
657 656
657 625
658 657
658 627
659 628
660 628
660 629
661 630
662 631
663 632
663 662
663 631
664 632
664 663
665 664
666 665
666 635
667 666
668 636
668 667
669 637
670 639
670 669
671 608
671 639
672 640
672 641
673 642
673 641
673 672
674 673
674 643
675 643
676 675
676 644
676 645
677 646
678 647
680 649
680 648
680 679
681 649
681 650
683 651
684 653
684 683
685 654
685 684
685 653
686 654
686 685
687 655
687 656
688 687
688 656
689 658
689 688
690 689
690 658
691 660
692 691
692 661
692 660
693 662
693 692
694 693
695 664
695 663
695 694
696 695
696 665
696 664
697 696
697 665
697 666
698 666
698 667
698 697
699 668
701 669
703 640
703 671
704 673
705 704
706 674
706 705
707 676
707 706
707 675
708 677
709 678
710 709
710 678
710 679
711 710
711 680
711 679
712 681
713 681
713 682
714 682
715 683
716 715
716 684
716 685
717 716
717 686
718 686
718 717
719 687
719 688
719 718
720 688
720 689
721 690
721 689
722 721
722 691
722 690
723 722
724 723
724 693
725 693
726 694
726 725
726 695
727 726
727 695
727 696
728 727
728 697
728 696
729 697
729 728
729 698
730 699
730 698
730 729
731 700
731 699
733 732
734 703
734 702
735 672
735 704
735 703
735 734
736 704
737 705
738 706
738 737
739 708
739 738
740 708
740 709
740 739
741 740
741 709
742 710
742 741
743 742
743 711
744 713
744 743
744 712
745 713
745 714
746 745
746 714
747 746
747 716
747 715
748 717
748 747
749 717
749 718
749 748
750 719
750 749
750 718
751 720
751 750
752 721
752 720
753 721
753 752
753 722
754 753
755 724
755 754
756 724
756 755
756 725
757 756
757 725
758 727
759 758
759 728
759 727
760 728
760 759
761 729
761 760
762 761
763 762
764 733
765 733
766 765
766 734
767 736
767 704
768 737
769 738
769 768
770 738
770 739
770 769
772 771
772 741
772 740
773 741
774 742
774 773
774 743
775 744
775 774
775 743
776 745
777 776
777 746
777 745
778 747
778 777
779 747
779 748
780 749
780 748
781 750
783 782
783 752
783 751
784 753
784 752
786 755
786 785
786 754
787 755
787 756
787 786
788 787
788 757
790 789
790 759
791 760
792 761
792 760
793 762
793 792
794 762
794 763
795 764
796 795
797 766
797 796
798 766
799 767
799 798
799 736
800 768
800 769
801 770
804 803
804 773
804 772
805 774
806 775
806 805
806 774
807 776
807 775
808 777
809 808
810 809
810 778
811 810
812 781
812 780
812 811
813 782
813 812
814 783
814 782
814 813
816 784
816 785
816 815
817 786
817 816
818 787
818 817
819 787
819 788
820 788
821 820
821 789
822 790
822 791
823 822
823 792
824 792
825 824
825 794
826 795
827 796
827 795
827 826
828 827
829 798
829 797
830 798
830 799
831 800
831 768
832 800
832 801
833 801
833 832
834 802
834 833
835 803
835 834
836 835
837 806
837 805
838 807
838 806
839 807
839 838
839 808
840 839
840 808
840 809
841 840
841 810
841 809
842 811
842 841
843 811
843 842
846 814
847 815
847 846
848 817
848 847
849 817
849 818
850 849
851 850
851 820
852 851
852 820
853 852
854 823
854 822
855 823
855 854
856 824
856 825
857 826
857 825
857 856
858 857
858 827
859 827
859 828
860 829
860 828
861 830
862 831
862 830
862 861
863 832
863 831
865 834
865 864
866 835
867 835
868 867
868 837
869 837
869 838
870 869
870 839
871 840
871 839
871 870
872 840
872 841
873 841
873 842
874 843
875 843
875 874
876 844
877 876
879 878
879 848
880 879
880 848
881 850
881 880
882 850
883 882
883 852
883 851
884 853
884 852
885 854
885 853
885 884
886 854
886 855
887 886
887 855
888 857
888 887
888 856
889 858
890 889
890 858
891 859
891 890
891 860
892 891
892 860
893 861
893 892
894 893
894 862
894 863
895 832
895 863
896 864
897 896
897 865
897 866
898 866
898 897
899 898
900 868
900 869
901 870
902 901
902 870
903 902
904 873
904 872
905 904
905 873
906 905
907 906
907 876
907 875
908 907
908 877
909 878
910 909
910 879
911 880
911 879
911 910
912 911
914 882
914 883
914 913
915 883
915 884
916 915
916 885
917 886
917 916
918 886
918 887
919 888
919 918
920 888
920 889
921 889
922 921
922 890
923 891
923 892
924 892
924 893
924 923
925 894
926 895
926 894
927 896
927 864
929 898
930 898
930 929
931 900
931 930
931 899
934 903
934 933
935 903
935 904
936 904
936 935
937 936
937 906
938 937
939 938
939 908
940 908
940 909
940 939
941 910
941 909
941 940
942 911
942 910
942 941
943 912
943 911
943 942
944 912
945 913
945 944
946 915
946 914
948 947
949 918
949 917
949 948
950 949
950 919
951 919
952 921
952 920
953 952
953 922
953 921
954 923
954 922
955 924
956 924
956 925
957 926
957 925
958 926
958 927
958 957
959 958
960 928
961 930
961 960
961 929
962 930
962 961
963 932
963 962
965 964
965 933
966 934
967 935
967 966
967 936
968 967
968 937
968 936
969 968
969 938
970 939
971 940
971 939
972 940
972 971
972 941
973 941
973 972
974 942
974 943
975 944
975 943
975 974
976 975
976 945
976 944
977 946
977 976
978 946
978 947
979 978
979 947
981 980
981 949
982 950
983 952
983 951
984 953
984 983
985 954
985 953
986 985
987 986
987 955
987 956
988 956
988 987
989 958
989 957
990 958
990 989
991 990
992 960
992 31
993 992
993 962
993 961
994 2
994 962
994 963
994 993
994 1
995 963
995 3
995 2
996 3
996 964
996 4
996 995
997 996
998 5
998 966
998 997
999 968
999 7
999 967
999 6
1000 968
1000 7
1001 9
1001 969
1001 970
1002 9
1002 1001
1002 970
1002 971
1003 11
1003 1002
1004 12
1004 11
1004 973
1005 12
1005 13
1005 1004
1006 975
1006 14
1006 13
1007 1006
1007 15
1007 975
1007 14
1008 15
1008 976
1008 16
1009 16
1009 978
1009 17
1010 1009
1010 17
1010 18
1010 978
1011 979
1012 20
1012 19
1012 980
1012 1011
1013 20
1013 981
1013 1012
1013 21
1014 21
1014 983
1015 1014
1015 983
1016 23
1017 24
1017 986
1017 25
1017 985
1018 26
1018 987
1018 1017
1018 25
1019 26
1019 27
1019 1018
1020 989
1020 28
1020 27
1020 1019
1021 29
1021 28
1021 1020
1021 990
1022 30
1022 1021
1022 991
1022 990
1023 1022
1023 991
1023 960
