32 32
1 0
2 1
3 2
4 3
5 4
7 6
10 9
11 10
12 11
13 12
15 14
17 16
18 17
21 20
23 22
24 23
26 25
28 27
29 28
30 29
31 30
31 0
32 1
34 3
34 2
34 33
35 4
35 34
35 3
36 4
37 36
37 6
38 7
39 8
39 38
40 39
40 8
41 40
41 9
41 10
42 11
42 10
43 42
43 11
44 43
44 12
44 13
45 13
45 14
45 44
47 46
47 15
47 16
48 16
48 47
48 17
49 17
49 18
50 18
50 19
50 49
51 20
51 50
52 51
52 21
53 22
53 21
54 53
54 23
54 22
55 54
55 23
56 24
56 25
57 25
57 26
57 56
58 57
58 26
59 58
59 28
59 27
60 29
60 28
61 30
61 60
63 62
63 0
63 31
63 32
64 33
65 64
65 34
66 35
66 34
67 66
67 36
68 67
68 36
69 68
69 37
69 38
70 38
73 72
73 41
74 42
74 43
75 74
75 44
75 43
76 44
76 45
77 45
77 76
78 47
79 47
79 48
80 49
80 48
80 79
81 50
81 49
81 80
82 50
82 81
83 51
83 82
84 53
84 52
85 53
86 54
86 55
86 85
87 56
87 55
87 86
88 56
88 57
88 87
89 88
89 58
90 59
90 58
91 60
91 90
91 59
92 91
92 60
93 62
93 92
93 61
94 63
94 93
95 63
95 94
95 32
96 64
96 65
97 65
98 97
99 98
100 69
100 99
101 100
101 69
101 70
102 70
102 71
103 72
103 71
104 72
104 103
105 104
105 73
106 75
107 76
107 106
107 75
108 77
108 76
109 108
109 78
110 78
110 79
111 80
111 110
112 111
113 112
114 113
114 83
115 83
115 114
116 84
117 85
117 116
118 86
118 87
118 117
119 118
119 88
120 89
121 90
121 120
121 89
122 91
122 90
123 91
123 92
123 122
124 123
124 92
125 94
125 124
126 125
126 94
126 95
127 96
127 126
127 95
128 97
129 128
129 97
129 98
130 129
130 99
131 99
131 100
132 131
132 101
133 101
133 132
133 102
134 103
134 133
135 134
135 104
136 104
136 105
137 136
137 105
137 106
138 106
138 107
138 137
139 138
139 108
139 107
140 139
140 108
141 110
141 140
141 109
142 111
142 141
143 112
143 142
143 111
144 112
144 113
144 143
145 114
145 144
146 114
146 145
146 115
147 115
147 146
147 116
148 147
148 116
149 118
150 149
150 118
151 150
151 120
151 119
152 121
152 151
153 122
153 152
154 123
154 122
155 154
155 124
156 155
157 156
157 126
157 125
158 157
158 126
159 96
159 127
159 158
159 128
160 128
160 129
161 129
161 160
162 131
162 130
162 161
163 131
163 132
163 162
164 133
164 132
165 133
165 164
167 136
167 166
168 137
168 136
168 167
169 137
169 138
169 168
170 138
170 139
171 140
171 139
171 170
172 140
172 171
172 141
173 141
174 173
175 174
176 175
176 144
176 145
177 176
177 145
178 177
178 147
179 148
179 178
180 179
181 150
181 180
182 151
183 151
183 182
183 152
184 183
184 153
184 152
185 154
186 155
186 185
187 155
187 186
188 156
189 158
189 157
189 188
191 159
191 190
191 128
191 160
192 161
192 160
193 162
194 162
194 193
194 163
195 163
195 194
196 195
196 164
197 196
197 165
197 166
198 166
199 167
199 168
200 168
200 199
201 169
201 200
201 170
202 171
202 170
202 201
203 171
203 172
203 202
204 203
204 172
205 204
205 174
205 173
206 205
206 174
206 175
207 176
207 206
208 207
208 177
208 176
209 177
209 208
209 178
210 209
210 179
211 180
211 179
212 211
213 182
213 181
214 213
214 183
215 214
215 183
215 184
216 185
216 215
216 184
217 186
217 185
218 186
218 217
218 187
219 188
219 187
219 218
220 219
220 189
221 220
221 189
221 190
222 190
222 191
223 191
223 192
223 222
224 192
224 193
225 224
226 195
226 225
227 195
228 196
228 197
228 227
229 228
230 229
230 199
230 198
231 199
231 230
231 200
232 201
232 231
233 201
233 232
234 202
234 203
234 233
235 204
236 204
236 205
237 206
237 205
237 236
239 207
239 208
241 210
241 209
242 210
242 241
243 211
244 243
244 213
245 214
245 244
245 213
246 214
246 245
246 215
247 215
248 247
249 248
249 218
250 249
250 219
250 218
251 219
251 220
251 250
252 220
252 251
253 221
254 222
255 224
255 223
255 254
255 192
256 225
257 256
257 225
258 226
258 257
258 227
259 228
259 258
259 227
260 229
260 228
260 259
261 230
261 260
261 229
262 261
262 231
262 230
263 232
264 233
264 232
265 233
265 264
266 265
266 234
266 235
267 236
268 236
268 237
269 268
269 237
269 238
270 269
271 270
271 239
272 240
272 271
273 242
273 241
274 242
274 243
274 273
275 243
276 245
277 245
277 276
277 246
278 246
279 248
279 278
280 249
280 279
282 250
282 281
282 251
283 251
283 252
284 252
284 253
285 284
286 254
287 224
287 255
288 256
288 257
289 257
290 258
290 289
290 259
291 290
291 259
292 291
292 260
292 261
293 261
293 292
293 262
294 263
294 262
294 293
295 263
295 294
295 264
296 264
296 265
297 296
297 266
298 266
298 297
299 267
299 268
300 299
301 270
301 300
301 269
302 270
302 301
303 271
304 272
304 273
304 303
305 274
305 273
305 304
306 274
306 305
306 275
307 275
307 276
308 276
308 307
308 277
309 308
309 277
309 278
310 279
310 278
311 280
311 310
312 311
312 281
312 280
313 312
313 281
314 282
314 313
314 283
315 284
315 283
315 314
316 315
316 284
317 286
318 286
318 287
319 318
319 256
320 289
320 288
321 289
321 320
322 291
322 321
323 292
324 292
324 293
325 293
326 325
327 296
327 295
327 326
328 297
329 298
329 328
330 299
331 300
331 299
331 330
332 300
332 301
333 302
333 332
333 301
334 333
335 303
335 334
335 304
336 335
337 306
338 306
338 337
338 307
339 338
339 307
339 308
340 339
340 309
340 308
341 340
341 309
341 310
342 311
342 341
343 311
343 312
344 313
344 312
345 313
345 314
346 345
346 315
347 316
347 346
348 317
348 347
348 316
349 348
349 317
349 318
350 349
350 318
350 319
351 288
352 320
352 321
353 322
353 352
354 322
354 353
354 323
355 323
355 354
355 324
356 355
356 324
356 325
357 326
357 325
358 327
358 326
359 358
359 328
360 329
361 360
361 330
361 329
362 330
362 361
363 331
363 362
363 332
364 333
364 363
364 332
365 334
365 364
366 365
366 334
367 335
367 336
368 367
368 337
368 336
369 338
369 337
370 339
370 369
371 339
371 340
373 372
373 342
373 341
374 343
374 342
375 374
375 343
376 345
376 344
377 346
377 376
378 347
378 346
378 377
379 378
379 348
379 347
380 349
380 348
380 379
381 380
381 350
381 349
382 350
382 381
382 351
383 320
383 382
383 352
383 351
384 353
384 352
385 354
385 384
385 353
386 385
386 354
386 355
387 355
387 386
387 356
388 357
388 387
389 388
389 357
391 359
391 390
392 360
393 392
393 361
394 362
394 363
394 393
395 363
395 394
395 364
396 395
396 364
396 365
397 366
398 367
399 398
399 368
399 367
400 368
400 399
400 369
401 369
403 402
404 403
404 372
405 374
406 375
407 375
407 376
407 406
408 376
409 378
409 377
410 379
410 378
411 410
411 379
411 380
412 380
412 411
413 382
413 412
414 382
414 413
414 383
415 383
415 384
415 352
416 384
416 385
417 386
417 385
418 386
419 387
419 418
420 389
420 419
421 420
421 390
421 389
422 421
422 390
423 391
423 422
424 423
424 392
424 393
425 393
425 394
426 394
426 395
427 426
427 396
428 397
429 398
429 428
430 399
430 398
431 400
431 399
431 430
432 400
432 431
433 402
433 401
434 433
434 402
435 434
435 403
435 404
436 405
436 404
436 435
437 405
437 436
437 406
438 407
438 406
438 437
439 408
440 409
441 410
441 409
441 440
442 411
442 410
443 411
443 442
443 412
444 443
444 413
446 414
447 446
447 416
447 384
448 417
448 416
449 418
450 418
450 449
451 419
451 450
451 420
452 451
452 421
452 420
453 452
453 421
453 422
454 453
454 422
454 423
455 423
455 454
455 424
457 456
457 425
458 426
458 457
458 427
459 427
460 459
460 428
461 460
461 430
462 430
462 431
463 431
463 432
464 433
464 432
465 433
465 464
465 434
466 435
467 466
467 436
468 467
469 468
469 438
469 437
470 438
471 440
472 441
473 442
473 472
473 441
474 442
474 443
475 444
476 475
476 445
476 444
477 446
477 476
478 447
478 446
479 448
480 449
481 449
481 450
481 480
482 451
482 481
483 451
483 482
484 483
484 453
485 454
485 453
485 484
486 455
486 454
487 456
487 455
487 486
488 487
488 456
488 457
489 488
489 457
489 458
490 489
490 459
491 459
491 490
491 460
492 461
492 460
492 491
494 462
494 493
495 464
495 494
496 495
496 465
496 464
497 466
497 465
497 496
498 467
499 498
499 468
499 467
500 499
500 469
501 469
501 500
502 501
502 470
503 502
503 472
503 471
504 472
504 473
504 503
506 474
506 505
506 475
507 476
508 507
508 477
508 476
509 477
509 508
510 478
510 479
510 509
511 448
512 480
513 482
513 481
513 512
514 513
514 483
515 484
515 483
515 514
516 485
516 515
517 485
517 516
518 486
518 517
519 488
519 487
519 518
520 519
520 489
520 488
521 490
521 520
522 491
523 522
523 491
524 493
524 492
525 524
525 494
525 493
526 495
526 494
527 496
527 495
527 526
528 497
528 496
528 527
530 529
532 531
532 500
532 501
533 502
533 532
534 503
534 502
535 534
535 503
535 504
536 535
537 536
537 505
537 506
538 506
538 537
539 508
539 538
540 509
540 539
540 508
541 540
541 509
541 510
542 541
542 510
542 511
543 480
543 511
543 542
543 512
544 513
545 514
545 513
546 515
546 545
546 514
547 546
548 517
548 516
549 517
549 518
549 548
550 549
550 519
550 518
551 520
551 550
552 521
552 551
552 520
553 521
553 552
554 522
554 553
555 524
555 554
556 524
556 555
557 525
558 526
558 557
559 527
559 558
559 528
560 559
560 528
561 530
561 560
562 531
562 561
563 562
563 531
563 532
564 532
564 563
565 564
566 535
566 534
566 565
567 566
567 536
567 535
568 537
568 536
568 567
569 537
569 568
569 538
570 538
571 539
571 540
572 541
572 540
573 572
573 542
573 541
574 542
574 573
575 544
575 512
575 543
575 574
576 545
577 576
577 545
579 547
579 578
580 579
581 580
582 551
584 583
584 553
584 552
585 553
586 585
587 556
587 586
588 556
588 587
589 588
589 557
589 558
590 589
591 559
591 590
592 560
593 562
593 592
594 562
594 593
594 563
595 563
596 595
596 565
596 564
597 596
597 565
597 566
598 567
599 568
599 567
600 569
601 600
601 570
601 569
602 601
602 570
603 572
603 602
604 603
604 573
604 572
605 573
605 574
606 575
606 605
607 575
608 577
608 576
609 577
610 578
610 609
612 580
612 611
612 581
613 581
613 582
614 583
614 613
614 582
615 614
616 584
616 585
617 586
617 585
618 617
618 587
619 588
619 618
619 587
620 588
620 619
620 589
621 589
622 590
622 621
623 622
623 591
623 592
624 592
624 623
625 593
626 625
626 594
626 595
627 595
627 626
627 596
628 596
628 627
630 599
630 629
631 599
632 601
632 600
633 602
633 632
633 601
634 603
634 633
635 603
635 604
636 604
636 605
637 636
637 606
638 637
638 606
639 607
639 638
639 576
640 608
641 640
641 610
641 609
642 611
642 610
642 641
643 611
643 642
644 643
644 613
645 644
645 614
645 613
646 615
646 645
646 614
647 646
647 616
648 616
648 617
648 647
649 617
649 618
650 618
650 619
650 649
651 620
652 651
653 652
653 621
653 622
654 623
654 653
655 624
655 623
656 624
657 626
657 625
658 657
658 626
658 627
659 658
659 628
660 629
661 629
662 631
663 632
664 633
665 634
665 664
665 633
666 634
666 635
666 665
667 636
667 635
668 636
669 668
669 638
669 637
670 639
671 640
671 670
671 608
671 639
673 672
673 642
673 641
674 643
674 673
677 646
677 676
677 645
679 678
679 647
680 648
680 679
680 649
681 680
682 651
682 650
682 681
683 652
683 682
684 653
684 683
685 684
685 653
686 654
686 655
686 685
687 655
687 686
688 656
689 657
689 688
690 658
690 659
690 689
691 660
691 690
691 659
692 660
692 691
693 662
693 661
693 692
694 693
694 663
695 694
696 665
696 695
697 665
697 666
697 696
698 697
698 666
699 698
699 667
699 668
701 670
701 700
702 701
702 671
702 670
703 672
703 671
703 702
704 672
704 673
705 704
705 674
706 674
706 705
706 675
707 706
707 676
707 675
708 707
708 676
708 677
709 708
709 678
710 678
710 679
710 709
711 710
711 680
712 711
712 680
712 681
713 681
713 682
714 713
714 683
716 715
716 684
717 716
718 686
718 717
718 687
719 688
719 687
719 718
720 719
720 688
720 689
721 690
721 689
722 721
722 690
722 691
723 691
723 722
724 692
725 724
725 693
725 694
726 725
726 695
727 695
727 696
728 696
729 728
729 698
730 729
730 699
730 698
731 730
731 700
732 700
732 731
733 732
733 702
734 702
734 733
735 703
735 672
735 704
736 704
736 705
737 736
737 706
738 706
738 707
739 708
739 738
740 739
740 709
741 710
741 709
741 740
742 711
742 710
743 711
743 712
744 712
744 743
745 744
745 713
746 745
748 747
748 717
749 748
749 718
750 719
750 749
750 718
751 720
752 751
752 720
753 752
753 721
754 723
755 723
755 724
756 725
756 724
757 726
757 725
757 756
758 727
758 757
760 759
760 728
761 729
761 760
762 730
762 761
763 762
763 731
764 733
765 733
765 764
765 734
766 765
767 766
767 735
768 737
768 736
769 738
769 737
769 768
770 738
770 769
770 739
771 770
771 740
771 739
772 771
772 740
772 741
773 742
773 741
773 772
774 773
774 743
775 744
776 745
776 744
776 775
778 747
778 777
779 747
779 748
780 748
780 749
781 749
782 781
782 751
783 752
783 782
784 752
785 784
786 785
786 755
786 754
787 755
787 786
788 787
789 757
789 788
790 789
790 759
790 758
791 760
791 790
791 759
792 761
792 760
793 792
794 793
794 762
795 763
795 794
795 764
797 796
797 765
797 766
798 797
798 767
798 766
799 768
799 798
799 736
799 767
800 769
800 768
801 770
801 769
802 771
803 772
803 771
805 774
805 804
805 773
806 805
806 774
806 775
807 776
807 775
807 806
808 777
808 776
808 807
809 808
809 778
809 777
810 779
810 809
811 779
811 780
812 781
813 781
813 812
814 783
814 813
816 785
817 786
817 816
818 786
818 787
818 817
819 787
820 788
821 820
821 790
822 821
822 791
822 790
823 791
823 822
823 792
824 793
824 823
825 824
825 794
826 795
826 794
826 825
827 796
827 795
827 826
828 796
828 797
829 828
829 797
830 799
830 798
831 799
831 800
831 830
832 800
832 801
833 801
834 803
834 833
835 804
835 834
836 805
836 804
837 836
838 806
838 837
839 838
839 808
840 808
841 809
841 840
842 810
842 841
843 811
843 812
843 842
844 843
845 814
845 844
845 813
846 845
846 815
846 814
847 816
847 846
848 817
849 848
849 817
850 818
850 819
850 849
851 850
851 820
852 851
852 820
853 852
853 822
853 821
854 822
854 823
854 853
855 824
856 855
856 824
856 825
857 826
858 857
858 826
859 828
859 858
859 827
860 859
860 829
860 828
861 829
861 860
861 830
862 831
863 862
863 800
863 832
864 832
864 833
865 864
867 836
867 835
867 866
868 837
869 838
870 838
870 839
871 839
871 840
871 870
872 840
872 871
873 872
873 842
873 841
874 843
874 873
874 842
875 874
876 844
876 875
877 846
877 845
877 876
878 847
878 877
879 848
879 878
879 847
880 849
880 848
881 880
881 849
882 851
882 850
882 881
883 852
884 883
884 852
885 854
885 853
885 884
886 885
886 855
886 854
887 886
887 856
888 856
888 857
888 887
889 858
889 857
890 889
890 859
890 858
891 859
891 860
891 890
892 861
892 891
892 860
893 892
893 862
894 893
894 862
894 863
895 863
895 894
895 864
896 865
896 864
897 865
897 896
897 866
898 897
898 866
899 898
899 867
899 868
900 869
900 868
900 899
902 901
902 870
903 871
903 872
903 902
904 872
904 873
905 874
905 873
905 904
906 874
906 875
907 906
907 876
907 875
908 877
908 876
908 907
909 877
909 908
909 878
910 878
910 879
911 880
912 881
912 880
913 912
913 882
914 882
914 883
915 883
915 914
915 884
916 884
917 885
917 916
917 886
918 887
918 917
919 888
919 887
920 888
921 890
921 889
922 891
922 890
922 921
923 891
923 922
924 892
925 894
925 893
926 894
926 925
926 895
927 864
927 896
928 897
930 898
931 900
931 899
932 901
932 931
932 900
933 902
933 901
933 932
934 933
934 902
935 904
935 934
936 904
936 905
937 936
937 906
937 905
938 907
938 937
939 907
940 908
940 939
940 909
941 940
941 910
942 941
943 912
943 911
944 943
944 912
944 913
945 914
946 914
946 915
946 945
947 915
948 947
948 916
949 917
949 918
949 948
950 918
950 919
950 949
951 950
952 920
953 952
953 922
953 921
954 922
954 923
955 923
955 924
956 925
956 924
956 955
957 956
958 926
959 928
959 958
959 927
960 928
960 929
961 960
961 929
962 961
962 930
963 932
963 962
964 932
964 933
964 963
965 933
966 935
967 935
967 936
968 937
969 968
969 938
970 969
971 939
971 940
972 971
972 941
973 941
973 972
973 942
974 973
975 974
976 945
976 944
977 945
977 946
978 947
978 977
978 946
979 947
979 978
979 948
981 949
981 950
982 981
982 951
983 952
983 982
983 951
984 983
984 953
985 953
985 954
986 985
986 955
987 986
987 956
987 955
988 956
988 957
988 987
989 988
989 958
991 959
991 960
991 928
992 960
992 961
992 0
992 31
993 962
993 0
993 992
994 2
994 1
994 962
995 994
995 3
995 963
996 964
996 4
996 3
996 995
996 965
997 4
997 5
997 996
997 966
998 5
998 967
999 967
999 7
999 6
999 998
1000 7
1000 8
1000 969
1000 999
1000 968
1001 1000
1001 8
1002 9
1002 970
1002 10
1003 10
1004 972
1004 12
1004 973
1004 11
1005 1004
1005 13
1006 1005
1006 14
1006 13
1007 15
1007 975
1007 14
1008 1007
1008 15
1008 977
1009 978
1009 1008
1009 977
1009 17
1010 18
1010 1009
1010 978
1010 979
1010 17
1011 980
1011 979
1011 19
1012 980
1012 1011
1012 981
1012 19
1012 20
1013 982
1013 1012
1013 20
1014 21
1014 983
1014 1013
1014 982
1015 22
1015 1014
1015 23
1016 985
1016 1015
1016 984
1016 24
1017 25
1017 986
1017 24
1017 1016
1018 1017
1018 26
1018 986
1019 27
1019 988
1020 988
1020 1019
1020 989
1021 990
1021 28
1021 989
1021 29
1022 1021
1022 991
1023 960
1023 992
1023 30
