32 32
1 0
3 2
4 3
5 4
7 6
8 7
9 8
11 10
12 11
13 12
15 14
16 15
18 17
19 18
20 19
21 20
23 22
24 23
25 24
26 25
28 27
29 28
31 0
33 2
34 33
35 34
36 5
36 4
37 5
37 6
37 36
38 6
38 37
38 7
39 38
39 7
40 8
41 10
41 9
41 40
43 11
43 42
44 13
44 43
45 13
45 14
46 14
46 15
47 46
47 16
48 47
49 18
49 17
49 48
50 49
50 19
52 20
52 21
53 21
53 22
54 23
55 54
55 24
55 23
56 25
56 24
57 56
57 26
58 27
58 57
59 27
59 28
59 58
60 28
60 29
61 60
61 29
61 30
62 61
62 31
62 30
63 31
63 0
63 62
64 32
65 33
65 34
65 64
66 35
67 66
68 67
69 37
69 38
69 68
71 39
71 70
72 40
72 41
73 72
74 42
74 73
74 43
75 74
75 44
76 75
76 45
76 44
77 76
77 45
78 77
78 46
79 48
79 47
79 78
80 79
80 49
81 49
81 50
81 80
82 50
83 82
83 52
84 53
85 84
85 53
85 54
86 85
87 55
88 57
88 56
89 88
90 89
90 58
91 90
91 60
91 59
92 60
92 91
92 61
93 61
94 93
94 62
94 63
95 63
95 32
95 64
96 64
97 66
98 67
98 66
98 97
99 67
99 98
99 68
100 69
101 100
102 101
102 70
103 102
104 73
104 72
104 103
105 104
105 74
106 74
106 75
107 76
107 106
107 75
108 77
108 76
109 108
109 78
110 78
110 109
110 79
111 110
111 79
112 111
113 81
114 83
114 82
116 84
116 85
117 116
117 85
117 86
118 86
118 117
119 87
119 118
120 119
120 89
121 90
121 89
121 120
122 91
122 121
123 92
123 91
124 93
124 92
124 123
125 124
125 94
126 125
126 95
127 96
127 126
127 64
128 97
128 96
129 128
129 97
130 98
130 129
130 99
131 130
133 101
133 102
134 133
134 102
134 103
135 104
135 134
136 104
136 135
136 105
137 106
138 107
138 137
138 106
139 138
140 109
140 108
141 110
141 140
141 109
142 111
142 141
142 110
143 112
144 113
144 143
145 113
145 114
146 114
147 116
147 146
148 117
149 148
149 118
150 149
150 118
151 150
151 120
151 119
152 121
152 151
153 121
154 122
154 123
154 153
155 123
156 155
156 124
156 125
157 125
157 126
157 156
158 157
159 128
159 127
159 158
160 128
160 129
161 130
162 161
162 131
162 130
163 131
163 132
164 133
164 163
165 134
165 164
166 165
166 134
167 166
167 135
167 136
168 137
168 167
169 168
169 138
169 137
170 169
171 170
172 171
172 140
172 141
173 142
174 143
174 173
175 143
175 144
175 174
176 145
177 176
178 146
178 177
179 147
179 148
179 178
180 179
180 149
180 148
181 149
181 180
181 150
182 150
182 151
182 181
183 151
184 153
184 152
185 184
185 153
186 155
187 156
187 186
187 155
188 187
188 157
188 156
189 158
189 188
189 157
190 189
190 158
191 160
191 159
191 128
192 160
192 161
193 162
193 161
194 162
194 193
195 163
195 194
195 164
196 195
196 165
198 166
199 168
199 198
199 167
200 199
200 169
201 200
202 170
202 171
203 202
203 172
204 173
204 172
205 204
205 174
205 173
206 175
206 205
207 206
208 177
208 176
208 207
209 178
210 178
211 180
211 179
212 211
212 180
212 181
213 212
214 183
214 182
215 184
215 214
215 183
216 215
217 185
217 186
217 216
218 186
219 187
219 218
219 188
220 188
221 220
221 189
222 191
222 221
223 160
223 192
224 192
225 193
225 194
225 224
226 195
226 194
226 225
227 195
227 226
228 227
228 197
229 228
229 197
230 198
230 229
231 230
231 199
232 200
232 201
232 231
233 232
233 202
234 203
234 233
234 202
236 205
236 204
237 205
237 236
238 237
238 206
239 208
239 207
240 208
240 209
241 240
241 209
242 211
242 210
242 241
243 211
243 242
244 243
244 213
244 212
245 244
245 213
245 214
246 215
247 246
247 215
247 216
248 216
248 217
249 217
250 249
250 219
250 218
251 250
252 221
252 251
252 220
253 222
254 222
254 223
255 192
255 223
255 224
256 224
257 225
257 256
258 227
258 257
259 228
259 227
259 258
260 259
261 230
261 229
262 261
262 231
263 262
263 232
263 231
264 263
264 233
265 234
265 233
266 234
266 265
267 235
267 236
267 266
268 267
268 236
269 238
269 237
270 239
271 239
271 270
271 240
272 271
272 240
272 241
273 241
273 242
274 242
275 274
275 244
275 243
276 244
277 245
277 246
278 247
278 246
278 277
279 278
279 247
280 279
280 249
280 248
281 280
281 249
282 281
282 251
283 251
283 282
284 253
285 253
285 254
286 285
286 254
286 255
287 224
287 255
287 256
290 258
291 259
291 290
292 291
292 260
292 261
293 261
293 292
294 293
295 264
295 294
295 263
296 264
296 295
297 296
297 266
297 265
298 267
299 298
299 267
300 269
300 299
300 268
301 270
302 301
302 271
302 270
303 272
303 271
305 273
305 274
305 304
306 274
306 305
306 275
307 276
307 275
308 277
308 276
308 307
309 278
309 308
310 309
310 278
310 279
311 310
311 280
312 280
312 311
313 282
313 281
314 313
314 282
315 283
315 314
317 286
317 316
317 285
318 286
318 287
319 318
319 256
319 288
319 287
320 288
321 289
321 320
322 291
322 290
323 322
323 292
324 292
324 293
324 323
325 294
325 293
326 295
326 325
326 294
327 295
327 296
327 326
328 327
328 297
328 296
329 328
329 298
330 329
330 299
331 330
331 300
331 299
332 301
332 300
333 332
334 303
335 303
335 304
336 335
336 305
336 304
337 305
337 306
337 336
338 337
339 307
340 339
342 341
342 310
343 312
344 312
344 313
344 343
345 314
345 313
346 314
346 345
346 315
347 316
347 346
348 317
348 347
349 348
350 318
350 319
351 288
352 321
353 352
353 321
354 323
354 353
355 323
356 325
356 324
357 325
357 326
357 356
358 326
358 357
359 328
359 327
360 359
360 328
361 360
361 330
362 331
363 331
363 332
364 333
364 332
365 334
366 335
366 365
366 334
367 335
367 336
368 337
368 367
369 338
369 337
369 368
370 338
370 339
370 369
371 370
371 340
372 341
373 341
373 372
375 344
376 345
376 344
377 345
377 346
377 376
378 346
378 347
379 348
379 347
380 348
380 379
381 350
381 349
381 380
382 350
382 381
383 351
383 382
384 352
384 353
385 354
386 355
386 354
386 385
387 386
387 356
387 355
389 358
389 357
390 359
391 390
391 360
391 359
392 391
392 361
393 392
393 362
393 361
394 363
394 393
394 362
395 364
395 363
395 394
396 364
396 395
396 365
398 397
399 398
399 367
399 368
400 399
400 368
401 369
401 400
402 370
403 371
403 402
403 372
404 403
404 373
405 404
405 374
406 405
407 406
407 376
408 407
408 376
409 378
409 408
410 378
411 410
411 380
412 381
412 380
412 411
413 382
413 381
413 412
414 413
414 383
415 414
415 383
415 384
416 384
416 385
417 385
417 386
418 386
418 387
418 417
419 387
419 388
420 389
420 388
420 419
421 420
421 390
421 389
422 390
422 391
422 421
423 422
424 393
424 392
425 394
425 393
426 425
427 426
427 395
428 397
428 396
428 427
429 397
429 398
429 428
430 399
431 430
431 400
431 399
432 400
433 402
433 432
433 401
434 433
434 402
436 404
436 405
437 436
438 406
438 437
439 408
439 438
439 407
440 409
440 408
440 439
441 410
441 440
442 411
442 410
442 441
443 442
443 412
443 411
444 443
445 413
445 444
445 414
446 415
446 414
446 445
447 446
447 384
448 416
449 448
450 419
451 420
452 421
453 422
453 421
453 452
454 453
454 423
455 423
455 424
456 425
456 455
457 456
459 428
459 427
460 428
460 459
460 429
461 430
462 431
462 430
463 432
464 433
464 432
464 463
465 433
465 464
466 434
466 435
467 435
468 436
468 437
468 467
469 438
469 437
469 468
470 438
470 439
471 439
471 440
471 470
472 471
472 440
472 441
473 472
473 442
474 473
474 443
475 444
476 444
476 475
477 445
477 476
478 446
478 477
479 448
479 478
479 416
479 447
480 448
480 449
481 450
481 449
482 451
482 481
483 452
483 482
484 483
484 452
484 453
485 453
485 454
485 484
486 454
487 455
487 486
488 457
489 458
489 457
490 489
491 490
491 459
492 460
492 461
492 491
494 462
494 493
494 463
495 463
496 495
496 465
497 465
497 496
498 497
499 468
499 467
500 468
500 499
500 469
501 500
501 469
501 470
502 471
502 470
502 501
503 472
503 471
505 504
505 474
506 505
506 475
507 475
507 476
508 507
509 508
509 477
510 478
511 448
511 510
511 480
512 480
513 512
514 483
514 513
514 482
515 483
515 514
515 484
516 484
516 485
517 516
517 486
518 517
518 487
519 518
519 487
519 488
521 520
521 490
521 489
522 491
522 521
522 490
523 492
523 491
523 522
524 523
524 492
524 493
525 524
525 494
526 494
527 495
527 496
528 527
528 497
528 496
529 498
530 529
531 530
532 501
532 531
532 500
533 501
534 503
535 504
535 534
536 504
536 505
537 536
537 506
538 537
539 508
540 508
540 509
540 539
541 510
541 509
542 511
542 541
542 510
543 480
543 512
543 511
544 512
544 513
545 514
546 515
546 514
547 515
548 517
548 516
548 547
549 517
549 548
550 518
550 519
550 549
551 520
551 519
552 551
553 552
553 521
554 523
554 553
555 554
555 524
556 555
556 525
557 525
558 557
558 526
559 528
559 558
560 528
560 529
561 560
561 529
562 530
562 561
563 532
563 531
564 563
564 532
565 533
566 535
567 566
567 536
567 535
569 568
570 539
570 569
570 538
571 539
571 570
572 541
572 571
573 572
573 541
574 573
574 543
574 542
575 544
575 574
575 543
576 544
577 576
577 545
578 546
578 547
579 547
579 548
580 579
580 549
580 548
581 550
581 549
581 580
582 581
582 550
583 582
584 552
584 583
585 553
585 584
586 555
586 554
587 555
587 556
588 556
588 557
589 557
589 558
590 589
592 560
592 591
593 561
594 562
594 593
594 563
595 594
596 565
596 564
597 565
597 566
598 566
599 598
599 567
599 568
600 568
600 599
601 600
601 570
602 570
604 572
604 603
604 573
605 604
605 573
605 574
606 605
606 574
606 575
607 575
607 576
607 544
607 606
608 576
608 577
609 578
609 608
609 577
610 609
610 579
611 580
611 579
612 611
613 582
613 612
614 613
616 585
617 616
618 587
618 586
619 587
620 588
621 620
621 590
622 591
622 621
623 622
624 623
624 593
625 624
625 594
626 625
626 595
627 595
627 626
627 596
628 596
628 627
628 597
629 628
630 629
630 599
631 599
631 630
632 631
633 632
633 601
633 602
634 602
634 603
635 603
635 604
635 634
637 605
637 636
638 637
638 607
638 606
639 608
639 576
639 607
640 609
641 640
641 609
641 610
642 611
642 610
643 612
643 642
644 613
645 613
646 615
646 645
647 646
648 647
649 617
650 618
650 649
651 620
651 650
652 621
652 620
653 622
654 623
655 623
656 655
656 624
657 626
658 657
658 626
658 627
659 627
660 629
660 628
660 659
661 660
661 630
663 632
663 631
664 632
664 663
664 633
665 634
666 635
667 635
668 637
668 667
668 636
669 637
669 668
670 639
670 638
671 640
671 608
673 642
673 641
674 643
674 673
675 674
675 644
675 643
676 644
677 645
677 646
678 647
678 677
679 647
679 678
679 648
680 648
680 649
680 679
681 680
681 650
681 649
682 681
682 651
682 650
683 652
683 682
684 653
685 684
685 654
685 653
686 654
686 655
686 685
687 656
687 686
688 687
688 656
688 657
689 658
689 688
689 657
690 689
690 659
691 660
691 659
692 691
692 661
693 662
693 661
694 662
694 693
695 694
695 663
696 665
697 696
697 666
698 666
698 697
699 667
699 698
700 668
700 669
701 669
701 670
702 701
703 671
704 673
705 673
705 704
705 674
706 675
707 706
707 675
707 676
708 677
708 676
709 678
709 677
710 679
710 678
711 710
711 679
712 680
712 711
713 712
714 683
715 683
716 715
716 684
717 716
717 685
718 687
718 686
719 688
719 718
720 688
720 689
720 719
721 720
721 689
723 722
724 723
724 693
725 724
725 693
725 694
726 694
726 725
727 695
727 726
728 697
728 696
729 697
730 699
730 729
730 698
731 730
732 731
733 701
733 732
733 702
734 733
734 703
735 704
735 703
735 672
738 706
739 738
739 707
740 708
741 709
741 710
742 710
742 741
743 712
743 711
743 742
744 712
744 743
745 713
745 714
745 744
746 745
747 715
747 716
748 717
749 717
749 718
749 748
750 749
750 719
750 718
751 720
751 750
752 751
753 752
753 722
754 753
754 722
755 724
755 754
756 725
756 755
757 726
757 756
758 757
758 727
759 728
760 729
761 730
761 760
762 730
762 731
763 762
763 732
764 733
764 763
765 734
765 733
765 764
766 735
766 765
766 734
767 736
767 704
767 766
768 736
768 737
769 738
769 737
770 738
770 739
771 770
772 740
773 742
773 772
774 773
774 742
774 743
775 744
776 775
776 745
777 746
777 745
778 746
778 747
779 747
779 748
779 778
780 779
780 749
780 748
781 780
781 750
782 751
782 750
783 782
783 751
783 752
784 752
785 754
785 753
785 784
787 786
787 755
788 757
788 756
789 757
789 758
790 758
790 789
791 760
791 759
791 790
792 791
792 761
792 760
793 792
794 793
794 762
794 763
795 794
795 764
795 763
796 764
796 795
797 796
797 766
798 766
799 767
799 736
799 768
800 769
801 770
801 800
802 770
803 771
803 772
803 802
804 803
804 773
804 772
805 804
805 774
805 773
806 775
806 805
807 775
807 806
807 776
808 777
809 808
809 778
809 777
810 809
810 778
811 780
811 779
812 811
813 782
813 781
814 813
814 783
815 814
815 784
816 784
816 785
816 815
817 785
817 816
817 786
818 786
818 817
818 787
819 788
819 787
820 819
820 789
821 820
821 790
822 790
822 791
823 792
823 822
824 823
824 793
824 792
825 794
825 793
826 794
826 825
827 826
827 795
828 796
829 828
829 798
829 797
830 799
830 829
831 768
831 799
832 800
832 801
833 801
833 832
833 802
834 833
834 803
835 803
835 834
836 835
836 805
836 804
837 836
838 837
838 807
838 806
839 838
839 807
839 808
841 840
842 810
842 811
843 811
843 812
843 842
844 812
844 843
845 813
845 814
846 815
846 845
847 816
847 815
848 817
849 848
849 818
850 818
850 849
851 850
851 819
852 821
852 820
853 852
853 822
853 821
854 823
854 853
855 823
856 824
856 855
857 856
857 825
858 857
858 826
858 827
859 828
859 827
860 829
860 859
860 828
861 830
861 829
861 860
862 861
862 831
863 832
864 832
864 833
865 833
865 864
866 835
867 866
867 835
868 836
868 837
868 867
869 837
870 838
870 869
871 840
871 870
872 841
872 871
872 840
873 842
873 841
874 843
875 843
875 874
876 845
876 844
876 875
877 876
877 846
877 845
879 848
879 847
879 878
880 849
881 849
882 851
882 881
882 850
883 852
884 852
884 883
885 884
885 853
886 885
886 855
887 855
887 856
888 857
888 856
888 887
889 888
890 858
891 860
891 890
892 891
893 862
893 861
893 892
894 862
894 893
895 894
895 832
895 864
895 863
896 865
896 864
897 866
897 896
898 866
899 867
899 898
899 868
900 899
900 868
900 869
901 870
901 900
902 870
902 871
902 901
903 872
903 902
904 873
904 872
905 904
905 873
906 905
906 874
906 875
907 906
907 875
908 876
908 877
909 878
909 908
910 879
912 880
912 881
913 912
913 881
913 882
914 882
915 914
915 883
916 915
916 884
917 886
917 885
918 917
918 887
919 918
919 887
920 889
921 890
922 891
923 891
923 892
924 893
924 923
924 892
925 894
925 893
925 924
926 925
926 894
926 895
927 895
927 864
928 897
929 928
929 898
930 898
930 929
931 930
931 899
931 900
932 900
932 931
933 901
934 903
935 903
935 904
936 904
936 935
937 936
937 905
937 906
938 907
938 937
939 908
939 907
939 938
940 939
940 908
941 940
942 910
942 941
942 911
943 912
944 943
944 912
944 913
945 914
945 913
945 944
946 945
946 915
947 916
947 915
948 947
948 917
949 918
949 917
950 918
950 919
950 949
951 919
951 920
952 920
952 951
953 921
953 922
954 922
954 953
955 954
955 923
955 924
956 924
956 925
956 955
957 926
957 925
957 956
958 926
959 928
959 896
959 958
959 927
961 960
961 929
961 930
962 931
962 961
962 930
964 963
965 933
965 964
966 934
966 935
967 935
967 966
967 936
968 936
968 967
969 938
970 939
970 938
970 969
972 940
972 971
973 942
973 941
974 943
974 973
976 945
976 975
977 946
977 945
979 947
979 978
979 948
981 980
982 950
982 951
983 951
984 983
984 952
984 953
985 954
985 953
985 984
987 955
989 988
989 958
990 989
990 959
990 958
991 960
991 959
991 928
992 960
992 0
993 962
993 961
993 0
993 1
993 992
994 962
994 993
994 963
994 1
995 964
995 3
995 994
996 995
996 3
996 4
996 964
996 965
997 5
997 996
997 4
997 965
998 5
998 6
998 966
998 997
999 7
999 967
1000 7
1000 969
1000 968
1000 8
1001 970
1001 1000
1001 8
1001 969
1002 1001
1002 9
1002 970
1003 971
1003 972
1003 11
1003 1002
1004 972
1004 973
1004 12
1004 11
1005 13
1005 1004
1005 12
1005 973
1006 975
1006 13
1006 974
1006 1005
1007 975
1007 1006
1007 976
1008 977
1008 1007
1008 15
1009 978
1010 17
1010 1009
1010 978
1010 18
1011 1010
1011 980
1012 20
1012 981
1012 19
1012 980
1013 982
1013 20
1013 981
1013 21
1014 982
1014 21
1014 1013
1015 22
1015 984
1015 1014
1015 23
1016 985
1016 24
1016 1015
1017 25
1018 26
1018 986
1018 1017
1018 25
1019 987
1019 1018
1019 27
1019 988
1020 988
1020 28
1020 27
1020 1019
1021 28
1021 989
1022 1021
1022 29
1023 31
1023 992
1023 960
1023 30
