32 32
2 1
4 3
5 4
6 5
7 6
9 8
11 10
12 11
13 12
15 14
16 15
18 17
19 18
20 19
21 20
25 24
27 26
28 27
29 28
30 29
31 0
31 30
32 1
33 32
33 1
33 2
34 3
35 4
35 3
36 5
36 4
36 35
37 5
37 6
38 7
39 38
39 8
39 7
41 10
42 41
43 12
43 11
44 12
44 43
45 44
45 13
46 15
47 15
48 47
48 17
48 16
49 18
50 49
50 18
50 19
51 19
51 20
52 20
52 21
53 21
54 23
54 53
54 22
55 23
56 25
56 24
56 55
57 25
58 57
59 28
59 58
60 28
60 59
61 60
61 30
62 30
63 32
63 0
64 33
65 64
65 34
65 33
66 35
67 35
68 37
68 67
69 68
69 38
69 37
70 69
70 39
71 39
71 70
72 40
72 41
73 42
73 41
74 43
74 73
75 74
75 44
76 75
76 44
77 76
77 45
77 46
78 77
78 46
79 47
80 49
80 79
80 48
81 80
81 50
81 49
82 81
83 52
84 53
84 52
85 84
85 53
86 55
86 85
87 86
87 56
87 55
88 56
88 87
89 57
89 58
89 88
90 58
90 89
91 59
91 60
92 60
92 61
92 91
93 62
94 93
94 62
94 63
95 63
95 94
95 32
96 65
97 65
97 96
98 97
99 98
99 67
100 68
100 99
100 69
101 70
101 69
103 102
103 72
104 72
104 103
104 73
105 74
106 105
107 75
107 76
108 77
108 76
109 78
110 78
110 79
111 110
111 80
111 79
112 111
112 80
112 81
113 82
113 112
114 82
114 113
115 114
115 84
116 85
116 115
116 84
117 85
117 116
117 86
118 117
119 118
120 89
120 119
121 90
121 120
122 91
122 121
122 90
123 92
123 122
123 91
124 123
124 92
125 94
125 124
126 125
127 126
127 96
127 64
129 97
129 128
130 98
131 99
131 100
131 130
132 131
133 102
133 132
133 101
134 103
134 133
135 104
135 134
136 104
136 135
137 105
137 106
138 137
138 106
139 107
139 108
139 138
140 108
141 109
141 110
143 142
143 111
144 143
144 112
145 144
146 114
146 145
147 115
148 116
148 147
149 118
149 148
149 117
150 149
150 119
151 150
152 151
152 121
153 122
154 153
154 123
155 154
156 124
156 155
157 126
158 127
158 126
159 127
159 128
159 96
160 128
161 129
162 131
163 131
164 132
164 133
164 163
165 133
165 164
166 165
166 135
166 134
167 166
168 136
168 137
168 167
169 137
170 169
170 138
170 139
171 140
171 139
172 171
173 172
173 142
174 143
174 173
175 144
175 174
176 145
177 146
177 145
180 148
180 149
181 149
181 180
182 150
182 181
182 151
183 151
184 153
184 183
185 153
185 184
186 154
186 155
187 186
188 187
188 156
188 157
189 158
189 157
189 188
190 158
191 190
192 161
193 192
193 162
193 161
194 193
194 163
195 163
195 164
196 164
197 166
197 196
197 165
198 166
198 167
198 197
199 167
199 198
200 168
201 170
201 200
201 169
202 171
203 172
203 171
204 203
204 172
204 173
205 204
206 205
207 176
207 206
208 176
209 178
209 208
209 177
210 178
210 179
211 179
212 180
212 181
213 181
213 212
213 182
214 213
214 183
214 182
215 214
215 184
216 215
216 185
217 186
217 216
218 187
218 186
219 188
219 218
219 187
220 219
221 189
221 220
221 190
222 191
223 160
223 222
225 194
225 224
226 194
226 195
227 196
228 227
228 197
229 198
229 197
230 198
230 199
231 200
232 231
232 200
232 201
233 202
233 201
234 233
235 203
235 204
235 234
236 204
237 236
237 205
237 206
238 206
238 237
239 208
240 209
240 239
241 209
241 240
241 210
242 211
242 241
243 211
243 242
243 212
244 212
244 243
245 214
246 214
246 215
246 245
247 215
247 216
248 217
249 218
249 217
250 219
250 218
251 250
251 219
252 251
252 220
252 221
253 252
254 223
254 253
255 254
255 224
255 192
256 224
257 225
257 226
258 226
259 227
259 258
259 228
260 259
261 230
261 229
261 260
262 230
262 261
263 232
263 231
263 262
264 233
264 263
265 234
265 264
265 233
266 265
266 234
267 236
267 235
268 267
269 237
269 238
270 269
270 239
271 240
271 239
271 270
272 241
273 272
273 241
273 242
274 243
275 244
276 244
277 276
278 277
278 246
279 278
280 249
280 279
281 280
282 251
283 252
283 251
283 282
284 283
285 253
286 285
286 255
287 256
287 286
288 257
289 258
289 288
289 257
290 258
290 259
291 259
291 260
292 260
293 262
293 261
294 293
294 263
294 262
295 294
295 264
296 265
296 264
297 296
297 265
297 266
298 266
298 267
299 268
299 298
300 268
300 269
300 299
301 269
302 271
303 272
303 302
303 271
304 303
305 273
305 274
306 275
307 306
308 307
308 276
308 277
309 277
309 278
310 278
311 279
311 280
312 311
312 280
312 281
313 282
313 312
313 281
314 313
315 314
315 283
316 315
317 316
317 286
318 317
318 286
318 287
319 256
319 288
321 289
321 320
321 290
322 290
323 292
323 291
324 293
325 293
326 294
326 325
327 326
327 296
328 327
328 297
329 298
329 328
330 299
330 329
330 298
332 300
332 331
333 332
333 302
333 301
334 303
334 333
335 303
335 334
335 304
336 305
336 304
336 335
337 306
338 337
338 307
339 308
339 338
340 309
340 339
340 308
341 340
341 310
342 311
342 310
343 311
344 313
344 312
345 344
345 314
346 314
346 345
346 315
347 315
347 346
348 317
348 316
348 347
349 348
350 349
351 319
351 320
352 321
352 320
353 322
353 321
353 352
354 322
355 354
355 324
356 325
356 355
356 324
357 325
357 356
357 326
358 327
358 357
358 326
359 327
360 329
361 360
361 330
363 332
363 331
363 362
364 363
365 333
365 364
367 366
367 335
369 338
369 368
369 337
370 369
372 340
372 341
372 371
373 372
373 342
374 373
375 343
375 344
376 375
377 376
377 346
378 346
379 348
379 378
380 348
380 379
381 380
381 349
381 350
382 351
382 381
383 352
383 382
383 351
384 352
385 384
385 353
385 354
386 385
387 356
387 355
388 357
388 356
389 357
389 388
389 358
391 390
391 359
393 362
393 392
394 393
394 363
395 394
395 364
395 363
396 364
397 396
397 365
397 366
398 397
399 367
399 368
399 398
400 399
400 369
400 368
401 400
401 370
401 369
402 370
402 371
402 401
403 372
403 402
404 372
404 373
405 404
405 374
406 375
406 405
407 406
408 377
409 408
409 377
409 378
410 378
410 409
410 379
411 410
412 411
412 381
412 380
413 382
414 383
415 384
415 414
416 384
417 416
417 386
418 386
418 417
418 387
419 388
420 419
421 389
421 390
421 420
422 421
422 391
423 422
425 424
425 394
425 393
426 394
426 395
426 425
427 396
427 395
428 427
429 398
430 398
430 429
431 430
432 400
432 401
433 402
433 432
433 401
434 402
434 403
435 403
435 404
436 435
436 405
436 404
437 406
437 405
437 436
438 407
438 406
440 409
440 408
442 410
442 411
442 441
444 413
445 413
445 414
445 444
446 414
447 416
447 415
447 384
447 446
448 417
449 417
449 418
450 418
451 450
451 420
451 419
452 451
452 421
453 452
454 453
455 424
455 423
456 424
456 455
456 425
457 456
458 427
458 457
459 458
459 427
459 428
460 428
461 429
461 460
461 430
462 430
462 461
462 431
463 431
463 462
464 463
464 433
465 434
466 434
466 465
467 435
467 436
467 466
468 436
468 467
469 438
470 438
470 469
470 439
471 440
471 439
472 471
472 441
472 440
473 442
473 472
473 441
474 442
475 444
476 445
476 444
477 476
478 446
478 477
479 448
480 448
480 449
481 449
481 450
481 480
482 450
483 452
483 451
485 453
485 484
486 455
486 485
486 454
487 486
488 456
488 457
489 458
489 457
489 488
490 459
490 489
491 459
491 460
492 461
492 460
493 492
494 493
494 462
494 463
495 494
495 464
495 463
496 495
496 465
497 496
497 465
498 497
498 466
499 498
499 467
500 499
501 470
502 470
502 501
503 502
503 472
503 471
504 472
504 503
505 473
505 474
506 475
506 474
507 476
507 506
508 477
510 509
510 479
511 480
511 510
511 479
511 448
512 480
513 482
514 513
514 482
515 484
515 483
516 484
516 515
516 485
517 486
517 485
518 486
518 487
518 517
519 518
519 488
519 487
520 489
520 519
520 488
521 489
521 490
522 521
523 491
525 524
525 494
525 493
526 495
526 494
527 496
527 526
528 497
528 496
529 498
530 529
531 499
531 500
532 500
533 502
533 532
534 503
534 533
535 534
536 505
536 504
538 507
538 506
539 508
539 538
540 508
540 509
541 540
542 510
543 480
543 542
543 511
544 512
545 544
546 545
547 516
548 517
548 547
548 516
549 518
549 517
550 549
550 518
551 550
552 551
553 521
553 522
554 553
554 522
555 523
556 525
556 555
557 556
557 526
559 558
559 528
560 528
561 530
562 561
562 530
563 532
564 532
565 534
565 564
566 565
566 534
567 566
568 537
568 567
568 536
569 568
569 537
570 538
570 569
571 570
571 540
571 539
572 571
572 541
572 540
573 541
574 573
575 512
575 574
575 544
575 543
576 544
577 576
577 546
578 547
578 577
579 547
579 578
580 579
580 549
580 548
581 580
581 549
582 581
582 551
583 582
584 552
586 555
586 585
587 555
588 587
589 558
589 557
589 588
590 589
590 559
590 558
591 560
591 559
593 592
593 562
594 593
594 563
594 562
595 564
595 594
596 595
596 564
596 565
597 565
597 596
598 597
599 568
600 569
600 599
600 568
601 570
601 600
602 570
602 571
602 601
603 602
604 603
604 573
605 574
605 604
606 575
607 544
608 577
609 577
610 579
610 578
610 609
611 580
611 579
612 581
612 611
613 612
613 581
614 613
614 582
614 583
615 583
616 585
617 586
617 616
619 587
620 619
620 589
621 589
621 620
621 590
622 621
623 592
623 622
624 623
624 593
624 592
625 624
625 594
626 594
626 595
627 626
627 596
628 597
629 598
630 599
630 598
631 599
631 600
631 630
632 631
632 601
633 602
633 601
633 632
634 602
635 604
635 634
635 603
636 604
636 635
637 636
637 606
637 605
638 606
638 637
639 638
639 576
639 608
640 609
640 608
641 609
641 610
642 611
642 641
643 612
643 642
643 611
644 612
645 613
645 614
646 614
646 615
647 616
647 615
648 616
648 647
648 617
649 617
649 648
649 618
650 618
650 649
651 619
651 620
651 650
652 621
652 620
652 651
653 622
653 621
654 653
654 622
655 623
656 624
656 625
657 625
657 656
657 626
658 626
658 627
659 658
659 628
659 627
660 628
661 660
661 630
662 631
662 661
663 662
664 663
664 632
664 633
665 634
665 664
666 665
666 634
667 635
667 666
668 637
668 667
668 636
669 637
669 638
669 668
670 639
670 638
671 608
671 639
672 640
673 641
673 672
674 642
674 643
674 673
675 674
677 676
677 646
677 645
678 677
678 646
679 647
679 648
679 678
680 648
680 679
680 649
681 680
682 651
682 650
682 681
683 651
683 652
683 682
684 652
685 653
685 684
685 654
686 685
687 686
688 656
688 687
688 657
690 658
690 689
691 690
691 660
692 661
692 691
693 661
693 662
693 692
694 662
694 693
695 664
696 664
696 665
697 665
697 666
698 667
698 666
699 698
699 667
700 668
700 699
701 669
703 702
703 671
704 672
705 674
706 705
708 677
709 678
709 677
710 679
710 678
713 681
714 683
714 713
714 682
715 683
715 714
715 684
716 685
716 715
717 685
717 716
717 686
718 686
718 717
719 718
719 688
719 687
720 689
721 689
722 691
722 721
723 722
723 692
724 693
724 723
725 693
725 694
726 694
728 697
728 727
729 728
729 698
729 697
730 698
730 699
731 699
732 700
732 701
733 701
734 702
735 672
735 704
735 703
737 706
738 706
739 707
739 738
740 708
740 739
741 709
741 710
741 740
742 741
742 710
743 742
744 712
744 713
745 744
745 714
746 714
746 745
747 746
747 715
748 716
748 747
749 718
749 748
749 717
750 749
750 718
751 750
751 720
752 720
752 721
752 751
753 752
753 722
754 753
754 723
755 724
755 723
756 755
756 725
757 726
757 725
758 757
759 727
759 728
760 728
760 729
760 759
761 730
762 731
762 730
763 732
763 731
764 732
764 763
765 764
765 734
766 765
766 734
767 704
767 766
767 736
768 737
769 768
769 738
770 738
770 769
771 770
771 740
772 741
772 740
773 742
773 772
774 742
774 743
774 773
775 744
776 744
776 745
777 776
777 745
778 747
779 748
779 747
780 779
780 748
781 749
782 781
784 753
785 754
785 753
786 785
786 755
787 756
787 786
787 755
788 757
789 758
790 759
790 789
791 790
791 760
792 791
792 761
792 760
793 762
793 792
795 764
795 763
796 765
796 795
797 766
797 796
798 797
798 766
799 767
799 736
799 798
800 768
801 770
802 771
802 770
803 772
804 773
804 803
805 773
805 774
805 804
806 775
806 774
807 775
807 776
808 776
808 777
809 778
810 778
811 810
811 780
811 779
812 780
813 781
814 813
814 783
814 782
815 814
815 784
816 815
816 785
817 785
817 816
818 786
818 787
818 817
819 788
820 788
821 790
822 791
823 792
823 822
824 823
825 824
825 793
825 794
826 825
826 794
826 795
827 826
827 795
827 796
828 796
828 827
828 797
829 797
829 798
829 828
831 830
831 799
832 801
833 802
833 801
834 833
834 802
835 803
835 834
836 805
836 835
837 806
837 805
838 806
839 807
840 808
840 839
840 809
841 840
842 810
842 811
842 841
843 811
844 813
844 812
845 813
845 814
845 844
847 816
848 816
848 847
848 817
849 817
850 818
850 849
851 850
851 820
851 819
852 821
852 851
853 822
854 853
854 822
855 854
855 823
855 824
856 825
858 857
858 827
858 826
859 858
859 827
860 859
860 829
860 828
861 829
862 831
863 832
863 831
863 862
863 800
865 833
865 864
866 865
866 835
867 866
868 867
869 838
869 868
870 869
870 839
870 838
871 840
871 870
872 871
873 842
873 872
874 843
874 842
874 873
875 874
877 845
877 846
878 847
878 846
878 877
879 847
879 878
880 879
880 848
880 849
881 880
881 850
882 851
883 851
883 852
885 884
885 853
885 854
886 885
887 886
888 856
888 887
889 857
890 858
891 859
892 860
892 891
892 861
893 862
894 862
894 893
895 864
895 894
895 832
895 863
896 865
896 864
897 896
897 865
898 866
900 868
900 869
900 899
901 900
901 869
902 870
902 901
903 902
903 872
903 871
904 872
904 873
906 905
906 874
907 875
907 876
908 877
908 876
908 907
909 877
909 878
910 878
910 909
911 880
911 879
912 911
913 882
914 882
915 914
915 883
916 915
916 885
917 916
917 886
917 885
918 886
919 887
919 918
919 888
920 889
920 888
921 889
921 890
922 921
922 890
923 891
923 922
924 893
924 892
924 923
925 924
926 894
927 895
927 896
928 897
929 898
929 897
929 928
931 900
931 899
931 930
932 931
932 901
933 902
934 933
934 902
935 934
936 935
936 904
937 936
938 906
938 937
939 908
939 907
940 939
941 940
941 909
941 910
942 941
943 942
943 911
944 943
944 913
946 945
946 914
947 915
947 916
947 946
948 916
948 947
949 948
949 918
949 917
950 919
951 919
951 920
952 921
952 920
952 951
953 952
953 921
953 922
954 923
955 954
955 924
956 955
958 957
958 926
959 896
959 958
960 928
961 929
961 930
964 933
964 932
964 963
965 964
965 933
965 934
966 935
966 934
967 935
967 936
968 937
969 937
969 968
969 938
970 938
970 939
970 969
971 970
971 939
971 940
972 941
972 971
973 942
973 941
974 943
974 973
975 943
975 944
976 945
976 975
977 976
977 945
977 946
978 977
978 947
979 947
979 978
980 949
982 981
982 950
983 982
983 951
983 952
984 952
984 983
985 954
985 984
986 985
986 955
986 954
988 987
989 957
989 958
990 989
991 960
991 990
992 0
992 31
992 961
993 1
993 0
993 961
993 992
994 962
994 993
994 2
994 1
995 994
995 963
995 3
995 964
995 2
996 995
996 3
996 965
996 4
997 966
997 996
998 6
998 967
998 966
999 998
999 7
999 6
1000 968
1000 999
1000 8
1001 8
1001 1000
1002 970
1002 971
1002 10
1002 9
1002 1001
1003 10
1003 972
1003 1002
1003 971
1004 973
1004 12
1004 11
1004 972
1005 13
1005 12
1005 1004
1006 1005
1006 975
1007 975
1008 15
1008 977
1008 1007
1008 16
1009 16
1009 978
1009 1008
1010 978
1010 18
1010 17
1010 1009
1011 18
1011 979
1011 980
1012 1011
1012 20
1013 1012
1013 981
1013 982
1013 20
1014 983
1014 22
1015 23
1015 983
1015 22
1016 1015
1016 985
1016 24
1017 25
1017 985
1017 1016
1017 24
1017 986
1018 25
1018 26
1018 987
1019 26
1019 987
1019 988
1020 28
1020 989
1020 988
1021 989
1021 1020
1021 28
1021 29
1022 990
1022 29
1022 1021
1022 30
1023 1022
1023 991
1023 30
