32 32
1 0
2 1
3 2
6 5
7 6
8 7
13 12
15 14
16 15
17 16
18 17
21 20
24 23
25 24
26 25
27 26
28 27
29 28
31 0
31 30
32 0
32 1
33 1
34 3
34 2
35 3
35 34
36 35
36 5
36 4
37 36
37 6
38 6
38 7
39 7
40 8
40 39
40 9
41 10
41 9
42 10
42 11
43 11
43 12
44 13
44 12
45 13
45 44
45 14
46 45
46 14
46 15
47 16
47 15
47 46
48 16
50 19
50 18
51 20
51 19
51 50
52 51
54 23
55 54
55 23
56 25
56 24
57 26
57 56
57 25
58 57
58 27
59 28
59 27
60 59
61 30
61 60
62 31
63 0
63 62
63 31
65 34
65 64
66 34
66 65
67 35
67 66
67 36
68 37
68 36
68 67
69 38
70 38
70 69
71 40
71 70
71 39
72 71
72 41
73 41
74 43
74 73
75 74
75 43
75 44
76 45
76 75
77 45
78 46
78 77
78 47
79 48
80 79
80 48
80 49
81 49
82 50
82 51
82 81
83 51
83 52
83 82
84 53
85 53
85 84
86 54
86 85
86 55
87 56
87 55
88 56
88 87
89 57
89 58
91 60
91 90
91 59
92 91
93 92
94 62
94 93
94 63
95 94
96 64
97 66
97 96
97 65
98 67
98 97
99 68
99 67
100 99
100 69
101 70
101 69
101 100
102 71
102 70
102 101
103 71
104 103
104 72
104 73
105 73
105 74
105 104
106 75
106 74
106 105
107 75
108 107
108 76
108 77
109 78
109 108
110 79
110 109
111 80
111 79
111 110
112 111
112 81
113 82
113 112
114 82
114 113
115 84
116 85
116 84
116 115
117 116
117 85
117 86
118 87
119 87
119 88
120 89
121 90
121 120
122 90
122 121
122 91
123 122
123 91
124 92
125 124
126 95
126 125
126 94
127 64
127 126
128 96
128 97
129 97
130 129
131 99
131 100
131 130
132 101
132 131
133 101
134 102
134 133
134 103
135 103
135 104
136 135
136 104
136 105
137 105
137 136
138 137
138 107
138 106
139 138
139 107
140 108
140 109
140 139
141 110
141 109
142 111
142 110
142 141
143 112
143 111
143 142
144 113
144 143
145 144
145 113
145 114
146 114
146 145
147 146
147 115
147 116
148 116
148 147
149 117
149 118
149 148
150 119
151 119
151 150
151 120
152 151
152 121
152 120
154 123
154 153
155 154
155 124
156 155
157 156
158 127
159 96
159 127
159 158
160 128
160 129
161 130
161 160
162 131
162 130
163 162
164 132
164 133
165 133
166 165
166 134
167 135
167 136
168 167
168 136
168 137
169 138
170 169
170 138
171 139
171 170
172 141
172 171
173 142
173 141
173 172
174 173
174 142
175 143
175 174
175 144
176 145
177 145
178 177
178 146
178 147
179 147
179 178
180 148
180 179
181 150
181 180
182 151
182 181
183 151
183 152
183 182
184 183
185 154
185 184
186 185
186 154
187 156
187 155
188 156
188 187
189 158
189 188
190 189
191 160
191 190
192 161
192 160
193 192
194 163
194 193
195 194
197 196
197 166
197 165
198 167
198 166
199 198
199 167
199 168
200 199
201 200
201 170
202 170
202 201
203 202
203 171
203 172
204 203
204 173
204 172
205 204
206 205
206 174
207 175
207 206
208 176
208 207
208 177
209 208
209 178
210 179
210 178
210 209
211 210
211 179
212 211
212 181
212 180
213 182
213 212
214 183
214 213
214 182
215 184
216 184
216 215
216 185
217 185
217 186
218 186
218 187
218 217
219 188
220 219
220 188
221 220
222 191
222 221
223 191
223 222
223 192
223 160
224 193
225 224
225 193
226 195
227 226
227 195
227 196
228 197
229 197
229 198
232 201
232 231
232 200
233 232
233 202
233 201
234 203
234 233
234 202
235 204
236 235
237 206
237 236
237 205
238 206
238 207
240 239
240 208
240 209
241 209
241 210
242 210
242 211
243 212
244 213
245 214
245 244
246 245
246 214
247 215
247 246
248 247
248 216
249 217
249 248
251 219
251 220
252 251
252 221
252 220
253 221
253 222
254 253
255 254
255 224
257 226
257 225
257 256
258 227
258 226
259 228
259 258
259 227
260 228
260 259
261 230
262 230
262 261
262 231
263 231
263 262
263 232
264 232
264 263
264 233
265 234
265 233
265 264
266 234
266 265
267 235
267 236
268 237
268 236
268 267
269 237
269 268
270 239
270 238
271 240
271 270
272 240
272 241
273 272
273 241
274 273
274 243
275 244
275 274
275 243
276 245
276 244
276 275
277 246
277 276
278 246
278 277
280 248
280 249
281 280
281 250
281 249
282 251
282 281
283 252
283 251
283 282
284 252
284 283
285 253
285 254
286 255
286 285
287 224
287 286
288 257
289 288
289 258
289 257
290 259
290 289
290 258
291 260
292 261
292 291
293 262
293 261
294 262
294 263
294 293
295 294
295 264
296 295
296 264
296 265
297 265
297 266
298 297
298 266
299 267
299 298
300 268
300 299
300 269
301 270
302 271
302 270
303 302
303 271
304 272
305 274
305 273
305 304
306 305
306 274
307 306
308 277
308 307
308 276
309 278
310 309
310 278
311 279
311 280
311 310
312 311
312 280
313 312
313 282
314 283
315 284
316 285
316 284
317 316
317 285
318 317
318 286
319 256
319 287
319 288
319 318
320 289
322 321
322 290
323 322
323 291
324 323
324 292
324 293
325 294
325 324
326 295
326 325
327 295
328 296
328 297
328 327
329 297
329 298
330 298
330 299
330 329
331 300
331 299
331 330
333 332
333 301
334 333
334 303
334 302
335 304
335 303
335 334
336 305
337 305
337 306
337 336
338 306
338 307
338 337
339 308
339 338
340 308
340 309
340 339
341 340
341 309
341 310
342 311
342 310
343 311
344 313
344 312
344 343
345 314
345 344
346 314
347 315
348 347
350 349
350 318
350 319
351 288
351 320
351 319
352 320
352 321
353 352
353 321
354 323
355 323
356 355
356 325
357 356
357 325
357 326
358 357
358 326
358 327
359 328
359 327
360 328
360 329
360 359
361 360
361 329
361 330
362 331
363 331
363 362
363 332
364 363
365 334
366 365
366 335
366 334
367 335
367 366
368 336
369 338
369 368
370 369
371 370
371 340
372 340
373 341
373 342
373 372
374 343
374 373
375 374
376 344
377 345
378 377
378 346
379 348
379 378
379 347
380 348
380 349
380 379
381 350
381 380
382 350
383 382
383 351
383 320
383 352
384 353
384 352
385 354
385 384
386 355
386 385
387 355
387 386
388 356
389 358
389 357
389 388
390 389
390 358
391 360
391 390
391 359
392 391
392 360
393 361
393 362
394 362
394 393
394 363
396 395
396 364
397 366
397 396
398 397
398 366
399 367
399 368
401 400
402 401
402 371
402 370
403 402
403 372
403 371
404 403
404 372
405 373
405 404
406 405
406 374
407 375
408 377
408 407
408 376
409 377
409 408
410 379
410 378
410 409
411 380
411 410
412 381
412 411
412 380
413 381
413 382
413 412
414 382
415 384
415 414
415 352
415 383
416 385
416 384
417 385
417 416
417 386
418 387
419 388
420 419
420 389
420 388
421 420
421 389
422 391
422 421
423 392
423 391
424 392
425 424
425 394
425 393
426 425
426 395
427 395
428 396
428 427
429 428
429 398
430 429
430 398
431 400
432 401
432 431
433 401
433 402
433 432
434 402
434 433
435 404
436 404
436 405
436 435
437 406
438 406
438 437
439 407
440 439
441 409
442 411
442 441
442 410
443 442
444 412
445 444
445 413
445 414
446 445
446 415
447 416
447 384
448 417
448 416
449 448
449 418
450 419
450 449
451 419
452 451
453 452
453 421
454 423
455 454
455 423
455 424
456 455
456 425
457 425
457 426
458 457
459 428
460 429
461 460
461 429
462 430
463 432
463 462
464 463
464 432
465 433
465 464
466 465
466 434
467 466
467 435
467 436
469 438
469 437
469 468
470 438
470 469
471 470
472 471
472 441
474 443
475 443
476 445
476 475
477 445
477 446
478 477
478 446
479 416
479 447
479 448
480 448
481 480
482 451
482 450
483 451
483 452
484 452
484 483
484 453
485 453
485 484
486 455
486 485
486 454
487 455
487 456
487 486
488 456
488 487
489 457
491 490
491 459
491 460
492 491
493 461
493 492
494 493
494 463
495 494
496 464
496 495
496 465
497 496
498 497
498 466
499 498
500 468
500 499
501 500
501 470
502 501
502 471
502 470
503 502
503 472
503 471
504 472
504 473
504 503
505 474
505 473
505 504
506 475
506 505
507 476
507 506
507 475
508 477
509 478
509 508
510 479
510 478
511 479
511 480
511 510
511 448
512 480
513 482
513 512
514 513
515 484
516 484
516 485
516 515
517 516
517 486
518 486
518 487
518 517
519 487
519 518
519 488
520 488
521 520
522 521
522 491
523 492
523 522
523 491
524 523
524 493
524 492
525 524
525 493
525 494
526 525
526 494
527 496
527 526
528 497
528 527
529 497
529 498
529 528
530 529
530 499
531 500
531 530
531 499
532 531
532 500
533 502
533 532
534 533
534 502
535 503
535 534
535 504
536 535
536 504
537 536
538 507
539 538
539 507
540 509
540 508
541 509
542 511
542 510
542 541
543 542
543 512
543 511
544 512
544 513
545 544
545 513
545 514
546 545
547 516
547 515
547 546
548 547
548 517
548 516
549 518
549 517
549 548
550 518
550 519
551 520
551 550
551 519
552 521
552 520
552 551
553 521
553 522
553 552
554 522
554 523
555 554
556 525
556 555
556 524
557 556
558 557
558 526
559 527
559 528
560 559
560 528
560 529
561 560
561 529
561 530
562 530
562 561
562 531
563 532
563 531
563 562
564 532
565 533
565 534
565 564
566 534
566 565
566 535
567 536
567 535
567 566
568 536
569 538
569 568
570 539
570 538
571 540
571 570
571 539
572 571
572 540
572 541
573 572
573 541
574 573
575 543
575 512
575 574
575 544
576 545
577 546
577 545
577 576
578 546
578 577
579 547
579 548
580 549
580 579
581 550
581 549
581 580
583 552
584 583
584 553
584 552
585 584
585 554
585 553
586 554
586 585
586 555
587 555
588 587
588 557
589 557
589 588
590 558
590 589
590 559
591 559
591 590
592 560
593 562
593 592
594 562
594 593
594 563
595 594
595 563
596 565
596 564
596 595
597 565
597 566
597 596
598 566
598 597
599 598
599 568
600 568
600 599
601 570
602 601
602 571
602 570
604 603
604 572
605 573
605 604
605 574
606 574
606 575
607 576
607 575
607 544
607 606
608 576
609 578
609 577
610 579
610 609
610 578
611 610
611 580
611 579
612 581
612 611
612 580
613 581
613 612
615 583
615 584
616 615
616 584
617 586
617 585
618 586
618 617
619 618
620 619
620 588
620 589
621 620
621 590
621 589
622 590
622 591
622 621
623 592
623 591
624 623
624 592
624 593
625 593
625 624
625 594
626 594
627 596
627 626
628 596
628 627
629 598
629 597
629 628
630 598
630 629
630 599
631 600
631 630
632 601
632 631
632 600
633 632
633 602
634 603
634 602
634 633
635 603
635 604
635 634
636 605
636 635
637 636
637 606
638 637
638 606
639 608
639 638
640 608
640 609
641 640
641 609
641 610
642 610
642 641
642 611
643 611
643 612
643 642
644 643
645 614
645 613
646 614
647 615
647 616
647 646
648 647
648 617
649 617
649 618
650 619
650 649
651 650
651 619
651 620
652 621
652 651
652 620
653 652
654 653
654 622
654 623
655 624
655 623
655 654
656 624
657 656
657 625
657 626
658 627
658 626
658 657
659 627
659 628
659 658
660 629
660 659
661 660
661 630
661 629
662 631
662 630
663 662
664 663
664 632
665 633
665 634
666 635
666 665
666 634
667 666
667 636
667 635
668 667
668 637
668 636
669 638
669 637
670 638
670 639
671 608
671 639
671 640
672 640
673 672
673 642
673 641
674 673
675 674
675 643
676 644
676 675
676 645
677 676
677 645
677 646
678 647
678 677
679 648
679 647
680 649
680 679
680 648
681 650
681 680
681 649
682 681
682 651
682 650
683 652
686 654
686 655
687 655
687 656
687 686
688 657
688 656
688 687
689 658
689 688
689 657
690 659
690 689
690 658
691 690
691 660
691 659
692 660
692 661
693 692
693 662
694 662
694 663
695 664
696 665
696 695
697 696
697 666
698 667
698 666
698 697
699 668
699 698
700 669
700 699
700 668
701 669
701 700
702 701
702 670
702 671
703 672
703 671
703 640
704 672
705 704
705 673
706 705
706 674
707 675
707 676
707 706
708 676
708 677
708 707
709 677
709 708
709 678
710 678
710 679
710 709
711 710
711 680
712 680
712 711
712 681
713 712
713 682
714 713
714 683
715 684
715 683
715 714
716 684
716 685
717 685
718 687
718 717
719 718
719 688
720 719
721 720
721 689
722 721
722 690
723 691
724 723
724 693
725 724
725 694
725 693
726 725
726 695
726 694
727 696
727 695
727 726
728 696
729 698
729 697
729 728
730 698
731 699
731 700
732 700
732 731
732 701
733 702
733 732
734 733
734 702
734 703
735 703
735 734
735 672
736 705
737 736
737 706
738 737
738 706
739 738
739 708
740 739
740 709
740 708
741 740
741 709
741 710
742 710
742 741
743 711
743 712
743 742
744 713
744 743
745 713
745 714
746 714
746 745
747 715
747 716
747 746
748 716
748 747
748 717
749 718
749 748
750 749
750 718
751 750
752 721
752 751
753 752
753 722
753 721
754 753
754 723
755 754
755 723
755 724
756 725
757 756
758 726
758 757
758 727
759 727
759 758
760 728
760 729
761 729
761 730
761 760
762 731
762 761
762 730
763 762
763 731
763 732
764 763
764 733
764 732
765 733
765 764
765 734
766 765
766 734
766 735
767 766
767 735
767 736
768 736
769 738
769 737
770 769
770 739
771 739
771 770
772 740
772 771
772 741
773 772
775 774
775 743
776 744
776 745
776 775
777 746
778 777
778 747
778 746
779 748
779 778
780 779
780 749
781 750
781 780
783 751
783 752
784 783
784 753
784 752
785 753
785 754
786 755
787 756
787 755
787 786
788 757
788 756
788 787
789 758
790 759
790 789
791 759
791 790
791 760
792 760
792 791
793 762
794 763
795 764
795 794
796 765
797 765
797 766
797 796
798 766
798 797
798 767
799 736
799 768
799 798
799 767
800 769
801 770
801 800
801 769
802 771
802 770
803 772
803 802
804 772
804 773
805 773
805 804
805 774
806 775
806 805
807 775
808 776
808 807
809 777
809 778
810 779
810 809
811 780
811 810
812 780
812 781
812 811
813 782
813 812
814 783
814 782
814 813
815 784
815 814
816 815
816 785
816 784
817 785
817 786
817 816
818 787
818 786
819 787
819 788
819 818
820 819
820 789
821 789
821 790
822 821
822 791
822 790
823 822
824 823
824 793
825 794
825 824
825 793
826 825
826 795
827 796
827 795
828 797
829 798
829 797
830 829
830 799
831 830
831 800
831 799
832 801
833 802
833 832
834 802
834 833
836 805
836 804
837 805
837 806
838 807
839 807
839 838
839 808
840 808
840 839
841 840
841 810
842 841
842 810
842 811
843 812
843 811
843 842
844 843
844 813
845 844
845 813
846 845
846 814
847 815
847 846
847 816
848 816
848 817
849 848
850 819
850 818
850 849
851 819
851 850
852 820
852 851
852 821
853 852
854 823
854 822
854 853
855 854
856 825
856 855
856 824
857 826
857 825
858 826
858 827
858 857
859 828
859 827
860 829
860 859
861 860
861 829
862 830
862 831
863 831
863 800
863 832
863 862
865 864
865 834
866 865
867 836
867 866
867 835
868 867
868 836
868 837
869 838
869 868
870 839
870 838
871 840
871 839
872 840
873 842
874 843
874 842
875 874
875 844
875 843
876 845
876 875
877 846
877 876
878 846
878 877
878 847
879 847
879 848
880 849
881 850
882 851
883 851
884 853
884 852
886 885
886 854
887 856
888 857
888 856
890 859
890 858
890 889
891 859
892 860
892 891
892 861
893 861
893 892
893 862
894 893
894 862
894 863
895 864
895 832
895 894
896 865
896 864
897 866
898 897
898 867
899 867
900 868
900 899
900 869
901 870
901 869
901 900
902 871
903 872
903 902
903 871
904 903
905 904
908 907
908 877
909 878
910 878
910 909
910 879
911 879
911 880
912 881
912 880
913 882
913 881
913 912
914 913
914 883
914 882
915 883
915 914
915 884
916 884
916 885
916 915
917 886
917 916
918 886
919 888
919 887
920 889
920 919
920 888
921 920
921 890
922 921
922 891
922 890
923 891
923 922
924 923
924 892
925 893
926 894
926 895
927 896
927 926
927 895
928 896
928 897
929 897
929 928
930 929
931 899
931 900
932 931
933 901
934 933
935 934
935 904
935 903
936 905
936 904
937 936
937 905
938 906
938 907
939 907
939 938
940 908
941 940
941 909
942 941
943 942
943 911
944 913
944 912
945 913
945 944
945 914
946 914
946 915
947 946
947 916
948 947
948 917
949 948
949 917
950 949
951 950
951 920
952 951
953 922
953 952
954 953
954 923
954 922
955 923
956 924
956 925
957 956
957 925
958 957
959 896
959 927
959 958
959 928
960 929
961 960
961 929
961 930
962 961
962 931
963 962
963 932
964 963
965 933
965 964
966 935
967 936
967 966
968 937
968 936
968 967
969 938
969 937
970 938
970 939
971 970
971 939
972 940
972 941
972 971
973 941
973 972
974 942
974 973
974 943
975 943
975 974
977 976
977 945
977 946
978 947
979 978
979 947
980 979
980 948
980 949
981 949
982 981
982 951
982 950
983 982
983 952
984 983
985 953
985 984
985 954
986 954
987 986
987 955
987 956
988 956
988 987
989 957
990 989
990 959
991 928
991 960
991 959
991 990
992 0
992 961
993 1
993 962
994 2
994 963
994 1
994 962
994 993
995 994
995 964
995 3
996 3
996 965
996 995
996 964
997 5
997 4
997 966
997 965
998 6
998 967
998 5
998 997
998 966
999 968
999 998
999 967
1000 968
1000 999
1000 969
1000 8
1001 969
1001 9
1001 970
1001 1000
1001 8
1002 10
1002 970
1002 1001
1003 972
1003 971
1003 1002
1003 11
1003 10
1004 972
1004 12
1004 11
1004 973
1005 13
1005 973
1005 974
1006 974
1006 13
1006 975
1006 14
1007 15
1007 14
1008 16
1008 1007
1008 977
1009 1008
1009 17
1009 16
1009 978
1010 978
1010 979
1011 1010
1011 980
1011 979
1012 1011
1012 980
1013 21
1013 982
1013 20
1013 981
1014 1013
1014 982
1014 21
1014 983
1014 22
1015 23
1015 1014
1016 23
1016 985
1016 1015
1016 984
1016 24
1017 986
1017 985
1017 25
1018 25
1018 26
1018 1017
1019 988
1019 27
1019 1018
1020 1019
1020 988
1020 27
1021 1020
1021 989
1022 990
1022 1021
1022 991
1022 29
1022 30
1023 30
1023 992
1023 31
1023 991
