32 32
1 0
2 1
3 2
5 4
6 5
7 6
8 7
9 8
12 11
13 12
14 13
16 15
17 16
18 17
19 18
20 19
21 20
22 21
23 22
25 24
27 26
28 27
31 0
32 1
32 0
34 2
34 3
35 4
36 4
36 35
37 6
37 36
38 7
38 6
39 7
39 38
39 8
40 8
40 9
41 9
42 10
42 41
43 42
43 12
44 12
44 13
45 44
45 13
45 14
46 45
47 46
47 15
47 16
48 16
48 47
49 17
49 48
49 18
50 19
51 19
51 20
52 51
52 20
53 21
53 52
54 22
55 24
55 54
55 23
56 24
56 25
57 56
57 26
58 26
58 57
59 28
60 59
61 30
62 30
62 31
63 31
63 32
64 32
64 33
65 33
66 34
66 35
67 35
67 36
68 37
68 67
69 38
69 68
70 38
70 69
70 39
71 70
71 40
72 41
73 72
73 41
73 42
74 43
74 42
74 73
75 43
76 44
76 75
76 45
77 46
77 45
77 76
78 77
78 46
78 47
79 48
79 47
80 48
80 79
80 49
81 49
82 51
82 50
83 82
84 83
84 52
85 54
85 53
87 56
87 86
89 88
89 58
90 89
90 58
90 59
91 60
92 91
93 62
93 61
93 92
94 93
94 63
95 32
96 64
96 65
97 65
97 96
97 66
98 97
98 66
98 67
99 98
99 67
100 68
100 99
101 70
101 100
101 69
102 101
102 71
103 72
103 102
104 72
104 73
105 73
105 104
105 74
106 74
106 105
107 76
108 76
109 77
110 78
111 80
112 80
113 112
113 81
113 82
114 82
114 113
115 114
116 85
117 86
117 85
117 116
118 87
118 117
118 86
119 118
120 89
120 88
121 90
121 89
122 91
122 121
122 90
123 91
123 122
123 92
125 94
125 93
126 125
126 94
126 95
127 126
127 95
127 96
127 64
128 97
128 96
129 128
129 97
130 98
130 99
131 99
132 101
132 131
133 102
133 132
134 133
135 104
135 134
135 103
136 135
136 105
137 105
137 136
138 107
138 137
139 138
139 108
140 109
140 139
141 140
142 110
142 141
143 111
143 112
144 113
145 114
146 114
146 115
146 145
147 146
148 117
149 118
149 117
149 148
150 149
150 119
150 118
151 150
151 119
151 120
152 151
153 121
153 152
154 153
154 122
154 123
155 154
155 123
156 155
156 125
156 124
157 126
157 156
157 125
158 126
158 127
158 157
159 96
159 128
159 127
160 128
160 129
161 129
161 160
161 130
162 161
163 131
163 162
163 132
164 132
164 133
165 133
165 134
165 164
167 136
167 135
167 166
168 137
169 168
169 137
170 139
170 169
171 139
171 140
172 171
173 172
174 173
174 143
175 144
176 145
176 175
176 144
177 146
177 145
177 176
178 177
179 178
179 147
180 149
180 179
181 149
181 150
182 150
182 181
183 151
183 152
184 152
185 153
185 154
185 184
186 154
187 155
187 156
188 156
188 187
188 157
189 188
189 158
191 190
191 160
192 161
192 160
193 192
193 162
194 193
194 162
194 163
196 165
196 195
196 164
197 166
197 196
198 167
199 198
199 167
199 168
200 199
201 170
201 169
201 200
202 170
202 171
202 201
203 172
203 202
203 171
204 173
204 172
205 204
205 174
205 173
206 174
207 175
208 207
208 176
209 178
209 177
210 209
213 181
213 212
214 183
214 213
215 184
215 183
216 184
216 215
216 185
217 216
218 186
218 187
218 217
219 188
219 218
219 187
220 189
221 220
221 189
222 190
222 221
223 191
223 222
224 192
224 193
225 224
225 193
226 194
226 195
227 195
227 226
227 196
228 227
228 196
229 228
229 198
230 199
231 200
231 230
232 201
232 200
232 231
233 202
233 201
235 234
235 204
236 235
236 204
237 205
237 206
238 207
238 237
239 207
240 239
241 240
241 210
241 209
242 211
242 241
243 242
243 212
243 211
244 212
244 243
246 214
247 246
247 215
248 247
248 216
248 217
249 217
249 248
250 219
250 218
250 249
251 219
252 221
253 221
254 223
254 222
254 253
255 254
255 223
256 225
256 224
257 225
258 257
258 227
258 226
260 259
260 228
261 229
261 230
261 260
262 261
263 231
264 233
264 232
265 233
265 234
266 235
266 234
266 265
267 236
268 267
268 237
269 268
269 238
270 239
270 269
271 239
271 240
271 270
272 240
272 271
273 241
274 242
275 244
275 274
275 243
276 275
276 245
276 244
277 246
277 276
278 246
279 278
279 247
280 279
281 250
282 251
282 250
283 252
283 282
283 251
284 252
285 253
285 254
285 284
286 254
286 285
287 256
287 255
287 286
287 224
288 256
289 257
289 288
290 258
290 259
291 259
291 260
293 292
293 261
293 262
294 293
294 262
294 263
295 264
295 294
295 263
296 295
296 265
296 264
297 296
298 267
298 297
298 266
299 268
300 299
301 300
301 270
301 269
302 270
302 271
303 271
304 303
304 272
305 273
305 274
306 275
306 305
306 274
307 275
307 276
307 306
308 307
308 277
308 276
309 277
309 278
310 278
310 309
310 279
311 280
312 311
312 280
312 281
313 282
313 312
314 313
315 284
315 283
315 314
316 285
317 316
317 285
318 286
318 287
319 288
319 287
319 318
320 289
322 321
322 291
322 290
323 292
324 293
324 323
325 294
326 295
327 295
327 296
327 326
328 296
328 327
329 297
330 298
331 330
331 300
331 299
332 300
332 331
333 302
333 301
334 302
334 333
335 304
335 303
335 334
336 305
337 305
337 306
337 336
338 337
339 308
339 307
340 308
340 339
341 340
341 310
341 309
342 341
342 311
343 312
343 342
344 312
344 313
345 314
345 313
346 315
346 345
346 314
347 316
348 347
348 317
349 318
350 318
350 319
351 320
351 288
351 350
352 320
352 321
353 321
353 322
354 353
354 323
355 323
356 324
356 355
357 326
357 356
358 357
359 327
360 329
360 359
361 360
361 329
362 330
362 331
363 362
363 331
364 332
364 363
365 364
365 333
365 334
366 365
367 336
367 335
367 366
368 367
369 338
370 339
370 338
370 369
371 340
372 340
373 341
374 343
375 343
375 344
376 345
376 344
377 345
377 346
378 346
378 377
379 348
379 347
380 379
380 348
380 349
381 349
382 381
382 350
383 352
383 320
384 353
385 384
385 354
386 354
386 355
386 385
387 355
388 387
388 356
389 388
389 357
390 359
391 360
391 359
392 360
392 361
392 391
393 362
393 392
394 363
394 393
395 363
396 395
396 364
396 365
397 366
397 365
398 367
398 397
398 366
399 367
399 398
400 399
400 368
401 369
401 400
401 370
402 401
402 371
402 370
403 402
403 371
403 372
404 403
404 373
405 404
405 373
406 374
406 405
407 375
407 376
408 377
408 407
409 408
409 377
410 379
410 378
411 379
411 380
412 411
413 412
414 383
414 382
415 384
415 352
415 383
416 384
417 386
417 385
418 386
419 388
420 388
420 419
421 390
422 391
422 421
423 391
424 392
424 423
425 393
425 394
425 424
426 395
427 426
427 395
427 396
428 396
428 397
429 397
429 428
429 398
430 429
430 398
430 399
431 430
431 399
432 400
432 431
432 401
433 432
434 403
434 433
435 403
435 404
435 434
436 405
436 435
437 436
438 406
438 437
438 407
439 438
439 408
440 409
441 410
442 410
443 412
443 411
444 412
444 413
444 443
445 444
446 445
446 414
447 384
447 416
447 446
448 417
449 418
449 448
450 418
450 449
451 420
451 419
452 451
452 421
452 420
453 421
453 422
454 423
455 424
455 423
456 424
457 425
457 456
458 427
458 457
459 428
459 427
459 458
460 429
460 459
460 428
461 460
461 429
462 461
462 431
463 431
463 462
464 463
464 433
465 464
466 435
467 436
467 466
468 436
468 467
468 437
470 438
470 469
470 439
471 470
471 439
472 440
473 442
473 472
473 441
474 442
474 473
474 443
475 474
475 443
476 445
476 475
477 446
478 446
479 416
479 478
480 448
481 449
481 480
481 450
482 451
482 450
483 451
483 452
484 453
485 484
485 453
485 454
486 485
487 486
487 455
488 487
488 457
489 488
489 458
489 457
490 459
490 458
490 489
491 459
491 460
492 460
492 461
493 462
493 492
494 462
494 493
495 463
496 465
496 464
497 496
497 466
497 465
498 466
499 468
499 498
500 499
500 469
500 468
501 500
502 471
502 501
503 502
503 471
503 472
504 503
504 472
505 504
505 474
506 505
506 474
506 475
507 506
507 475
507 476
508 476
508 477
509 478
509 508
510 478
510 479
511 480
512 481
513 481
514 483
514 513
514 482
515 514
516 485
516 515
516 484
517 486
518 517
518 486
518 487
519 518
519 488
519 487
520 488
521 520
522 491
522 490
523 491
523 492
525 493
525 524
526 495
526 525
527 496
528 497
528 496
528 527
530 529
530 498
531 499
531 500
532 500
532 531
533 501
533 532
534 502
534 533
535 504
535 503
536 504
536 505
537 536
537 506
538 507
539 507
539 538
539 508
540 539
540 509
540 508
541 509
541 510
542 510
543 480
543 542
543 512
544 512
545 514
545 513
545 544
546 545
546 515
546 514
547 516
547 515
547 546
548 547
548 516
548 517
550 518
550 519
551 519
551 550
552 520
553 521
553 552
554 523
554 553
555 524
555 554
555 523
556 555
556 525
556 524
557 526
558 526
559 527
560 529
560 528
561 529
562 530
562 561
563 562
564 532
564 533
566 534
566 535
567 566
567 535
567 536
568 567
568 536
569 568
569 538
571 539
571 570
571 540
572 541
572 540
573 542
573 541
574 542
574 573
575 574
575 544
575 512
576 545
578 546
579 548
579 547
579 578
580 548
580 549
580 579
581 550
582 551
582 550
582 581
583 582
583 552
583 551
584 583
584 553
584 552
585 554
585 584
586 585
587 555
588 556
590 558
590 559
590 589
591 560
591 590
592 561
592 591
593 562
593 561
594 593
594 563
594 562
595 564
595 563
596 564
596 565
597 565
597 596
598 597
598 566
599 568
599 598
600 569
601 569
602 570
602 601
603 571
603 572
604 603
604 573
605 574
605 604
605 573
606 605
606 575
607 576
607 606
607 575
609 577
609 578
610 578
610 609
611 579
611 610
612 580
612 581
612 611
613 581
614 582
614 613
614 583
615 614
615 583
616 585
616 584
617 585
617 586
618 587
618 586
618 617
619 588
619 618
619 587
620 588
620 619
620 589
621 589
621 620
622 621
622 591
623 592
623 622
624 593
624 592
625 593
625 624
626 594
626 595
626 625
627 596
627 595
628 597
629 598
629 597
629 628
630 629
631 599
631 630
633 632
633 602
634 603
634 633
634 602
635 634
635 604
635 603
636 635
636 605
636 604
637 636
637 605
638 637
639 608
639 638
639 576
640 609
641 610
641 640
641 609
642 610
642 641
643 612
643 611
644 613
644 612
644 643
645 644
645 613
646 645
646 615
647 616
647 646
647 615
648 617
648 647
649 617
649 648
650 619
650 618
651 619
652 621
652 651
652 620
653 621
653 622
655 654
655 623
656 655
657 625
657 656
658 627
659 628
659 627
660 629
661 660
661 630
661 629
662 631
662 661
662 630
663 632
663 631
664 663
665 633
666 634
666 635
667 666
667 635
667 636
668 636
668 667
668 637
669 668
669 638
670 638
670 639
671 639
671 608
671 670
672 641
672 640
673 642
673 641
674 643
675 674
676 644
676 675
677 645
677 676
678 677
678 647
679 648
679 647
679 678
680 649
682 651
682 681
682 650
683 682
683 652
683 651
684 652
684 683
685 653
685 684
685 654
686 654
686 685
687 656
687 655
687 686
688 657
689 658
689 688
690 659
690 658
691 690
691 660
692 691
692 661
692 660
693 662
693 661
694 662
694 663
694 693
696 664
696 665
697 665
699 668
699 698
699 667
700 699
701 700
701 669
701 670
702 671
702 701
703 671
703 640
703 702
704 673
704 672
705 674
706 705
706 674
706 675
707 675
707 676
708 677
708 676
709 678
710 678
710 709
711 679
712 711
712 681
713 681
715 714
715 683
716 684
717 686
717 685
718 687
718 717
719 718
719 688
720 689
720 688
721 690
721 720
722 721
722 690
723 691
723 692
724 693
724 692
725 693
725 694
726 695
726 694
726 725
727 696
727 695
728 697
729 728
729 697
729 698
730 729
730 699
730 698
731 700
732 701
733 702
733 732
734 703
735 704
735 734
735 703
735 672
737 706
737 705
738 737
739 708
740 709
740 708
742 711
742 741
743 742
744 713
744 712
745 714
745 744
746 714
746 715
746 745
747 716
747 746
747 715
748 717
748 747
748 716
749 748
749 718
749 717
750 719
750 718
751 720
752 751
752 721
752 720
754 722
754 723
754 753
756 755
757 725
759 758
760 729
761 730
761 760
762 730
763 732
764 733
764 732
764 763
765 734
765 764
765 733
766 735
766 734
767 736
767 766
768 736
768 737
769 738
770 769
771 770
772 741
773 772
773 741
773 742
774 742
774 743
774 773
775 774
776 775
777 746
777 745
778 777
778 746
779 748
779 747
779 778
780 779
780 749
780 748
781 750
782 750
782 751
783 782
783 752
785 754
785 753
785 784
786 755
787 755
787 786
788 757
788 756
788 787
789 757
789 758
790 758
790 759
790 789
791 790
793 792
793 762
793 761
794 763
794 762
795 763
795 764
796 765
796 795
797 796
797 765
797 766
798 767
798 797
799 798
799 767
799 736
799 768
801 769
802 770
803 802
803 772
804 772
804 803
805 804
806 775
807 775
807 806
808 777
809 778
809 777
810 779
810 778
811 810
812 811
812 780
812 781
813 782
813 812
813 781
814 782
815 814
815 784
816 785
816 815
816 784
817 816
817 786
817 785
818 817
818 787
820 819
821 789
822 790
823 792
823 791
824 792
825 794
825 793
826 825
826 794
827 795
827 796
827 826
828 827
829 797
829 798
830 829
830 799
831 768
832 800
833 802
833 832
833 801
834 833
834 803
834 802
835 804
836 804
836 835
837 806
837 836
838 806
838 807
839 807
840 839
840 808
841 809
842 811
842 841
843 811
843 842
843 812
844 812
844 813
844 843
845 844
845 814
845 813
846 814
846 845
846 815
847 816
847 846
848 817
848 847
848 816
849 818
849 817
850 818
850 819
850 849
851 820
851 850
851 819
852 821
853 821
853 852
854 823
854 822
855 823
856 855
857 825
857 826
857 856
858 827
858 857
858 826
859 858
860 829
860 828
861 860
862 861
863 832
863 800
863 862
864 832
864 833
865 834
865 833
865 864
866 835
867 866
867 835
867 836
868 867
868 836
869 837
870 839
871 870
872 841
872 871
873 841
873 872
873 842
874 842
874 873
875 874
875 844
876 844
876 875
876 845
877 845
877 846
877 876
878 846
878 877
879 848
879 847
880 879
880 848
882 881
882 851
882 850
883 882
883 852
883 851
884 883
884 853
884 852
885 884
885 853
885 854
886 885
886 854
887 855
888 856
889 857
889 888
890 858
890 889
890 859
891 890
891 860
892 861
892 891
893 862
893 861
894 862
894 863
894 893
895 832
896 864
897 866
897 896
897 865
898 866
898 897
899 868
899 898
899 867
900 869
900 868
900 899
901 869
901 870
901 900
902 901
904 872
904 873
905 874
905 904
906 875
906 874
907 875
907 906
908 907
908 876
908 877
909 878
909 877
910 909
911 880
912 881
912 880
912 911
913 881
914 882
914 883
915 883
915 884
916 884
916 885
917 886
917 885
918 886
918 887
919 887
920 919
922 891
922 890
923 922
924 923
925 894
925 893
926 925
926 895
927 895
927 896
927 926
927 864
928 897
928 896
930 899
930 929
931 930
931 900
932 931
932 901
933 901
933 902
933 932
934 903
934 933
934 902
935 934
935 904
936 904
936 905
937 906
937 936
938 906
938 937
939 907
940 909
941 940
942 910
942 941
943 912
943 911
945 913
946 914
946 945
947 946
947 915
947 916
948 947
948 916
949 918
950 918
950 949
950 919
951 919
951 950
953 921
953 922
953 952
954 922
955 954
956 955
956 924
957 926
957 956
958 957
958 927
958 926
959 896
959 928
959 927
960 929
960 928
961 930
962 930
962 961
963 962
964 932
964 933
965 934
965 964
965 933
966 935
966 965
967 935
967 936
967 966
968 937
969 968
969 938
970 939
970 938
970 969
971 940
971 970
971 939
973 942
973 941
973 972
974 943
974 942
975 943
976 945
976 975
976 944
977 976
977 946
977 945
978 946
978 947
979 978
980 948
980 949
981 949
981 950
981 980
982 950
982 951
983 951
983 952
984 953
985 953
986 985
987 956
987 955
988 957
989 957
989 988
989 958
990 989
990 958
991 960
991 959
991 928
992 0
992 31
992 961
993 0
993 992
993 962
994 963
994 1
994 962
994 2
995 2
995 964
995 3
995 994
996 3
996 965
996 4
997 966
997 4
997 965
998 966
998 967
998 5
999 968
999 6
999 967
999 998
1000 7
1000 968
1000 8
1001 9
1001 8
1001 970
1002 1001
1002 10
1003 971
1003 11
1003 972
1003 1002
1003 10
1004 973
1004 11
1004 12
1004 972
1005 1004
1005 12
1005 974
1006 1005
1006 974
1006 975
1006 14
1007 1006
1007 976
1007 975
1008 16
1008 1007
1008 977
1008 976
1009 978
1009 1008
1010 17
1010 979
1010 1009
1010 978
1011 19
1011 979
1011 1010
1011 980
1011 18
1012 980
1012 19
1012 20
1012 981
1013 20
1013 982
1013 981
1013 21
1014 983
1014 22
1014 1013
1014 21
1014 982
1015 22
1016 24
1017 25
1017 24
1017 1016
1017 986
1019 987
1019 26
1019 988
1019 1018
1019 27
1020 989
1020 28
1021 28
1021 29
1021 1020
1021 990
1023 31
1023 992
1023 30
