32 32
1 0
3 2
4 3
6 5
7 6
9 8
11 10
12 11
13 12
14 13
15 14
16 15
17 16
19 18
20 19
22 21
23 22
25 24
29 28
31 0
31 30
33 2
33 1
34 3
35 34
35 3
36 5
36 4
36 35
37 5
37 6
38 7
38 37
38 6
39 38
39 7
40 9
40 39
40 8
41 9
41 10
42 11
43 42
43 11
43 12
44 43
45 44
45 13
46 14
47 15
48 17
48 16
48 47
49 17
49 48
50 18
50 19
50 49
51 19
51 50
52 20
52 21
53 52
53 22
54 22
55 24
55 23
56 25
56 55
56 24
57 25
57 26
57 56
58 26
59 27
60 29
60 59
61 30
61 60
61 29
62 61
62 30
62 31
63 62
63 32
63 0
64 32
65 33
65 34
66 34
66 65
67 36
67 66
69 68
69 38
69 37
70 38
70 69
71 70
71 39
72 71
72 40
72 41
73 42
74 73
74 43
74 42
75 74
75 43
75 44
76 75
76 45
76 44
77 45
77 46
77 76
78 46
78 77
78 47
79 78
79 47
79 48
80 79
80 48
80 49
81 49
81 80
81 50
82 50
83 82
83 51
83 52
84 83
85 54
85 53
85 84
86 85
86 54
86 55
87 86
87 55
88 87
89 58
89 88
89 57
90 89
90 58
91 90
91 59
91 60
92 60
92 61
93 92
93 62
94 93
94 63
94 62
95 63
95 32
95 64
96 64
97 96
98 66
99 98
99 67
99 68
100 69
100 99
100 68
101 100
101 70
101 69
102 101
102 70
102 71
103 72
103 71
104 72
104 73
104 103
105 74
105 104
106 75
106 105
107 75
108 107
108 77
109 77
109 108
109 78
110 78
110 109
111 80
111 110
111 79
112 81
113 82
113 81
113 112
114 82
115 83
115 114
115 84
116 84
116 115
117 86
117 116
118 87
118 86
118 117
119 118
119 88
120 89
120 88
120 119
121 90
121 89
122 91
122 121
122 90
123 122
123 91
124 123
124 93
124 92
125 124
126 94
126 95
127 126
127 96
127 64
127 95
128 97
129 128
129 98
129 97
130 98
131 100
131 130
132 101
132 131
133 102
133 101
133 132
134 103
134 102
135 104
135 103
135 134
136 105
136 135
137 105
137 136
137 106
138 137
138 106
138 107
139 138
139 108
140 108
140 109
141 110
142 141
143 112
143 142
143 111
144 143
144 112
144 113
145 113
145 144
145 114
146 115
146 145
147 115
147 116
149 148
149 118
149 117
150 119
151 119
153 152
153 122
154 123
154 153
154 122
155 154
155 124
156 125
156 124
157 125
157 126
158 127
159 127
159 128
160 129
160 128
161 130
161 129
161 160
162 130
162 161
162 131
163 132
163 131
164 132
164 163
165 133
165 164
166 165
166 135
167 136
167 166
168 167
168 136
169 168
169 138
169 137
170 139
170 169
171 170
171 140
172 140
173 172
173 142
174 142
175 144
175 143
176 144
176 175
177 176
177 145
178 147
178 146
179 148
180 148
181 149
181 150
181 180
182 150
182 181
182 151
183 151
183 152
183 182
184 183
185 153
186 185
186 154
187 186
187 156
188 156
188 187
189 188
189 157
190 159
191 190
191 160
191 159
192 160
192 161
193 161
193 162
194 162
195 194
195 164
196 164
196 165
196 195
197 166
197 196
197 165
198 197
198 167
199 198
200 199
200 168
201 169
201 170
202 201
202 170
203 171
204 203
204 173
205 173
205 174
206 174
206 175
206 205
207 175
207 176
208 177
208 207
209 178
209 208
210 179
210 178
210 209
212 180
212 181
213 212
213 182
214 213
214 183
215 214
215 183
215 184
216 184
216 215
217 186
217 216
218 217
219 188
220 219
220 189
221 220
221 189
222 191
222 190
223 191
224 192
225 194
225 224
226 194
226 225
226 195
227 196
227 195
228 197
228 227
229 197
229 198
230 198
230 229
231 200
232 200
232 231
233 232
233 201
234 203
234 202
235 234
235 203
235 204
236 205
237 205
237 206
237 236
238 207
239 208
239 207
239 238
240 209
241 240
241 210
242 241
242 210
242 211
243 242
243 211
243 212
244 243
244 213
245 213
245 214
245 244
246 245
246 215
247 215
247 246
248 216
248 247
249 217
249 218
250 249
250 219
250 218
251 220
251 250
251 219
252 221
252 251
252 220
253 221
254 223
255 254
255 192
255 223
256 225
256 224
257 256
257 225
258 226
258 227
259 228
259 227
261 260
261 229
261 230
262 230
262 261
263 262
263 231
263 232
264 232
264 233
264 263
265 234
265 264
265 233
266 234
266 265
266 235
267 235
268 236
268 237
269 237
269 238
270 239
271 240
272 241
272 240
272 271
273 242
274 243
274 273
275 243
275 244
275 274
276 244
276 275
277 245
277 276
278 247
278 246
278 277
279 248
279 278
280 249
280 279
281 280
282 250
282 281
282 251
283 251
284 253
284 252
286 255
286 285
287 255
287 256
289 257
289 288
290 289
290 259
291 260
291 259
292 261
292 260
292 291
293 261
293 262
293 292
294 262
294 293
294 263
295 263
295 294
296 264
296 265
297 265
297 266
297 296
298 267
298 266
298 297
299 268
300 299
300 269
300 268
301 300
301 270
302 271
303 272
303 271
303 302
304 303
304 272
304 273
305 304
305 274
306 274
307 275
307 306
307 276
308 276
308 277
309 278
309 308
310 278
310 279
310 309
311 310
311 280
312 281
312 311
312 280
313 281
313 282
314 313
314 282
314 283
315 314
315 283
315 284
316 315
316 284
317 285
317 286
317 316
318 317
318 286
318 287
319 318
319 256
319 287
320 289
320 288
321 289
321 290
321 320
322 321
322 290
322 291
323 292
323 322
323 291
324 323
324 292
325 294
325 324
325 293
326 325
326 294
327 295
327 326
328 296
330 299
331 300
331 299
331 330
332 301
332 300
333 301
333 302
333 332
334 302
334 303
334 333
335 334
335 304
336 335
336 304
337 306
338 306
338 307
339 308
339 307
340 308
340 339
341 340
341 309
341 310
342 311
342 310
343 312
344 343
344 313
345 314
346 315
347 316
347 315
348 316
348 347
349 318
349 317
349 348
350 319
350 318
351 288
351 319
352 321
353 352
354 353
354 323
355 323
355 354
356 324
356 325
357 356
357 325
358 327
358 326
359 328
359 327
359 358
360 328
360 359
361 360
361 330
362 361
362 331
362 330
363 332
363 362
364 332
364 363
365 364
365 334
366 365
366 334
367 366
367 336
368 336
369 338
369 368
370 338
370 369
371 340
372 341
372 371
372 340
373 342
374 373
374 342
374 343
376 375
376 344
376 345
377 345
377 376
377 346
378 346
378 347
379 378
380 349
380 348
380 379
381 380
381 350
382 381
382 351
383 352
383 320
383 351
384 353
384 352
385 353
385 384
385 354
386 355
387 355
387 356
388 387
388 356
389 357
389 388
389 358
390 358
390 389
391 390
391 360
392 391
392 361
393 392
393 362
394 362
395 364
395 363
396 395
397 366
397 365
398 397
398 367
398 366
399 367
399 398
400 369
400 399
401 400
401 370
401 369
402 371
402 370
402 401
403 372
403 402
404 372
404 373
405 404
406 375
406 374
407 376
407 406
408 407
408 376
409 408
409 378
410 409
410 379
411 379
412 381
413 382
413 412
413 381
414 382
414 413
415 414
415 352
416 384
417 385
417 386
418 417
418 386
419 388
419 387
420 388
421 420
421 390
421 389
422 390
423 391
423 422
423 392
424 392
424 393
424 423
425 394
425 393
427 396
428 396
428 427
429 397
429 428
430 429
430 398
431 400
431 399
432 401
432 431
433 432
433 402
434 403
434 402
434 433
435 404
435 403
436 405
436 435
437 436
437 405
437 406
438 406
438 437
439 408
439 407
439 438
440 439
440 408
440 409
441 440
441 409
442 411
442 410
443 412
443 411
443 442
444 413
444 412
446 445
446 415
447 384
447 416
447 446
447 415
448 417
449 448
449 418
450 418
451 450
451 419
451 420
452 420
452 451
453 421
453 422
453 452
454 423
454 453
455 423
456 424
456 455
456 425
457 426
458 426
459 428
459 427
460 459
460 429
461 429
461 430
461 460
462 430
463 462
463 432
464 433
464 432
465 434
465 433
465 464
466 465
466 434
466 435
467 466
467 436
468 436
468 437
468 467
469 437
469 438
470 438
471 470
471 440
472 441
472 471
472 440
473 442
473 472
474 443
475 443
475 444
475 474
476 444
476 475
477 476
477 445
477 446
478 477
479 448
479 478
479 447
480 448
480 449
481 480
481 450
482 450
483 452
483 482
484 453
484 483
485 484
485 454
486 454
486 455
486 485
487 455
487 456
488 457
488 487
489 457
489 458
490 458
490 489
491 459
491 460
491 490
492 460
493 461
493 492
494 493
494 462
494 463
495 464
495 494
496 495
497 496
497 465
498 466
499 468
500 468
501 500
502 470
502 501
503 471
503 472
503 502
504 473
504 503
505 474
505 504
505 473
506 474
506 505
507 476
507 506
507 475
508 476
508 507
508 477
509 508
509 477
509 478
510 509
510 479
510 478
511 479
511 510
511 448
511 480
512 480
513 482
514 513
514 483
514 482
515 483
515 514
516 515
516 484
516 485
517 485
517 486
518 517
518 486
518 487
519 487
519 488
520 489
520 488
520 519
521 520
521 489
522 491
523 522
523 491
523 492
524 492
524 493
525 524
525 494
525 493
526 525
526 494
527 496
528 496
528 497
529 498
529 528
530 498
531 530
532 501
533 502
533 501
534 533
534 502
534 503
535 504
535 534
536 505
536 535
537 506
537 536
537 505
538 507
538 506
539 538
539 507
540 509
540 539
541 510
541 509
541 540
542 541
542 511
543 542
543 480
543 512
543 511
544 513
545 544
545 513
545 514
546 545
546 515
546 514
547 515
547 546
548 517
548 516
549 518
549 548
549 517
550 518
550 519
551 520
551 550
552 551
552 520
553 521
553 552
553 522
554 523
554 522
554 553
555 554
555 523
555 524
556 525
557 526
557 556
557 525
558 526
558 527
559 528
559 558
559 527
560 529
560 559
561 560
561 530
562 531
562 561
563 531
563 532
564 532
564 533
565 534
565 564
566 535
566 534
566 565
567 536
567 566
568 537
568 536
569 537
569 568
570 539
570 538
571 540
571 539
572 541
572 571
573 542
574 542
575 544
575 543
575 512
576 545
576 544
577 545
577 576
577 546
578 546
578 577
579 547
579 578
580 549
581 549
581 580
582 551
582 550
583 551
583 582
584 583
585 553
585 584
585 554
586 585
586 554
587 555
587 586
589 558
589 588
589 557
590 559
590 589
591 559
592 591
592 561
593 592
594 562
594 593
594 563
597 596
597 566
598 567
599 598
599 568
599 567
600 599
601 600
602 570
602 601
603 571
603 572
603 602
604 603
604 572
605 574
605 573
605 604
606 575
606 605
607 575
607 544
607 576
607 606
608 577
609 577
609 578
610 609
610 579
611 610
611 580
611 579
612 580
613 612
614 583
614 613
614 582
615 583
615 584
615 614
616 584
616 585
616 615
617 586
618 617
618 586
619 618
619 588
620 588
620 619
621 589
621 620
622 591
622 590
623 592
623 622
623 591
624 592
624 593
625 624
625 593
625 594
626 594
626 595
627 596
627 595
628 627
629 628
629 598
630 599
632 631
632 600
632 601
633 602
633 601
633 632
634 602
634 603
634 633
635 634
635 603
635 604
636 604
636 605
637 605
637 636
638 607
638 637
639 638
639 608
640 608
640 609
641 610
641 640
641 609
642 611
642 610
642 641
643 611
643 612
643 642
644 643
644 612
645 644
645 614
646 614
646 615
646 645
647 646
647 616
648 617
648 616
648 647
649 618
649 648
650 649
650 619
651 620
652 621
652 620
652 651
653 622
653 621
654 623
654 653
654 622
655 654
655 624
655 623
656 624
657 656
658 657
658 626
659 627
659 658
660 629
660 659
661 629
661 660
661 630
662 661
662 631
662 630
663 632
663 631
663 662
664 663
664 633
664 632
665 633
665 634
666 665
666 634
667 636
667 635
668 636
668 637
669 668
670 669
670 639
671 670
671 640
671 608
672 641
672 640
673 641
673 672
674 673
674 643
674 642
675 674
676 645
676 644
676 675
677 676
678 677
678 646
678 647
679 648
679 647
680 649
681 680
681 650
682 651
682 681
683 652
683 682
683 651
684 652
684 683
685 654
685 653
686 685
686 655
686 654
687 686
687 655
688 656
688 657
688 687
689 688
689 657
689 658
690 658
691 659
691 660
692 661
692 691
692 660
693 662
693 661
694 663
694 693
695 663
696 695
697 666
698 697
699 668
700 668
701 670
701 669
702 670
703 672
703 640
703 671
704 673
704 672
705 673
705 704
706 674
706 705
706 675
707 706
707 676
708 676
708 707
709 678
709 677
710 678
710 679
710 709
711 710
711 680
711 679
712 681
712 711
713 682
713 681
713 712
714 713
714 683
715 684
715 683
715 714
716 684
717 716
717 685
718 686
718 687
718 717
719 687
719 688
720 688
720 719
721 720
721 689
722 690
722 691
723 692
723 722
724 723
724 693
725 694
725 724
725 693
726 695
726 725
727 696
727 726
727 695
728 697
728 727
729 698
729 728
729 697
731 699
731 700
731 730
732 701
733 701
733 732
733 702
734 703
734 733
735 703
735 672
735 704
736 705
738 707
739 738
739 708
739 707
740 709
740 708
741 710
741 709
742 711
742 741
743 712
743 742
744 712
744 743
745 714
746 715
746 745
746 714
747 716
747 746
748 747
748 716
748 717
749 718
749 717
750 718
750 749
750 719
751 720
751 719
751 750
753 722
753 752
754 723
754 722
754 753
755 723
755 754
755 724
756 725
756 755
756 724
757 725
757 756
758 727
758 757
758 726
759 728
759 727
760 759
760 729
760 728
761 760
761 729
761 730
762 761
763 762
763 732
763 731
764 733
764 763
764 732
765 734
765 764
765 733
766 735
766 765
767 766
767 735
767 736
768 737
769 737
769 738
770 739
770 769
770 738
771 770
771 740
772 740
772 771
772 741
773 742
773 772
773 741
774 773
774 743
774 742
775 743
775 774
776 745
776 744
777 745
777 746
778 747
778 777
778 746
779 747
779 778
780 749
780 779
781 750
781 749
782 781
782 750
782 751
783 782
783 751
784 752
784 783
784 753
785 784
785 753
785 754
786 754
786 785
787 786
787 755
787 756
788 757
788 756
788 787
789 757
789 758
790 789
790 759
790 758
791 790
791 760
792 760
793 762
793 761
793 792
794 762
795 794
795 764
795 763
796 795
796 765
796 764
797 765
797 766
797 796
798 767
799 736
799 768
799 798
799 767
800 768
800 769
801 770
801 800
801 769
802 771
802 770
802 801
803 771
803 802
803 772
804 803
804 773
805 774
805 773
805 804
806 774
807 776
807 806
807 775
808 807
808 776
808 777
809 778
809 808
809 777
810 779
810 809
811 810
811 779
812 811
812 780
812 781
813 782
813 781
814 813
814 783
815 784
815 814
816 784
816 785
816 815
817 785
818 787
818 817
819 788
820 789
820 819
820 788
821 789
821 790
821 820
822 821
822 791
822 790
823 822
823 792
824 793
825 794
825 824
826 794
826 825
827 826
827 796
828 827
828 797
829 797
829 798
829 828
830 829
830 799
831 830
831 799
832 800
832 801
833 802
833 801
834 802
835 804
835 834
835 803
836 805
836 835
836 804
837 806
837 836
838 837
839 808
839 838
839 807
840 808
840 809
840 839
842 810
842 811
843 842
843 811
844 813
844 843
844 812
845 814
845 813
846 814
846 845
847 815
847 816
847 846
848 847
849 818
849 848
849 817
850 818
850 849
851 820
851 819
852 821
852 851
852 820
853 821
853 852
854 853
855 854
855 823
855 824
856 855
856 825
857 825
858 827
858 857
858 826
859 827
859 828
860 859
860 828
861 829
861 830
862 861
862 831
863 800
863 832
863 862
863 831
864 832
864 833
865 864
865 833
866 835
866 865
866 834
867 835
867 836
867 866
868 836
868 867
868 837
869 868
869 837
869 838
870 838
870 869
871 840
872 840
872 841
873 842
874 873
874 843
875 844
876 875
876 844
876 845
877 846
877 876
877 845
878 847
878 846
879 848
880 879
880 849
880 848
881 880
881 849
881 850
882 851
882 850
882 881
883 852
883 851
884 853
884 883
885 854
886 855
886 885
887 856
887 886
888 887
888 857
889 888
889 858
889 857
890 889
890 858
890 859
891 890
891 859
892 891
893 892
893 862
894 862
895 894
895 863
895 864
895 832
896 865
896 864
897 866
897 896
898 867
898 897
898 866
899 868
899 867
899 898
900 869
900 899
901 869
901 870
902 901
902 871
903 871
903 872
903 902
904 872
905 904
905 874
905 873
906 905
906 874
906 875
907 876
907 875
907 906
908 907
908 876
908 877
909 877
909 908
910 909
911 880
911 879
911 910
912 911
912 881
913 912
913 882
914 913
914 883
916 885
917 885
918 917
918 887
918 886
919 887
919 918
920 889
921 890
921 920
921 889
922 921
922 891
923 892
924 893
924 892
925 894
925 924
925 893
926 894
926 895
927 926
927 896
928 896
929 897
929 928
930 898
930 899
931 930
931 900
931 899
932 901
932 931
933 902
933 932
933 901
934 902
934 903
935 934
935 904
936 935
936 904
937 936
937 906
937 905
938 907
938 937
938 906
939 938
939 907
940 939
940 909
941 910
942 941
943 942
943 911
943 912
944 912
944 913
945 944
945 913
945 914
946 914
946 915
947 915
947 946
948 916
948 917
949 948
949 918
950 919
950 918
951 950
952 920
952 951
952 921
953 952
954 953
954 922
954 923
955 924
955 954
956 924
956 955
957 956
957 925
958 927
959 927
959 896
959 928
960 928
960 929
961 929
961 960
961 930
962 961
962 930
962 931
963 932
963 931
963 962
964 963
965 933
965 964
965 934
966 965
966 935
966 934
967 966
967 936
968 937
968 967
969 968
970 939
971 970
972 940
972 971
972 941
973 972
973 941
973 942
974 942
974 943
974 973
975 943
975 944
976 975
976 945
976 944
977 945
978 946
978 977
979 947
979 978
979 948
980 948
980 949
980 979
981 950
981 980
982 950
982 981
982 951
983 982
983 951
984 953
984 952
985 954
985 953
985 984
987 955
988 987
988 957
988 956
989 988
991 959
991 990
992 0
992 960
992 31
992 961
993 0
993 1
993 961
994 962
994 963
994 993
995 963
995 964
995 994
995 3
996 964
997 966
997 996
997 4
998 997
998 5
998 6
999 967
999 998
999 6
999 968
999 7
1000 999
1000 968
1000 8
1000 969
1001 1000
1001 969
1002 10
1002 970
1002 1001
1002 971
1002 9
1003 972
1003 971
1003 10
1003 11
1004 1003
1004 972
1004 973
1004 12
1005 973
1005 13
1005 12
1006 975
1006 974
1006 1005
1006 14
1007 975
1007 15
1007 1006
1007 14
1007 976
1008 16
1008 1007
1008 15
1008 977
1009 16
1009 17
1009 978
1009 977
1010 17
1010 1009
1010 978
1011 19
1011 1010
1011 18
1011 980
1012 1011
1012 20
1013 20
1013 21
1013 982
1013 1012
1013 981
1014 21
1014 22
1014 983
1015 1014
1015 22
1015 984
1015 23
1015 983
1016 24
1016 984
1016 23
1016 985
1017 24
1017 985
1017 1016
1017 25
1018 986
1018 987
1018 25
1019 987
1019 1018
1019 26
1019 988
1020 1019
1020 988
1020 989
1020 27
1021 1020
1021 990
1021 989
1022 1021
1023 960
1023 30
1023 1022
1023 992
1023 991
