32 32
1 0
2 1
3 2
4 3
5 4
7 6
8 7
9 8
10 9
11 10
12 11
14 13
15 14
17 16
18 17
19 18
20 19
21 20
22 21
23 22
25 24
26 25
27 26
28 27
29 28
30 29
31 0
32 0
32 1
33 1
33 32
34 3
34 33
35 4
35 34
36 35
37 6
38 7
38 37
38 6
39 8
39 7
40 39
40 8
41 10
41 40
42 10
42 11
43 42
43 11
44 12
45 13
45 14
45 44
46 45
46 14
47 46
48 16
48 17
48 47
49 18
49 17
50 19
50 18
51 50
51 20
52 21
52 20
52 51
53 52
53 21
53 22
54 22
54 53
55 23
56 24
56 55
56 25
57 56
57 26
58 26
58 27
58 57
59 58
59 28
59 27
61 29
62 61
62 31
63 62
63 0
63 31
64 33
64 32
66 35
67 36
67 35
67 66
68 67
68 36
69 68
69 38
70 39
70 69
70 38
71 40
72 41
72 40
72 71
73 42
74 43
74 73
75 43
75 44
76 75
77 45
78 47
78 46
79 48
79 47
79 78
80 79
81 80
82 51
82 50
82 81
83 82
83 51
84 83
84 53
85 84
86 85
86 55
87 55
87 86
88 57
88 87
89 57
89 88
90 89
90 59
91 90
91 59
92 61
92 60
93 92
93 62
93 61
94 93
94 63
95 63
95 94
95 32
95 64
97 66
97 65
98 67
98 97
98 66
99 67
99 68
100 69
100 68
100 99
101 100
101 70
102 101
103 71
103 102
103 72
104 72
104 73
104 103
106 75
106 74
107 106
108 77
108 76
110 109
110 79
110 78
111 79
111 80
111 110
112 80
113 82
113 81
114 82
114 83
114 113
115 83
116 84
116 115
117 116
117 86
118 86
118 117
119 87
119 118
120 89
120 119
121 89
121 120
121 90
122 121
122 91
123 91
124 93
124 92
125 124
125 94
126 95
127 96
127 64
127 126
127 95
128 97
128 96
129 97
129 98
130 129
130 99
131 130
132 101
133 132
134 133
134 103
134 102
135 134
136 105
136 135
137 105
137 136
138 106
138 137
138 107
139 108
139 107
139 138
140 139
141 109
142 141
142 111
143 111
143 142
144 113
145 114
145 113
146 115
146 145
146 114
147 146
147 116
148 117
148 116
148 147
149 117
150 119
150 118
151 120
151 119
151 150
153 121
154 153
154 122
155 123
156 125
156 155
156 124
157 125
157 156
157 126
158 127
159 96
159 158
160 129
161 130
161 160
162 161
162 131
162 130
163 132
163 162
163 131
164 133
164 132
164 163
165 133
165 134
165 164
166 134
167 136
167 135
167 166
169 138
169 137
169 168
170 169
171 170
171 140
171 139
172 171
172 140
172 141
173 142
173 141
174 142
175 144
175 174
177 176
177 145
178 177
178 146
179 147
179 178
179 148
180 179
180 148
181 149
181 180
182 150
182 181
182 151
183 152
183 182
183 151
184 152
184 183
184 153
185 184
186 154
187 155
187 156
188 156
188 187
189 188
189 157
190 189
190 159
190 158
191 160
191 190
191 159
192 161
192 160
193 192
193 162
193 161
194 162
194 163
194 193
195 194
195 163
196 164
197 196
197 166
197 165
198 167
198 166
199 167
200 199
200 169
200 168
201 170
201 169
201 200
202 170
202 201
203 172
203 202
204 173
204 172
205 174
205 173
206 174
207 176
207 175
208 207
208 176
209 177
210 209
211 180
211 210
211 179
212 181
212 180
213 212
213 182
213 181
214 183
214 213
215 184
216 215
216 184
217 216
217 186
218 217
219 218
219 188
220 188
220 189
220 219
221 220
221 190
221 189
222 191
223 191
223 222
224 192
225 193
225 224
226 195
227 226
227 196
228 197
228 227
228 196
230 198
230 229
231 200
231 199
231 230
232 200
232 201
233 202
233 201
233 232
234 203
234 233
235 203
235 234
236 205
236 204
237 205
237 236
238 237
238 207
238 206
239 208
239 207
240 209
240 208
241 209
241 240
241 210
243 212
243 211
244 212
244 243
244 213
245 213
245 244
246 215
247 215
247 246
247 216
248 247
249 248
249 217
249 218
250 249
250 218
250 219
251 220
251 219
251 250
252 251
252 221
252 220
253 221
253 252
254 222
254 223
255 223
256 224
256 225
257 256
257 226
258 257
258 226
258 227
259 228
260 229
261 230
261 260
262 231
262 230
263 231
263 232
264 263
264 233
264 232
265 264
265 233
266 235
267 235
267 266
267 236
268 267
269 268
269 238
270 269
270 238
271 239
271 270
272 240
272 241
273 242
274 243
274 242
274 273
275 244
277 246
277 276
278 247
278 277
278 246
279 278
279 248
279 247
280 248
280 249
281 280
281 249
282 250
282 281
282 251
283 251
283 252
284 252
284 253
285 284
285 254
285 253
286 254
286 285
286 255
287 255
287 256
287 224
288 257
289 288
289 258
290 289
290 258
291 259
291 290
292 291
292 260
293 262
293 261
294 263
295 263
295 264
295 294
297 296
297 265
299 267
299 298
300 268
301 269
301 270
303 272
303 302
303 271
304 273
304 272
305 274
305 304
305 273
306 274
306 275
306 305
307 306
307 276
308 277
308 307
309 277
309 278
309 308
310 278
311 280
312 280
312 281
312 311
313 281
314 313
314 282
314 283
315 283
315 284
315 314
316 285
316 284
316 315
317 286
318 286
319 318
319 288
319 256
320 289
320 288
321 289
321 290
321 320
322 291
322 290
323 291
324 323
324 292
325 293
325 324
326 295
327 326
327 296
328 297
328 327
328 296
329 328
330 298
330 329
331 299
331 330
331 300
332 300
333 302
334 302
335 303
335 304
335 334
336 335
336 304
336 305
337 306
338 307
338 306
339 308
340 309
340 339
341 310
341 340
341 309
342 311
342 341
343 311
343 342
343 312
344 313
345 313
345 314
345 344
346 314
346 345
347 316
347 346
348 316
348 317
348 347
349 348
349 317
349 318
350 319
350 318
351 350
351 288
352 321
353 352
353 322
354 323
354 322
355 354
355 324
356 325
356 324
357 326
357 356
359 327
359 328
359 358
360 328
360 329
360 359
361 329
361 360
361 330
362 361
362 330
363 362
363 331
363 332
364 363
364 333
364 332
365 333
366 365
367 336
367 366
368 337
369 338
370 369
370 338
370 339
371 340
372 341
372 371
372 340
373 342
374 343
374 373
374 342
375 344
375 374
375 343
376 344
377 345
377 376
377 346
378 346
379 378
380 349
380 348
380 379
381 380
381 350
381 349
382 350
382 351
383 352
383 382
383 351
384 352
384 353
385 353
385 384
385 354
386 354
386 385
387 356
388 357
389 388
389 358
390 389
390 359
390 358
391 390
391 360
392 360
392 391
393 362
393 392
393 361
394 393
394 362
394 363
395 364
395 363
396 395
396 364
396 365
397 365
397 366
398 397
398 366
398 367
399 398
399 368
399 367
400 368
400 399
400 369
401 369
401 400
401 370
402 401
402 370
403 371
403 372
404 373
404 372
404 403
405 374
405 373
406 375
406 405
407 376
407 406
408 376
408 377
408 407
409 408
410 409
410 379
411 379
412 380
412 411
413 381
414 382
414 413
414 383
415 384
415 414
415 383
416 384
417 386
417 385
418 417
418 387
418 386
419 418
419 387
420 388
420 419
421 389
421 390
422 390
422 391
422 421
423 422
423 392
423 391
424 423
424 393
424 392
425 424
425 394
426 395
426 394
427 395
427 396
428 427
428 397
428 396
429 428
429 398
429 397
430 399
430 398
431 399
431 400
432 400
432 401
432 431
433 402
433 401
434 403
434 433
434 402
435 434
436 435
436 404
437 436
437 406
437 405
438 406
438 407
438 437
439 438
439 408
440 409
441 440
441 410
442 410
442 411
443 411
443 442
444 413
444 412
444 443
445 444
446 415
446 414
446 445
447 415
447 446
447 416
448 416
449 418
449 417
450 419
450 418
451 419
451 420
452 420
453 452
453 422
454 423
454 453
454 422
455 424
455 454
456 424
456 425
457 425
458 427
458 426
459 427
460 428
461 460
461 429
462 461
462 430
463 462
463 432
464 432
464 433
465 433
465 434
466 435
466 465
466 434
467 466
467 435
467 436
468 467
468 436
469 468
469 438
469 437
470 439
471 440
471 470
472 440
472 471
472 441
473 472
473 441
474 473
474 442
475 443
475 474
476 475
476 444
477 445
478 477
478 446
479 416
479 447
479 478
480 448
480 449
481 450
482 451
482 481
482 450
484 453
484 483
485 453
486 454
486 455
486 485
487 486
487 456
488 457
488 487
489 488
490 489
490 458
491 460
492 461
492 491
492 460
493 492
493 461
494 463
494 493
494 462
495 464
496 465
496 464
497 466
497 496
498 466
498 467
498 497
499 468
499 467
499 498
500 469
500 468
501 500
502 471
502 501
503 502
504 472
504 503
505 473
505 474
507 506
507 475
507 476
508 507
508 477
509 477
509 508
510 478
510 479
511 479
511 510
511 480
513 482
514 513
514 482
515 484
515 514
515 483
516 484
517 486
517 485
517 516
518 517
518 487
519 487
519 518
519 488
521 489
522 490
522 521
523 491
523 492
523 522
524 492
524 493
525 494
526 525
527 526
527 496
528 496
528 497
529 528
530 499
530 498
530 529
531 530
532 531
532 500
532 501
533 501
533 532
533 502
534 533
535 503
535 534
536 535
537 506
537 505
537 536
538 506
538 507
538 537
539 507
539 538
539 508
540 509
540 508
541 510
542 541
542 510
542 511
543 480
543 511
543 542
544 513
545 544
545 513
545 514
546 514
546 515
547 516
547 515
548 516
549 548
549 518
550 549
551 519
551 520
552 551
552 520
552 521
553 521
553 552
554 522
554 553
554 523
555 523
555 554
556 525
556 524
557 556
557 526
557 525
558 557
558 527
558 526
559 528
559 527
560 559
560 529
561 530
561 560
562 561
562 531
562 530
563 532
563 562
563 531
564 532
564 533
564 563
565 533
565 564
565 534
566 535
566 534
567 566
567 536
568 537
568 536
568 567
569 568
570 569
570 539
571 539
571 570
571 540
572 541
572 540
573 542
573 541
573 572
575 512
575 544
575 543
577 545
577 576
578 546
579 547
580 549
580 548
581 580
581 549
582 551
583 552
583 551
584 552
584 583
584 553
585 554
586 585
586 555
586 554
587 586
588 557
588 587
588 556
589 558
589 588
590 559
590 589
591 559
591 560
592 561
592 560
592 591
593 562
593 592
593 561
594 562
594 563
595 594
595 563
596 565
596 595
596 564
597 565
597 566
598 566
598 567
599 598
599 567
600 599
601 600
602 571
602 570
602 601
603 572
603 571
603 602
604 573
605 574
605 573
606 605
606 575
607 544
607 576
607 606
607 575
608 576
609 578
609 608
609 577
610 578
611 610
611 579
611 580
612 611
612 580
613 612
614 583
614 613
615 614
615 583
615 584
616 615
617 586
618 586
618 617
618 587
619 588
619 618
619 587
620 588
620 619
620 589
621 589
621 620
622 590
622 621
622 591
623 591
623 592
624 623
624 593
625 593
625 624
625 594
626 594
626 625
627 595
627 596
628 596
628 597
628 627
629 628
630 599
630 598
630 629
631 630
631 600
631 599
632 601
632 600
633 602
634 603
634 602
635 603
635 604
636 605
636 635
637 605
637 606
637 636
638 606
638 607
638 637
639 576
639 607
639 608
640 609
642 610
643 612
643 642
643 611
644 612
645 644
646 615
646 645
646 614
647 646
648 617
648 616
648 647
649 648
649 618
650 649
650 619
650 618
651 650
651 620
652 651
652 620
653 652
653 621
654 623
654 622
654 653
655 623
655 624
655 654
656 625
656 624
656 655
658 627
658 657
658 626
659 658
659 628
660 629
660 628
661 630
662 630
662 661
663 632
663 662
664 633
664 632
664 663
665 633
665 664
665 634
666 634
667 636
667 666
668 636
669 638
670 639
671 640
671 670
671 608
672 641
672 640
673 642
673 641
673 672
674 643
675 643
675 674
676 675
677 646
677 645
678 646
678 647
679 648
680 648
680 649
681 680
681 650
681 649
682 651
682 650
683 652
683 651
683 682
684 683
684 653
684 652
685 684
685 653
685 654
686 685
686 655
687 656
687 655
688 687
689 657
689 688
690 689
690 659
690 658
691 660
691 659
692 661
692 691
692 660
693 662
693 661
694 693
694 662
695 663
695 664
696 664
696 695
697 696
697 665
697 666
698 667
699 668
699 667
700 699
700 669
700 668
701 669
701 670
701 700
702 701
703 672
703 702
703 640
703 671
704 673
705 704
705 673
705 674
706 675
706 705
707 676
707 675
708 676
708 677
709 708
709 677
710 709
710 679
710 678
711 680
712 711
714 683
715 684
716 685
716 715
716 684
717 685
717 716
717 686
718 717
719 718
719 688
720 719
720 688
720 689
721 689
724 723
725 694
725 724
725 693
726 694
726 695
727 696
727 695
727 726
728 697
728 727
729 698
729 728
730 698
730 699
731 699
731 730
732 731
732 700
732 701
733 702
733 732
734 733
734 702
734 703
735 672
735 703
735 734
736 704
736 705
737 705
737 706
738 707
739 708
739 738
739 707
740 709
740 739
740 708
741 709
741 710
741 740
742 711
742 710
742 741
743 742
744 743
745 714
746 715
747 715
747 716
748 716
748 747
749 717
749 748
750 719
751 719
751 750
752 721
752 720
753 752
753 721
754 723
754 753
755 754
755 724
755 723
756 755
756 724
757 725
757 726
757 756
758 726
758 727
758 757
759 728
759 758
760 729
760 759
761 760
762 731
762 730
762 761
763 731
763 762
763 732
765 734
766 765
767 736
767 704
768 736
768 737
769 768
769 737
769 738
770 769
770 738
771 740
771 739
772 741
773 772
773 742
773 741
774 742
774 773
775 744
776 775
777 746
777 776
777 745
778 777
778 747
779 748
779 778
779 747
780 779
780 749
781 750
781 749
781 780
782 750
782 751
782 781
783 751
783 782
784 753
784 783
785 784
785 754
785 753
786 755
786 785
786 754
787 755
788 756
788 757
788 787
789 758
790 758
790 759
791 790
791 760
792 761
793 761
793 792
793 762
794 793
794 762
794 763
795 763
795 764
796 765
796 795
797 766
797 796
797 765
798 766
798 767
799 767
799 798
799 768
800 768
800 769
801 800
802 770
802 801
802 771
803 802
804 772
804 803
805 773
805 804
805 774
806 774
806 775
807 776
807 806
808 776
809 808
809 778
810 778
810 809
811 810
811 780
812 780
812 811
813 782
813 812
814 813
814 783
814 782
815 784
815 814
816 815
816 784
817 786
817 785
817 816
818 787
818 817
818 786
819 788
819 787
819 818
820 788
820 789
821 790
821 820
821 789
822 821
822 790
823 791
823 792
824 793
824 792
824 823
825 793
825 794
826 795
827 826
827 796
827 795
828 796
828 827
829 797
830 799
830 829
830 798
831 799
831 830
831 768
831 800
832 801
833 801
834 833
834 803
834 802
835 803
835 834
836 805
836 804
837 805
837 806
838 806
838 837
839 807
839 808
839 838
840 809
840 808
841 840
841 810
841 809
842 841
842 811
843 842
843 811
843 812
844 813
844 843
845 814
845 844
845 813
846 845
846 814
846 815
847 816
847 815
847 846
848 847
848 817
849 818
850 849
850 818
851 850
851 819
852 851
852 821
853 822
854 822
854 853
855 824
856 825
856 824
858 826
858 827
859 858
860 829
860 859
860 828
861 830
861 829
862 830
862 831
863 831
863 800
863 862
864 832
865 864
865 833
866 865
867 836
868 837
868 836
869 838
869 837
869 868
870 839
870 838
871 839
871 840
872 871
872 840
872 841
873 872
873 842
874 842
875 843
875 844
876 844
877 845
877 846
878 846
878 847
879 847
879 848
879 878
880 849
880 879
880 848
881 880
881 850
882 850
883 852
884 852
884 883
884 853
885 884
885 854
886 855
886 854
887 856
887 886
887 855
888 856
888 887
889 888
889 857
890 858
890 859
891 890
892 860
892 861
892 891
893 861
893 892
893 862
894 893
894 863
895 864
895 863
896 865
897 865
897 866
897 896
898 867
898 897
899 867
900 899
900 869
901 900
901 869
901 870
902 871
902 901
903 902
903 871
903 872
904 873
905 873
905 874
905 904
906 905
906 875
906 874
907 875
908 907
908 877
909 908
910 878
910 909
911 910
911 879
911 880
912 911
912 881
913 882
914 882
914 883
915 884
916 915
916 885
917 886
918 886
919 887
919 918
921 890
922 890
922 921
922 891
923 891
924 923
924 892
925 894
925 924
925 893
926 925
927 896
927 864
928 896
928 897
929 897
929 928
930 929
931 930
931 899
932 900
932 931
933 901
933 902
934 902
934 933
934 903
935 904
935 934
935 903
936 935
936 905
937 906
938 907
938 906
938 937
939 907
939 938
939 908
940 939
940 909
941 910
942 941
942 910
943 912
943 911
944 943
945 913
945 914
945 944
946 914
946 945
946 915
947 915
947 916
947 946
948 917
948 916
949 948
949 918
950 919
951 950
951 919
951 920
953 922
953 952
954 923
954 922
955 954
955 923
955 924
956 924
957 925
959 896
959 928
960 928
961 960
961 930
961 929
962 931
963 962
963 932
964 932
964 963
965 964
965 934
966 934
966 935
967 935
968 936
968 937
969 968
970 939
970 938
971 939
972 941
973 941
973 972
973 942
974 973
974 943
974 942
975 944
975 974
976 945
976 944
977 946
977 976
978 946
978 977
979 948
979 978
980 948
980 949
981 949
982 950
982 951
983 952
983 982
983 951
984 952
984 983
985 984
985 953
985 954
986 955
986 985
987 955
987 956
987 986
988 956
988 987
988 957
989 988
989 958
990 959
990 958
991 990
991 959
992 0
992 961
992 960
993 992
993 962
993 0
994 993
994 963
994 1
995 963
995 3
996 3
996 964
996 965
996 995
997 965
997 5
997 4
998 966
998 6
998 5
999 6
999 7
999 968
1000 969
1000 7
1000 999
1001 9
1001 969
1001 8
1001 1000
1002 971
1002 10
1002 1001
1002 9
1002 970
1003 971
1003 11
1003 10
1004 12
1004 11
1004 973
1005 13
1005 974
1005 12
1005 973
1006 1005
1006 974
1007 1006
1007 15
1007 975
1007 976
1008 977
1008 16
1009 978
1009 16
1009 977
1010 1009
1010 979
1010 18
1011 980
1011 979
1011 19
1012 981
1012 19
1012 980
1012 20
1012 1011
1013 1012
1013 981
1013 21
1014 21
1014 22
1014 983
1015 1014
1016 1015
1016 23
1016 24
1016 984
1017 1016
1017 986
1018 25
1018 987
1019 1018
1019 27
1019 987
1020 27
1020 988
1021 990
1021 29
1021 28
1021 989
1022 990
1022 991
1022 29
1023 991
1023 30
1023 31
1023 1022
