32 32
1 0
4 3
5 4
6 5
10 9
13 12
14 13
15 14
16 15
19 18
20 19
22 21
24 23
25 24
27 26
28 27
30 29
31 0
32 0
33 1
33 32
34 2
34 3
34 33
35 3
35 34
35 4
36 5
36 35
36 4
38 37
38 6
39 7
39 8
40 39
41 10
41 9
41 40
42 41
43 12
43 11
44 13
45 13
46 14
47 15
48 17
48 16
49 18
50 18
50 49
51 19
51 20
52 20
53 21
53 22
53 52
54 23
54 53
54 22
55 54
55 24
56 55
56 24
57 26
58 27
59 27
59 58
60 28
60 29
60 59
61 30
61 29
62 61
62 30
63 62
63 31
63 0
64 32
65 64
65 33
65 34
67 35
67 36
68 37
68 36
69 37
69 68
70 38
70 69
71 70
72 71
73 42
73 72
73 41
74 42
74 43
74 73
75 44
75 43
77 45
77 46
78 77
79 48
79 78
79 47
80 49
81 50
81 80
81 49
82 51
82 81
83 51
83 52
83 82
84 83
84 52
85 53
85 84
85 54
86 85
87 55
87 56
88 87
88 57
89 88
89 58
90 58
90 89
91 90
91 59
92 60
92 61
92 91
93 61
94 62
94 63
94 93
95 32
95 63
96 64
96 65
97 96
97 65
97 66
98 97
98 67
100 69
101 69
101 100
102 101
102 70
103 71
103 72
104 72
105 73
105 104
106 75
107 106
107 76
107 75
108 77
108 107
109 78
110 79
110 109
111 80
112 111
112 80
112 81
113 82
113 81
114 82
114 83
115 114
116 115
116 85
116 84
117 85
117 86
118 86
118 87
119 87
119 118
119 88
120 119
120 88
121 89
121 120
122 121
122 90
123 122
124 93
126 95
127 126
128 97
129 128
129 98
130 98
130 99
130 129
131 100
131 130
132 131
132 101
133 101
133 102
134 103
135 104
135 134
136 104
136 105
137 105
137 106
138 106
138 107
138 137
139 138
139 107
140 139
141 110
141 140
142 111
144 113
144 143
144 112
145 113
145 114
145 144
146 115
146 145
146 114
147 115
147 146
148 116
149 117
149 148
150 118
150 119
151 120
151 119
151 150
152 121
152 151
153 152
154 153
154 122
154 123
156 155
157 125
158 127
158 157
159 96
159 158
160 129
161 160
161 130
162 131
162 161
162 130
163 131
163 132
164 132
165 134
165 164
165 133
166 134
166 135
167 135
167 166
168 136
168 137
169 138
169 137
170 138
171 139
171 140
172 141
172 171
173 141
173 172
174 142
174 173
175 144
175 143
175 174
176 144
176 175
177 145
177 146
178 146
178 177
179 147
179 178
180 179
180 149
181 149
181 180
182 151
182 181
183 151
183 182
184 152
184 153
184 183
185 153
185 154
186 154
186 185
186 155
187 156
187 155
188 157
188 156
189 158
189 157
190 158
191 128
191 190
191 159
192 161
193 161
194 163
195 163
197 166
197 196
198 167
198 166
198 197
199 168
199 198
199 167
200 168
202 170
202 171
203 171
203 172
203 202
204 172
205 204
205 173
205 174
206 205
206 175
207 176
207 206
207 175
208 177
208 207
209 208
210 209
211 210
211 179
212 211
213 181
214 183
214 182
215 184
216 215
217 216
217 186
219 187
219 218
221 190
222 221
222 190
222 191
223 160
223 192
225 224
225 193
225 194
226 225
227 226
228 227
228 197
229 198
229 228
230 199
230 198
231 230
231 200
231 199
232 200
232 201
233 201
233 202
234 203
234 233
234 202
235 203
235 234
236 235
237 206
238 206
239 207
239 208
239 238
240 239
241 240
241 209
242 211
242 210
242 241
243 212
243 211
244 213
245 244
246 245
246 214
246 215
247 216
247 246
247 215
250 218
250 219
251 250
251 220
252 251
252 221
253 221
253 252
253 222
254 223
254 222
255 192
256 225
257 226
258 226
258 257
259 258
259 227
259 228
260 229
260 228
260 259
261 260
261 229
262 231
263 231
263 262
264 232
264 263
265 264
265 234
266 265
267 235
268 236
268 237
269 268
269 238
270 269
270 238
270 239
271 270
271 240
272 240
272 241
273 272
273 241
274 243
275 243
275 244
276 245
276 244
276 275
278 277
278 246
278 247
279 247
279 278
279 248
280 249
280 248
280 279
281 249
282 251
283 251
283 252
283 282
284 253
284 283
285 254
286 254
287 224
289 288
289 258
289 257
290 259
290 289
291 290
291 260
292 291
293 261
293 262
294 263
294 262
294 293
295 294
296 265
296 264
297 265
297 266
298 297
299 268
300 269
300 268
301 300
301 270
301 269
302 301
302 270
304 273
304 272
305 304
306 274
306 305
307 275
307 276
308 276
308 307
310 279
310 278
311 280
311 310
312 311
312 280
313 281
313 312
315 284
316 315
316 284
317 316
317 286
318 317
318 287
318 286
319 318
319 256
320 288
320 289
321 289
321 320
322 290
322 291
323 291
324 292
324 323
324 293
325 324
325 293
326 294
326 295
326 325
327 326
327 296
328 297
328 296
329 298
329 328
330 329
330 298
330 299
331 299
331 330
331 300
332 300
332 301
332 331
333 332
333 302
333 301
334 303
335 304
335 334
338 337
338 306
338 307
339 338
339 307
341 310
341 340
342 341
342 311
344 312
345 314
345 344
346 314
346 345
347 346
347 315
348 347
349 348
349 317
349 318
350 319
351 288
351 320
351 319
352 321
352 320
353 322
353 352
354 353
354 323
354 322
355 323
355 354
355 324
356 324
357 356
357 325
357 326
358 357
358 326
358 327
359 327
359 358
359 328
360 328
360 359
361 329
362 331
362 330
363 331
363 332
363 362
364 332
364 363
364 333
365 364
365 334
366 365
366 335
367 335
367 366
367 336
368 337
368 367
370 338
371 339
371 370
371 340
372 340
372 341
373 341
373 372
374 343
374 373
375 344
375 343
376 344
376 345
377 346
377 345
377 376
378 347
378 346
378 377
379 378
380 379
380 348
381 349
382 350
382 381
383 351
383 320
383 352
384 353
384 352
385 384
385 353
386 354
386 385
387 355
387 386
388 356
389 388
389 357
389 358
390 359
391 390
391 360
391 359
392 360
392 391
393 362
394 362
395 363
395 394
396 395
396 364
397 396
397 366
398 366
398 367
399 398
401 400
401 369
401 370
402 401
402 370
404 373
405 374
406 375
406 405
407 376
408 376
408 407
409 378
409 377
410 378
411 379
412 381
414 383
414 413
415 414
415 383
415 352
415 384
416 385
417 386
417 385
417 416
418 417
419 388
420 389
420 419
421 420
421 390
421 389
422 390
423 392
423 422
424 392
424 393
425 424
426 394
427 395
428 397
429 397
429 398
430 429
431 399
432 401
432 431
433 432
433 401
434 403
435 434
435 404
436 405
436 435
437 405
438 406
438 407
439 408
439 407
440 409
441 410
442 441
442 411
442 410
443 442
444 412
444 413
444 443
445 414
446 414
447 384
447 446
447 415
448 417
449 448
450 449
451 450
451 419
451 420
452 451
453 421
453 422
453 452
454 423
454 453
455 423
455 454
455 424
456 425
456 455
456 424
457 456
458 427
458 426
458 457
459 458
459 428
460 429
461 460
461 429
462 430
463 432
463 431
464 432
464 433
464 463
465 433
465 434
465 464
467 466
467 436
467 435
468 467
469 468
469 438
470 439
470 469
471 470
472 441
472 471
472 440
473 442
474 442
475 444
475 443
476 445
476 444
476 475
477 476
477 445
478 477
478 446
478 447
479 448
480 448
480 449
481 450
482 481
483 482
483 452
483 451
484 453
484 452
486 455
487 486
487 456
488 456
488 457
489 488
489 457
490 489
490 458
491 490
491 459
492 491
492 460
492 461
493 492
494 462
494 493
495 464
496 464
497 465
498 497
498 467
499 498
499 468
500 468
501 500
501 470
501 469
502 501
502 471
503 471
503 472
504 473
504 472
505 474
505 504
506 474
506 505
507 476
507 475
507 506
508 477
509 508
509 478
510 509
510 478
511 479
513 482
513 481
514 513
514 482
514 483
515 484
516 484
516 485
517 486
517 485
517 516
518 486
519 488
519 487
519 518
520 489
521 490
521 520
521 489
522 521
523 522
523 491
524 523
524 493
525 524
525 494
525 493
526 495
526 494
527 495
527 496
528 496
529 497
530 498
530 499
531 500
532 501
532 500
533 532
533 501
534 533
534 502
534 503
535 503
535 534
536 504
536 535
536 505
537 505
538 537
538 507
539 538
539 507
539 508
540 508
540 539
541 510
541 509
542 511
543 480
543 511
543 542
544 513
545 513
545 544
546 545
547 516
548 517
548 516
548 547
549 548
549 517
550 549
550 519
551 519
552 521
552 551
554 553
554 523
555 554
555 523
556 524
556 525
557 525
557 526
558 527
559 558
559 528
560 528
560 529
561 530
561 529
562 561
562 530
563 531
564 532
564 563
564 533
565 564
565 533
566 565
566 534
566 535
567 535
567 566
567 536
568 567
568 537
569 537
570 569
570 538
570 539
571 570
571 539
571 540
572 571
572 541
572 540
573 572
573 541
574 542
574 573
575 544
576 544
576 545
577 545
578 546
578 547
578 577
579 548
579 547
580 549
581 550
582 551
583 552
583 551
584 583
584 553
585 553
585 554
586 555
586 554
587 556
587 555
588 587
589 558
589 588
589 557
590 589
590 559
591 590
591 559
592 561
592 591
593 562
594 563
594 593
594 562
595 563
595 564
595 594
596 595
596 565
597 565
597 596
598 597
599 598
599 567
600 568
600 599
601 600
603 571
604 603
604 572
605 604
605 574
605 573
606 575
607 576
607 606
607 575
608 577
609 577
609 578
610 578
611 580
611 579
611 610
612 581
612 580
612 611
613 581
613 612
614 583
614 613
614 582
615 583
615 614
616 584
617 585
617 616
620 588
621 620
621 590
622 590
622 621
623 592
623 622
624 593
624 623
624 592
625 624
625 593
626 595
626 594
626 625
627 596
628 597
629 598
629 597
630 629
631 600
631 599
631 630
632 631
632 601
632 600
633 632
634 603
635 634
635 604
636 635
636 604
637 636
638 637
638 606
639 607
639 638
639 608
639 576
640 609
641 610
641 609
642 611
642 641
643 611
643 642
643 612
644 643
645 644
646 615
647 615
648 647
648 616
648 617
649 618
649 617
650 618
651 650
651 619
652 620
653 622
653 621
654 623
655 624
655 623
656 655
656 625
657 656
657 625
658 657
658 626
659 627
659 658
660 628
660 659
660 629
661 630
661 629
661 660
663 632
663 662
663 631
664 633
666 635
666 665
667 635
667 666
667 636
668 667
668 637
668 636
669 668
669 638
670 639
670 638
670 669
671 608
672 641
672 640
673 642
673 641
673 672
674 673
674 643
675 643
675 644
675 674
676 645
676 675
677 676
677 646
678 646
678 647
678 677
679 678
679 648
679 647
680 679
680 649
680 648
681 650
681 649
681 680
682 681
682 651
682 650
683 651
684 653
684 652
684 683
685 684
685 654
686 654
686 655
686 685
687 686
687 655
687 656
688 657
688 687
688 656
689 688
689 658
689 657
690 658
691 690
691 660
692 660
692 661
693 662
693 692
694 663
696 695
696 665
697 665
697 696
698 666
699 698
700 699
700 669
700 668
701 670
701 669
702 671
703 702
703 671
703 640
703 672
704 673
704 672
705 673
706 675
706 674
707 706
707 676
707 675
708 707
709 678
710 709
710 679
711 680
712 681
712 680
712 711
713 712
714 713
715 714
715 684
716 715
717 685
717 686
718 687
718 686
719 718
719 688
719 687
720 719
720 688
722 691
722 721
723 691
723 692
723 722
724 692
725 693
726 694
726 725
726 695
727 726
727 695
728 727
728 696
728 697
729 728
730 699
730 698
731 700
731 699
733 732
734 702
734 703
735 672
735 734
736 705
737 736
737 706
739 738
739 708
740 739
741 709
741 740
744 743
745 714
746 715
746 714
747 716
747 715
748 716
749 718
749 717
750 719
751 720
752 751
752 720
752 721
753 722
753 721
753 752
754 722
755 724
755 754
756 725
756 724
757 725
757 756
758 727
758 726
759 758
759 727
760 728
761 730
762 731
762 761
763 732
764 733
765 733
765 764
766 765
767 766
767 735
767 736
768 736
769 738
770 738
770 739
771 740
772 741
772 771
772 740
773 772
773 742
774 742
775 774
775 743
775 744
776 744
776 745
776 775
777 745
778 747
779 747
779 748
780 748
780 749
780 779
781 780
781 750
782 751
782 750
783 782
783 752
783 751
784 753
784 752
784 783
785 754
786 785
787 756
787 786
788 787
789 758
789 788
789 757
790 789
791 760
791 759
792 761
792 791
793 762
794 763
794 762
795 794
795 763
795 764
796 765
796 764
796 795
797 796
797 765
798 767
798 797
799 736
799 798
799 768
799 767
800 768
801 800
802 771
802 801
802 770
803 802
803 771
803 772
804 773
805 804
805 773
806 775
806 805
807 776
807 775
808 807
810 778
810 779
811 779
811 810
812 780
813 782
813 812
813 781
814 782
814 813
816 784
816 785
816 815
817 816
817 785
817 786
818 817
818 787
819 787
821 790
821 820
822 790
822 791
822 821
823 822
824 793
824 792
825 793
826 795
827 795
827 796
827 826
828 827
828 796
828 797
829 828
829 798
829 797
830 799
830 829
831 768
831 800
831 799
832 800
833 801
834 803
835 803
835 804
835 834
836 804
836 805
836 835
837 805
838 806
839 807
840 808
840 839
840 809
841 810
841 809
842 841
842 810
843 842
844 813
844 812
844 843
845 813
845 814
847 816
847 815
847 846
848 847
848 817
848 816
849 817
850 849
850 819
851 850
851 819
852 821
853 821
853 852
855 823
855 824
855 854
856 825
856 824
857 856
857 826
858 826
858 857
858 827
859 828
860 829
860 828
861 830
861 860
861 829
862 831
862 861
863 832
863 862
863 831
863 800
864 832
865 833
866 834
867 836
867 866
868 837
868 867
869 838
869 837
869 868
870 838
870 869
871 839
871 840
871 870
872 840
872 841
873 841
873 842
874 843
874 873
875 843
876 844
877 876
877 845
877 846
878 847
878 877
878 846
879 878
879 848
880 879
880 849
881 880
883 851
883 852
884 852
884 853
884 883
885 884
885 854
885 853
886 885
886 854
886 855
887 855
888 856
888 887
888 857
889 858
889 857
890 859
890 858
890 889
891 890
891 860
893 862
893 861
894 893
894 863
895 863
895 832
895 864
895 894
896 864
896 865
897 896
897 865
898 866
898 897
899 898
899 867
900 869
900 868
901 869
901 900
901 870
902 871
902 870
903 871
904 873
904 872
905 873
906 905
906 875
907 876
907 906
907 875
908 876
908 877
908 907
909 908
909 878
910 909
910 878
911 880
912 881
912 880
913 882
913 912
913 881
914 883
914 913
915 883
915 884
915 914
916 915
916 885
917 886
917 916
918 917
919 887
920 919
921 920
921 890
922 890
922 891
923 891
923 922
923 892
924 923
924 893
924 892
925 894
925 924
926 895
926 925
927 895
927 896
928 897
928 896
929 897
929 898
929 928
930 898
930 929
931 930
931 899
931 900
932 931
932 900
933 902
934 933
934 903
935 904
935 903
935 934
936 935
937 906
937 936
937 905
938 937
938 907
939 938
939 907
940 939
940 909
941 909
942 911
942 941
944 913
945 913
947 946
948 916
948 917
949 948
949 917
950 918
950 919
951 920
951 950
952 951
953 921
953 952
954 953
954 922
954 923
955 954
955 924
956 955
956 925
956 924
957 956
957 926
957 925
958 957
958 927
958 926
959 927
959 928
960 929
961 929
961 960
962 961
962 930
964 963
964 932
965 934
966 935
966 934
967 935
968 967
968 937
968 936
969 938
970 938
971 940
971 970
972 940
972 941
972 971
973 972
973 941
974 943
974 973
974 942
975 943
975 944
975 974
976 975
976 944
977 976
978 947
978 977
978 946
979 947
979 948
980 979
980 949
981 950
982 950
982 981
983 951
983 982
984 953
984 983
984 952
985 984
986 954
986 985
986 955
987 956
988 956
988 987
989 957
989 958
990 959
991 928
991 959
992 31
992 960
992 0
993 961
993 1
993 962
994 993
994 1
994 962
994 2
995 994
995 963
995 3
996 965
997 966
997 965
998 997
998 6
998 966
999 968
999 7
999 998
999 6
999 967
1000 968
1000 7
1000 8
1000 999
1001 9
1001 969
1001 970
1002 10
1002 9
1002 970
1002 1001
1003 11
1003 972
1004 972
1004 12
1005 1004
1005 12
1005 973
1005 13
1006 13
1006 1005
1007 14
1007 15
1007 975
1007 1006
1008 1007
1008 976
1008 977
1009 978
1009 16
1009 17
1010 17
1010 979
1011 19
1011 1010
1011 18
1012 1011
1012 980
1013 982
1013 20
1013 21
1014 21
1014 982
1014 983
1014 22
1015 1014
1015 23
1015 983
1015 984
1015 22
1016 985
1016 24
1017 24
1017 25
1017 1016
1018 987
1018 986
1019 987
1020 1019
1020 27
1020 28
1020 988
1021 29
1021 1020
1021 990
1021 989
1022 1021
1022 990
1022 30
1022 29
1023 31
1023 991
1023 30
