32 32
1 0
2 1
3 2
6 5
7 6
8 7
12 11
13 12
14 13
15 14
16 15
17 16
18 17
19 18
20 19
21 20
22 21
23 22
25 24
26 25
27 26
28 27
29 28
30 29
32 1
33 2
33 1
34 33
34 2
35 3
36 4
37 5
37 36
37 6
38 7
38 37
39 8
40 39
40 9
40 8
41 9
41 10
42 10
42 11
43 42
44 13
45 13
45 44
46 14
46 45
47 16
48 17
48 16
48 47
49 18
50 49
51 19
51 20
51 50
52 51
52 20
52 21
53 52
53 22
54 53
54 22
56 24
56 25
57 56
58 57
59 28
59 58
59 27
60 59
60 28
60 29
61 29
62 31
62 61
63 62
63 32
64 32
64 33
65 33
65 34
65 64
66 65
66 35
67 35
67 66
68 67
68 37
69 38
69 68
69 37
70 69
70 39
70 38
71 70
71 40
72 40
72 41
72 71
73 42
73 41
73 72
74 43
74 73
75 43
76 44
76 45
77 46
78 77
78 47
79 48
79 78
79 47
80 79
80 49
80 48
81 50
82 81
83 82
83 51
83 52
84 52
84 53
84 83
85 54
85 53
86 54
86 55
87 55
88 56
88 87
89 58
90 58
90 89
90 59
91 60
91 90
92 60
92 91
92 61
93 92
93 62
94 93
95 64
96 65
97 65
97 96
97 66
98 67
98 66
99 68
99 98
100 68
100 69
100 99
101 70
102 70
102 71
103 71
103 102
104 103
105 104
105 74
106 75
106 74
106 105
107 106
107 76
108 107
108 76
109 78
109 77
109 108
110 78
110 109
111 80
111 110
112 111
112 80
112 81
113 81
114 83
114 113
115 114
115 84
115 83
116 85
116 84
117 116
117 85
118 87
118 117
118 86
119 88
119 118
119 87
120 89
120 88
121 120
122 121
122 90
122 91
123 122
123 92
123 91
124 123
124 92
125 94
125 124
125 93
126 94
126 95
127 96
127 126
127 95
128 97
128 96
129 128
129 98
130 99
131 100
131 130
131 99
133 132
133 101
134 133
134 103
135 103
135 134
135 104
136 135
136 105
137 136
137 105
137 106
138 106
138 137
139 138
139 108
139 107
140 109
140 139
140 108
141 109
141 140
141 110
142 111
142 110
143 112
143 111
143 142
144 113
144 112
144 143
145 113
145 144
146 115
147 146
147 116
148 117
149 148
150 118
150 149
150 119
151 119
151 120
152 121
153 121
153 122
154 153
154 123
154 122
155 123
156 124
156 125
157 125
158 126
159 96
159 158
159 127
161 129
161 130
161 160
162 131
163 162
164 132
164 163
164 133
165 164
165 134
166 134
166 135
166 165
167 166
168 136
168 167
169 168
169 137
170 169
171 139
171 170
172 141
172 140
173 141
173 172
173 142
174 142
174 173
175 174
175 143
176 144
176 175
176 145
177 176
177 146
179 147
179 148
179 178
180 179
180 149
181 150
181 149
182 181
183 182
183 152
183 151
184 153
185 153
185 154
185 184
186 185
187 186
187 155
188 156
188 157
189 157
189 188
189 158
190 159
190 158
191 128
191 190
191 160
192 161
192 160
193 162
193 161
194 193
195 163
195 194
195 164
196 165
196 195
197 196
197 166
197 165
198 167
198 166
198 197
199 168
200 168
200 169
201 169
201 170
202 170
202 201
202 171
203 172
203 202
204 203
204 173
205 173
205 174
206 175
206 205
207 206
208 177
208 207
208 176
209 208
210 209
210 178
210 179
211 179
211 180
211 210
213 181
213 212
215 214
215 183
215 184
216 185
216 184
217 216
217 186
217 185
218 187
218 217
219 218
219 188
219 187
220 219
220 188
221 220
221 189
222 191
222 190
223 191
223 160
223 192
224 192
225 193
225 194
226 194
227 226
227 195
228 197
228 227
229 198
230 199
230 198
230 229
231 200
232 231
232 201
232 200
233 202
233 201
234 203
234 202
235 234
236 204
236 205
236 235
237 205
237 236
237 206
238 206
238 207
239 207
239 238
240 209
240 239
240 208
242 210
243 212
243 211
243 242
244 213
245 244
245 213
246 214
246 245
247 216
247 246
248 216
248 217
249 217
249 248
250 249
251 250
252 220
253 221
253 222
253 252
254 253
254 223
254 222
255 254
255 224
255 223
255 192
256 224
256 225
257 256
257 226
258 257
259 227
259 228
260 229
260 228
261 230
261 260
261 229
262 261
262 231
263 231
263 262
264 263
264 232
264 233
265 233
265 264
266 235
266 265
267 235
267 236
267 266
268 236
269 237
269 238
270 239
270 238
271 240
271 239
272 271
272 241
272 240
273 242
273 241
274 243
274 273
274 242
275 274
275 244
276 244
277 246
279 248
279 278
280 279
280 248
280 249
281 249
281 280
282 250
282 251
283 251
283 252
284 253
284 283
284 252
285 253
285 284
286 285
286 254
286 255
287 255
287 224
289 258
289 257
289 288
291 260
291 259
291 290
292 261
293 292
293 262
293 261
294 262
294 293
295 264
295 263
296 265
296 264
296 295
297 266
297 296
297 265
298 267
298 266
298 297
299 268
300 268
301 269
301 270
302 271
302 301
303 272
303 271
304 303
304 272
305 274
305 304
306 305
306 275
307 275
307 276
308 307
309 308
309 277
309 278
310 279
311 279
311 280
312 311
313 281
313 282
314 283
314 313
315 284
315 283
316 315
316 284
317 286
318 287
318 286
319 256
319 287
319 318
320 289
321 290
322 291
322 321
323 292
324 293
324 323
325 293
326 325
326 295
327 296
327 295
327 326
328 327
328 296
329 328
330 299
331 300
331 330
331 299
332 300
332 331
333 301
333 302
333 332
334 303
334 333
334 302
335 334
335 303
336 305
336 304
337 305
337 336
337 306
338 307
338 337
338 306
339 308
339 338
339 307
340 308
340 339
341 309
342 341
342 310
343 311
343 312
344 313
344 312
344 343
345 344
345 314
345 313
346 315
347 346
347 316
347 315
348 317
348 316
349 317
349 348
351 320
351 288
353 322
354 353
354 322
354 323
355 323
355 324
355 354
356 355
356 325
356 324
357 356
358 326
358 327
359 328
359 327
359 358
360 329
361 360
361 329
361 330
362 331
363 331
363 362
364 332
364 333
365 364
365 333
365 334
366 335
366 334
366 365
367 335
367 336
368 336
368 367
368 337
369 368
369 338
370 338
370 369
371 370
371 340
371 339
372 340
372 371
372 341
373 341
373 372
373 342
374 342
375 374
375 344
375 343
376 345
376 344
377 346
378 377
379 378
379 348
379 347
380 349
381 350
381 349
381 380
382 351
382 381
383 352
383 351
383 382
384 353
384 352
385 353
385 354
385 384
386 385
386 355
387 355
388 387
389 358
389 357
390 359
391 360
392 360
392 361
393 362
393 361
393 392
394 363
394 362
394 393
395 394
395 363
395 364
396 395
396 364
397 396
398 367
398 397
398 366
399 398
400 399
400 368
400 369
401 370
401 369
402 370
402 401
402 371
403 402
404 373
404 372
405 373
405 374
405 404
406 374
406 375
407 406
407 375
408 407
408 377
408 376
409 378
409 408
410 409
411 410
411 380
412 380
412 411
413 381
414 413
414 382
414 383
415 384
415 414
416 385
418 417
418 386
419 388
419 387
420 389
420 388
420 419
421 389
421 390
421 420
422 391
422 390
423 392
423 422
423 391
424 423
424 392
425 424
426 394
426 395
428 397
429 428
429 398
430 398
430 429
431 399
431 400
431 430
432 431
433 432
433 402
434 403
434 433
435 434
435 403
435 404
436 404
436 435
437 436
437 405
438 437
438 407
439 407
439 438
439 408
440 408
440 439
440 409
441 410
441 440
442 411
442 410
443 412
443 442
444 412
444 413
445 444
445 413
445 414
446 445
446 415
446 414
447 416
447 415
447 384
448 417
448 416
449 448
449 417
450 419
450 418
451 420
451 419
452 420
452 421
453 421
453 422
454 422
454 423
454 453
455 454
455 423
455 424
456 425
457 456
457 425
458 457
458 426
458 427
459 458
459 428
460 429
460 459
460 428
461 429
461 460
461 430
462 461
462 431
462 430
463 432
463 431
464 433
464 432
465 434
466 465
466 434
467 466
467 435
468 437
468 436
469 468
469 437
470 438
470 439
471 470
471 439
472 471
473 441
474 473
474 442
475 474
475 444
476 444
477 476
478 447
478 446
479 416
479 448
479 447
479 478
480 449
480 448
481 480
481 450
482 451
482 481
483 452
483 451
484 453
485 484
486 455
486 485
486 454
487 486
487 456
488 456
489 457
489 458
490 459
491 460
492 461
492 491
493 492
493 462
494 463
495 463
495 464
496 464
497 465
497 466
497 496
498 466
499 468
499 498
500 469
500 468
501 500
501 470
501 469
502 470
502 471
502 501
503 502
503 471
504 503
505 504
505 473
505 474
506 505
506 474
506 475
507 506
508 507
509 508
509 478
509 477
511 448
511 510
512 480
512 481
513 482
513 512
513 481
514 513
514 482
515 483
515 514
516 515
517 486
517 485
517 516
518 487
518 517
519 487
519 488
520 488
520 489
522 490
523 522
524 523
525 494
525 493
525 524
526 494
527 495
527 496
527 526
528 496
528 497
529 497
530 499
530 498
530 529
531 530
531 499
531 500
532 501
532 500
533 502
533 501
533 532
534 533
534 502
535 534
535 503
536 504
537 505
537 536
538 507
538 537
539 508
539 507
540 539
541 509
541 540
543 512
543 542
543 480
545 544
545 513
546 545
546 514
547 516
548 516
548 547
549 517
549 518
549 548
551 520
551 550
552 521
552 520
553 552
553 521
553 522
554 523
554 522
554 553
555 554
555 523
555 524
556 525
556 524
556 555
557 556
557 526
558 527
558 526
559 527
560 559
560 529
561 529
561 560
561 530
562 561
564 563
564 533
564 532
565 564
565 533
565 534
566 534
566 565
566 535
567 535
567 536
567 566
568 567
568 537
568 536
569 568
569 538
569 537
570 538
570 539
571 540
571 539
572 541
572 540
573 541
574 573
574 543
574 542
575 544
575 512
576 544
576 545
577 546
577 576
578 546
578 577
578 547
579 578
580 548
581 550
581 549
581 580
582 581
583 582
583 551
584 553
584 583
586 585
587 586
587 555
588 557
588 587
589 558
590 589
590 559
590 558
592 560
592 591
592 561
594 593
594 562
595 563
596 564
596 595
597 596
597 566
597 565
598 597
598 566
598 567
599 567
600 568
600 569
600 599
601 600
601 569
602 570
602 571
602 601
603 602
603 572
604 572
605 574
605 604
605 573
606 574
607 575
607 544
607 606
608 576
608 577
609 578
610 609
610 579
611 610
611 579
612 581
612 611
612 580
613 581
613 582
613 612
614 613
614 582
614 583
615 614
615 583
616 584
617 616
617 585
617 586
618 586
619 618
620 589
620 619
621 620
622 591
623 622
624 592
624 593
624 623
625 624
625 593
626 595
627 595
627 626
628 597
628 627
628 596
629 628
629 598
630 598
630 629
631 599
633 601
633 602
634 602
635 634
636 604
636 635
637 606
637 636
638 606
638 637
638 607
639 576
639 638
639 608
640 609
640 608
641 640
641 609
642 641
642 611
642 610
644 613
644 612
645 613
645 614
646 645
646 614
647 616
647 615
648 647
649 617
649 618
650 619
650 649
651 650
651 619
652 621
652 651
653 621
653 622
654 623
654 622
654 653
656 625
656 624
657 626
658 626
658 627
658 657
659 658
659 628
660 628
660 659
661 630
661 629
662 630
662 661
663 662
663 631
664 632
664 633
664 663
665 634
665 633
666 665
667 666
667 635
667 636
668 636
668 667
668 637
669 668
669 637
670 638
671 639
671 640
672 640
672 641
673 642
673 641
674 643
674 642
675 644
675 674
675 643
676 675
677 646
677 645
678 647
678 677
678 646
679 678
679 648
679 647
680 679
680 649
680 648
681 680
681 650
682 681
682 651
683 682
684 652
684 653
685 684
685 653
685 654
687 686
687 656
688 687
688 656
688 657
689 658
690 659
690 689
690 658
691 660
692 691
693 692
694 663
694 662
694 693
695 664
695 694
695 663
696 695
696 664
696 665
697 666
697 665
698 666
698 697
698 667
699 668
699 698
700 669
700 668
701 700
701 670
701 669
702 671
702 701
703 672
703 640
703 671
703 702
704 673
705 674
706 674
706 675
707 676
707 675
708 676
709 677
710 678
710 679
710 709
711 710
711 679
712 680
712 711
713 712
713 682
713 681
714 713
714 682
715 714
716 715
716 685
716 684
717 686
717 685
717 716
718 717
718 686
719 688
719 718
719 687
720 689
720 719
721 690
722 691
722 690
723 691
723 692
724 693
724 723
724 692
725 694
725 693
726 694
727 695
727 726
728 696
728 727
728 697
729 698
729 697
730 729
730 698
731 699
731 730
731 700
732 731
733 732
733 702
734 733
735 734
735 703
735 672
736 704
737 705
738 707
739 707
740 708
740 709
740 739
741 710
741 740
741 709
742 741
743 711
743 712
743 742
744 743
744 713
745 713
745 744
746 715
748 717
748 716
748 747
749 717
749 718
750 719
750 718
751 750
751 719
752 720
752 721
753 722
753 721
754 753
755 754
756 755
757 726
757 725
757 756
758 727
758 726
758 757
759 727
759 728
760 759
760 728
761 760
762 731
762 730
763 732
763 762
764 733
764 732
764 763
765 734
766 765
767 766
767 704
768 737
769 738
769 737
769 768
770 769
770 738
770 739
771 740
771 739
772 740
773 741
773 772
773 742
774 773
774 743
775 774
775 743
776 745
776 744
777 776
778 746
778 777
778 747
779 748
779 747
780 749
780 779
780 748
781 780
782 781
783 752
784 753
784 752
785 753
785 784
786 755
787 786
787 755
788 787
789 758
789 757
790 789
791 759
793 761
794 762
794 793
795 794
795 764
796 764
796 795
797 796
797 765
799 798
799 768
799 736
800 768
800 769
801 769
801 770
801 800
802 770
803 802
804 803
805 804
805 773
805 774
806 775
807 775
807 776
807 806
809 777
809 778
810 778
810 809
811 780
812 780
812 781
813 812
814 783
814 782
815 784
815 783
816 784
816 785
817 785
817 786
818 786
818 817
818 787
819 788
819 787
819 818
820 819
820 788
821 820
821 790
822 791
822 790
823 822
823 792
824 823
824 793
824 792
825 824
825 794
826 795
826 794
826 825
827 826
827 795
827 796
828 827
829 797
830 829
830 799
831 768
831 800
831 830
832 801
832 800
833 802
833 801
834 802
835 804
836 804
836 835
837 805
837 836
837 806
838 837
838 807
839 808
839 807
840 809
840 808
840 839
841 809
842 811
842 841
843 811
843 812
844 813
844 812
845 844
845 813
846 814
846 815
846 845
847 815
847 846
848 847
848 817
848 816
849 817
849 848
850 819
850 849
850 818
851 819
852 851
853 821
854 822
854 853
854 823
855 854
855 823
855 824
856 855
856 824
856 825
857 826
857 856
858 827
858 826
858 857
859 827
859 858
860 829
860 859
860 828
861 830
861 860
862 831
863 832
863 862
863 831
863 800
864 833
865 864
866 834
866 865
866 835
867 836
868 837
868 836
869 868
869 837
869 838
870 839
870 838
870 869
871 840
872 871
872 840
872 841
873 872
873 842
873 841
874 842
875 843
875 844
875 874
876 844
876 875
877 876
878 877
878 847
879 878
879 848
879 847
880 879
880 848
880 849
881 849
881 850
882 881
882 850
883 851
884 883
884 853
885 853
885 854
885 884
886 855
886 885
887 855
888 857
888 856
888 887
889 888
889 858
890 889
890 858
891 859
891 860
892 861
893 892
893 862
893 861
894 893
894 862
895 832
895 863
895 894
896 865
896 864
897 865
897 866
898 866
898 867
899 868
899 898
900 899
901 900
901 869
902 901
902 871
903 872
903 871
903 902
904 903
904 872
905 873
905 904
906 905
906 874
907 906
907 876
907 875
908 876
908 907
909 877
909 908
910 879
911 880
911 879
911 910
912 880
912 911
913 912
913 882
914 913
914 883
915 884
915 914
917 885
917 916
918 887
919 888
919 918
919 887
920 889
921 920
921 890
922 891
922 890
923 922
923 891
924 893
924 892
925 894
926 894
927 864
927 926
927 895
927 896
928 897
928 896
929 897
930 929
930 898
931 930
931 899
932 900
932 931
933 902
934 902
934 933
934 903
935 934
935 904
935 903
936 935
936 904
937 906
938 937
938 907
939 938
939 908
940 909
940 908
941 910
941 940
942 910
942 941
942 911
943 912
944 943
944 912
944 913
945 914
945 913
946 915
946 945
947 915
947 916
947 946
948 947
948 916
949 948
949 917
950 949
950 919
951 920
951 950
952 951
952 920
952 921
953 952
953 922
953 921
954 922
954 953
955 923
956 925
956 955
957 956
957 925
958 957
958 926
958 927
959 958
959 928
959 927
960 928
961 930
961 929
963 932
963 931
964 933
964 932
965 933
965 964
965 934
966 935
966 965
966 934
967 935
967 936
967 966
968 937
968 936
968 967
970 939
970 969
970 938
971 940
971 970
972 941
972 971
972 940
973 942
974 942
974 973
975 974
975 944
976 945
976 944
977 976
978 977
979 978
979 948
980 948
981 980
981 949
982 981
983 951
983 952
983 982
984 953
984 983
985 954
985 984
986 955
987 955
987 956
988 956
988 987
990 989
990 959
991 959
991 960
991 990
993 992
993 962
993 961
994 962
994 963
994 2
994 993
995 964
996 3
996 965
996 4
996 995
996 964
997 5
997 966
997 996
997 4
998 5
998 997
998 967
999 6
999 998
999 967
999 968
1000 999
1000 968
1000 969
1001 9
1001 1000
1001 970
1001 8
1001 969
1002 971
1002 9
1002 1001
1002 970
1002 10
1003 11
1003 1002
1003 10
1003 972
1004 973
1004 12
1004 11
1004 1003
1005 974
1005 13
1005 973
1006 975
1006 14
1006 1005
1007 976
1007 975
1007 1006
1007 15
1008 16
1008 977
1008 15
1008 976
1009 977
1009 978
1009 16
1010 18
1010 1009
1011 979
1011 19
1011 980
1012 1011
1012 981
1012 980
1012 20
1012 19
1013 21
1013 20
1013 981
1013 1012
1014 21
1014 1013
1014 983
1015 983
1015 22
1015 23
1015 984
1015 1014
1016 24
1016 1015
1016 23
1017 25
1017 24
1017 986
1018 26
1018 987
1018 986
1018 1017
1019 987
1019 27
1019 26
1020 989
1020 1019
1020 27
1020 988
1021 29
1021 989
1021 1020
1021 990
1022 30
1022 1021
1023 960
1023 991
1023 30
1023 31
