32 32
1 0
2 1
3 2
7 6
9 8
10 9
11 10
12 11
14 13
16 15
17 16
18 17
19 18
20 19
22 21
24 23
25 24
26 25
27 26
28 27
30 29
31 0
31 30
32 0
33 2
33 1
34 33
35 34
35 4
35 3
36 5
36 4
37 6
37 5
37 36
38 6
39 7
39 8
39 38
40 39
41 10
41 9
42 10
42 41
42 11
43 11
43 42
43 12
44 43
44 13
44 12
45 13
45 44
46 14
47 16
47 46
48 17
49 17
49 48
50 19
50 49
51 20
52 21
53 21
53 22
54 22
55 24
55 54
56 24
57 25
57 26
57 56
58 27
58 26
59 27
59 28
59 58
60 28
61 60
61 30
62 30
63 31
64 33
64 32
65 33
65 64
66 65
66 35
66 34
67 36
67 35
68 36
68 37
69 68
69 38
70 38
71 40
71 39
72 41
73 41
73 42
73 72
74 43
74 42
75 43
76 44
76 45
77 76
77 46
78 47
78 46
78 77
79 48
80 48
80 79
81 80
81 49
82 51
82 50
83 82
84 52
85 54
86 54
86 85
86 55
88 56
88 57
89 88
89 57
90 89
90 59
90 58
91 59
92 60
93 62
93 61
94 62
95 64
95 32
95 63
96 64
96 65
97 96
97 65
98 97
99 67
99 98
100 68
100 99
100 69
101 100
101 70
101 69
102 71
103 102
103 72
104 73
104 72
105 73
105 104
106 74
106 105
106 75
107 75
107 76
108 107
108 77
109 77
109 78
110 109
110 79
111 110
111 79
112 81
112 111
113 82
113 81
114 82
114 83
114 113
115 83
115 84
116 115
116 84
117 86
117 85
118 87
118 117
118 86
119 88
119 118
120 119
120 88
120 89
122 91
123 91
124 123
124 92
124 93
125 94
125 93
126 95
126 125
127 64
127 95
128 97
128 96
129 98
129 128
129 97
130 98
130 129
131 99
131 130
132 100
132 101
132 131
133 132
133 101
134 103
135 134
135 104
136 104
136 135
136 105
137 105
138 106
138 107
140 108
140 109
141 140
141 109
142 111
142 141
143 112
143 111
143 142
144 112
144 113
145 144
146 145
146 115
147 116
147 146
147 115
148 117
148 147
148 116
149 117
149 148
149 118
150 119
151 119
151 120
152 121
152 120
153 122
154 153
154 122
154 123
155 154
155 123
156 124
157 125
158 127
159 158
159 128
159 127
160 129
161 129
161 160
161 130
162 161
162 130
162 131
163 162
164 132
164 133
164 163
165 133
165 134
166 135
166 165
166 134
167 136
168 136
168 167
169 168
170 169
170 139
171 140
171 170
172 140
172 171
173 142
173 141
174 142
174 143
175 144
176 144
176 145
177 145
177 176
178 147
178 146
178 177
179 148
179 178
180 149
180 179
181 150
182 150
182 181
182 151
183 151
183 152
183 182
184 153
184 183
184 152
185 154
186 154
186 155
186 185
187 155
187 156
188 187
189 188
189 158
190 159
191 159
191 190
192 161
192 160
193 161
193 162
194 193
194 163
194 162
195 163
195 194
195 164
197 166
198 167
198 166
198 197
199 168
199 198
200 169
201 170
201 169
202 201
202 170
203 171
203 172
203 202
204 173
204 172
205 173
206 205
206 174
208 176
208 207
208 177
209 177
209 208
210 209
210 179
211 210
211 179
212 180
212 181
212 211
213 182
213 212
213 181
214 183
214 182
215 184
215 214
215 183
216 184
217 216
217 185
218 187
219 188
220 188
220 189
221 220
221 189
222 190
222 191
223 191
223 222
223 192
224 193
224 192
225 224
225 193
226 195
227 226
227 195
228 196
228 227
228 197
231 200
231 199
232 231
232 201
233 201
233 232
234 202
235 234
236 204
236 235
237 205
237 236
238 206
239 208
240 209
240 239
240 208
241 210
242 211
243 242
244 243
244 213
244 212
245 244
245 214
245 213
247 216
247 246
247 215
248 216
248 247
249 248
249 217
250 219
250 249
251 250
251 219
252 251
253 221
253 252
254 222
255 192
255 223
255 254
257 225
257 256
258 226
259 228
260 228
260 259
261 229
261 230
262 230
262 231
263 262
263 232
264 233
264 232
264 263
265 233
266 234
266 265
266 235
267 266
268 267
269 268
270 269
271 240
272 271
273 242
273 272
274 243
274 242
274 273
275 274
275 244
276 245
276 244
276 275
278 247
278 246
278 277
279 278
279 247
279 248
281 249
281 250
281 280
282 250
282 281
282 251
284 252
284 283
285 254
285 284
286 254
286 285
287 286
287 256
287 255
287 224
288 256
288 257
289 288
289 258
289 257
290 259
291 290
291 260
292 261
292 260
293 261
293 292
294 293
294 262
295 264
295 263
295 294
296 264
296 295
296 265
297 266
297 296
297 265
298 266
299 268
299 267
299 298
300 299
300 268
301 269
301 270
302 271
302 270
303 272
304 303
304 273
305 304
306 275
306 274
307 276
307 275
308 276
308 277
309 278
310 309
310 279
311 310
312 280
312 311
313 282
313 281
313 312
314 283
315 284
315 283
316 315
316 285
316 284
317 285
318 286
319 256
319 288
319 287
320 288
320 289
321 320
321 289
321 290
322 321
322 291
323 292
323 291
323 322
324 292
325 294
326 325
326 295
327 295
328 296
328 297
329 298
329 297
329 328
330 299
330 329
331 299
331 300
332 301
332 300
333 332
335 303
335 304
335 334
336 305
336 335
337 306
337 305
338 306
338 337
338 307
339 338
339 308
339 307
340 308
341 310
341 309
342 341
343 342
344 313
344 343
345 313
345 314
345 344
346 345
346 314
346 315
347 316
347 346
348 317
348 347
348 316
349 317
349 318
349 348
350 319
350 318
351 320
351 319
352 320
354 353
354 322
355 354
355 324
356 325
356 355
357 325
358 327
358 357
358 326
359 328
359 358
360 329
360 328
360 359
361 330
361 329
362 331
362 330
362 361
363 362
363 332
364 332
364 333
365 364
365 334
366 334
366 335
367 336
367 335
369 368
369 338
370 369
370 339
370 338
371 370
371 339
372 340
373 372
373 342
373 341
374 373
374 343
374 342
375 374
375 344
378 347
378 346
379 347
379 348
380 349
380 348
380 379
381 349
381 380
383 382
383 351
383 320
384 353
385 354
385 353
385 384
386 355
386 354
387 356
387 386
387 355
388 356
388 387
389 358
390 389
390 359
390 358
391 360
391 359
392 360
392 361
393 361
393 362
393 392
394 363
394 393
395 394
395 364
396 364
396 395
397 396
398 397
398 366
399 368
400 399
401 400
401 369
402 371
403 402
403 372
404 403
404 372
404 373
405 374
405 373
406 375
406 405
406 374
407 376
407 375
407 406
408 407
408 377
408 376
409 377
409 408
409 378
410 379
410 378
411 410
411 379
411 380
412 381
413 412
414 382
414 413
415 352
415 383
415 384
415 414
416 385
416 384
417 416
417 385
418 417
418 386
419 388
419 418
420 388
420 389
420 419
421 420
421 389
421 390
422 390
422 421
423 392
423 422
423 391
424 392
424 393
424 423
426 395
427 396
427 426
428 396
428 427
428 397
429 428
429 398
430 398
430 399
431 430
431 399
431 400
432 401
432 431
433 432
433 402
433 401
434 433
434 402
434 403
435 404
436 405
436 435
437 405
437 406
437 436
438 437
439 407
439 408
440 409
441 440
441 409
442 441
443 411
444 413
444 412
445 444
446 415
446 445
447 415
447 416
447 384
448 417
448 416
449 417
449 418
450 419
451 450
451 420
454 453
454 423
454 422
455 423
456 425
456 424
456 455
457 426
458 427
458 457
458 426
459 458
459 427
460 459
460 428
461 460
461 430
462 431
462 461
463 431
464 463
464 433
465 433
465 464
466 435
466 434
467 435
467 436
468 467
469 437
469 438
470 438
470 439
472 440
472 471
473 472
473 441
474 442
475 474
475 444
475 443
476 444
477 446
477 476
478 447
478 446
478 477
479 448
479 478
479 416
480 449
481 480
481 449
481 450
482 451
482 450
483 452
484 483
484 453
485 453
485 454
485 484
486 454
486 455
486 485
487 486
487 456
488 456
488 487
489 458
489 488
489 457
490 489
490 458
490 459
491 459
492 461
492 491
492 460
493 462
493 492
493 461
494 463
495 463
495 464
497 466
497 496
497 465
498 497
499 467
499 468
500 499
500 468
501 469
502 501
503 471
503 472
504 473
505 504
506 475
506 505
506 474
508 507
508 476
509 508
509 477
510 478
510 509
511 448
511 479
511 480
513 481
513 482
513 512
514 483
515 514
516 485
516 515
516 484
518 517
518 486
519 488
519 487
519 518
520 519
520 489
521 490
521 520
521 489
522 521
522 490
522 491
523 492
523 522
524 492
524 493
524 523
525 493
525 494
525 524
526 525
527 496
528 527
529 498
529 497
530 499
530 498
531 500
531 499
531 530
532 501
532 531
533 532
534 502
534 533
534 503
535 503
535 534
537 536
537 506
537 505
538 507
539 508
540 509
540 508
540 539
541 509
541 510
542 511
542 541
543 480
543 542
544 512
545 514
546 514
546 515
546 545
547 546
547 516
547 515
548 517
548 547
549 518
549 517
550 518
550 549
551 550
551 519
552 521
553 522
553 521
554 523
554 553
554 522
555 554
555 524
555 523
556 525
556 555
556 524
557 526
557 556
557 525
558 557
558 526
559 528
559 527
559 558
560 529
560 559
560 528
561 560
561 529
562 531
562 561
562 530
563 531
563 562
564 532
564 563
565 564
565 533
565 534
566 535
566 534
567 536
567 535
567 566
568 536
568 567
568 537
569 568
570 539
571 539
571 540
571 570
572 540
572 541
572 571
573 541
574 543
574 542
575 512
575 544
576 544
577 576
577 545
578 547
578 577
579 548
579 547
580 548
580 579
581 550
581 580
581 549
582 550
582 581
584 553
585 553
585 554
586 585
588 557
588 587
589 588
590 558
590 589
592 561
592 591
594 562
594 593
595 564
596 565
597 566
598 566
599 568
600 599
600 569
600 568
601 600
601 569
602 571
602 601
603 602
604 572
604 603
607 606
608 576
609 578
609 577
610 579
611 579
611 580
611 610
612 611
612 581
613 612
613 582
614 583
615 614
615 583
616 584
616 615
616 585
617 586
617 585
618 587
618 586
619 588
620 589
621 589
621 620
621 590
622 591
622 590
622 621
623 592
623 622
624 623
624 592
624 593
625 624
627 595
628 597
628 627
628 596
629 597
629 598
629 628
630 598
631 630
631 599
631 600
633 601
633 632
633 602
634 603
634 633
635 634
635 603
635 604
636 605
636 635
636 604
638 606
639 576
639 607
640 609
640 608
641 640
642 611
642 641
642 610
643 642
644 643
644 612
645 644
645 613
646 615
647 616
647 615
648 616
648 617
649 648
649 618
650 618
650 619
650 649
651 620
651 619
652 651
652 621
652 620
653 622
653 621
653 652
654 653
654 622
655 623
655 624
656 624
657 626
657 656
658 657
658 626
658 627
659 628
660 628
661 630
661 660
661 629
662 661
662 630
662 631
664 633
665 633
665 634
667 666
667 635
668 667
669 637
669 638
670 638
670 639
671 639
671 670
671 608
672 640
672 641
674 673
674 642
674 643
675 644
675 643
675 674
676 675
677 646
678 677
678 646
678 647
679 647
679 648
680 679
680 649
682 681
682 650
684 652
684 653
685 684
685 653
686 655
686 685
687 686
688 656
689 658
689 688
690 658
690 689
691 659
692 691
692 661
693 692
694 662
695 664
695 694
696 664
696 695
697 666
697 665
697 696
698 667
698 666
699 698
699 667
699 668
700 699
700 668
701 669
701 670
701 700
702 701
702 671
703 640
703 671
703 672
704 672
705 704
705 673
706 705
706 675
707 676
707 675
707 706
708 707
709 677
709 678
710 679
710 678
711 679
711 710
711 680
712 711
712 680
712 681
713 681
713 712
714 713
714 682
715 683
715 714
716 684
716 685
716 715
718 687
718 717
719 718
719 687
719 688
721 690
721 720
721 689
722 721
722 691
722 690
723 722
724 692
724 723
724 693
725 724
725 693
725 694
726 694
726 725
726 695
727 695
727 726
728 727
728 696
728 697
729 698
730 729
730 699
730 698
731 699
731 700
732 731
732 700
733 702
733 732
733 701
734 703
735 672
735 734
735 704
735 703
736 704
736 705
737 706
737 705
738 706
739 738
739 707
740 708
740 739
741 709
742 711
742 741
742 710
743 711
743 742
744 712
744 713
745 714
745 713
746 714
747 716
747 715
748 747
748 716
748 717
749 718
749 717
751 719
751 720
751 750
752 721
752 751
752 720
753 752
753 721
754 722
754 753
754 723
755 724
756 724
756 725
757 725
757 756
757 726
758 757
758 727
759 728
760 759
761 760
761 730
762 730
762 731
763 731
763 732
764 763
764 733
765 733
767 736
767 766
768 737
769 768
770 739
771 739
771 770
772 740
773 742
773 741
774 742
775 774
775 744
776 744
777 745
777 746
777 776
778 747
778 777
779 748
779 747
779 778
780 779
780 749
781 750
782 751
783 751
784 752
784 753
784 783
785 784
785 754
786 754
786 755
787 786
787 755
788 787
788 757
788 756
789 788
789 757
790 759
790 758
791 759
792 791
792 760
793 762
794 793
794 763
795 794
795 763
796 795
796 765
796 764
797 796
797 766
797 765
798 766
798 767
799 736
799 798
799 768
800 768
801 800
802 771
802 801
802 770
803 771
804 773
805 773
806 775
808 776
808 777
809 808
810 778
810 809
810 779
811 779
812 780
812 781
813 782
814 783
815 814
815 783
816 784
817 786
818 787
818 786
819 788
819 787
820 788
820 789
821 789
821 790
822 821
822 790
822 791
823 791
824 823
824 793
825 794
825 824
826 825
827 795
827 826
829 797
829 828
830 829
830 799
831 830
831 800
831 768
832 801
833 802
833 832
834 833
834 803
834 802
835 804
835 803
836 835
836 804
837 836
837 805
838 806
838 807
839 808
839 838
839 807
840 808
841 809
842 811
842 810
842 841
843 812
843 811
844 843
845 814
845 844
845 813
846 845
847 846
847 816
848 817
849 818
850 819
851 819
851 850
852 821
852 820
853 822
853 821
853 852
854 822
854 823
855 824
855 854
856 825
857 825
857 856
858 826
859 828
860 829
861 829
861 830
862 830
862 831
863 832
864 833
864 832
865 834
865 864
866 834
867 835
868 867
868 836
869 837
869 838
870 838
871 840
872 871
872 841
873 841
873 872
874 873
874 842
875 874
875 844
875 843
876 845
876 844
876 875
877 876
877 845
877 846
878 877
878 846
879 847
880 848
880 879
881 850
881 849
881 880
882 850
882 881
882 851
883 852
884 853
885 854
886 855
886 854
887 855
888 887
888 857
889 888
889 857
889 858
890 859
890 858
890 889
891 890
891 859
893 861
893 862
893 892
894 863
894 893
895 832
895 863
896 864
897 865
897 896
897 866
898 897
899 867
900 899
900 868
901 870
902 901
903 871
903 872
904 903
904 872
905 904
905 874
906 874
907 875
907 906
908 876
908 877
909 877
910 909
910 879
910 878
911 880
911 879
911 910
912 880
912 881
913 912
913 882
913 881
914 883
914 882
914 913
915 914
915 884
916 885
917 886
917 916
918 887
918 917
919 888
920 888
920 919
920 889
921 889
921 920
922 891
923 922
924 893
924 923
924 892
925 893
925 924
926 925
926 894
926 895
927 896
927 895
928 897
929 898
929 897
930 899
930 929
931 900
931 899
931 930
932 900
932 901
933 902
933 932
934 903
934 933
935 903
935 904
935 934
936 905
937 936
937 905
938 907
939 907
940 939
940 908
940 909
941 910
941 940
942 910
943 912
943 911
944 912
944 943
945 944
945 914
945 913
946 914
946 945
947 916
947 946
947 915
948 947
948 917
948 916
949 918
950 919
950 949
951 919
952 921
953 952
953 921
953 922
954 922
954 923
954 953
955 924
955 954
956 955
956 924
957 925
957 956
958 926
959 928
959 896
959 958
960 929
960 928
961 960
961 930
962 931
962 930
962 961
963 931
963 932
964 932
964 933
965 964
965 933
965 934
966 965
967 966
967 935
968 967
968 937
968 936
969 938
969 968
970 938
970 939
971 939
972 941
972 971
973 941
973 942
973 972
974 973
974 943
974 942
975 944
976 975
976 944
976 945
977 946
978 977
980 979
981 980
982 981
982 951
983 951
983 952
984 952
985 984
985 954
986 954
986 955
987 956
987 986
988 957
988 987
989 988
989 957
990 958
990 959
990 989
991 990
991 959
992 960
992 0
992 961
993 0
993 961
993 1
993 962
994 2
994 962
994 1
994 993
995 964
995 963
995 994
995 3
996 4
996 3
996 995
997 966
997 4
997 965
997 996
997 5
998 997
998 6
998 967
998 5
999 998
999 7
1000 7
1001 8
1001 969
1001 970
1002 970
1002 10
1002 1001
1002 971
1003 1002
1003 11
1003 971
1003 10
1003 972
1004 12
1005 1004
1005 973
1005 12
1005 974
1006 1005
1006 14
1006 975
1006 13
1007 975
1007 976
1008 976
1008 16
1008 977
1008 1007
1009 977
1009 1008
1009 978
1009 16
1009 17
1010 978
1010 18
1010 1009
1011 980
1011 979
1012 1011
1012 20
1012 19
1012 981
1013 21
1013 1012
1013 981
1013 20
1014 21
1014 22
1014 983
1014 1013
1015 983
1015 1014
1016 1015
1016 23
1017 24
1017 985
1017 25
1018 1017
1018 986
1018 25
1018 987
1018 26
1019 987
1019 27
1019 26
1020 1019
1020 28
1020 989
1020 988
1021 989
1021 1020
1021 28
1021 990
1022 30
1022 990
1022 29
1022 1021
1023 992
1023 991
1023 1022
1023 960
1023 31
