32 32
1 0
3 2
6 5
7 6
8 7
9 8
10 9
11 10
12 11
14 13
15 14
16 15
17 16
20 19
22 21
24 23
25 24
29 28
31 30
31 0
33 2
33 1
34 2
35 4
36 35
36 4
36 5
37 5
37 36
38 37
38 6
38 7
39 8
39 7
39 38
40 8
40 39
41 40
41 10
41 9
42 10
42 41
42 11
43 42
43 12
44 43
44 12
46 14
46 15
48 16
48 17
49 17
49 18
50 49
50 18
51 19
51 50
52 20
53 52
54 22
54 53
55 54
55 24
56 55
56 25
56 24
57 26
57 25
57 56
58 26
58 27
58 57
59 27
59 28
60 29
61 30
61 60
62 31
62 61
62 30
63 32
63 31
63 62
64 32
65 64
66 34
66 35
66 65
67 35
67 36
68 37
68 36
68 67
69 68
69 37
70 69
70 39
71 39
71 40
72 41
73 42
74 73
74 42
74 43
75 74
75 44
76 44
76 45
77 45
77 76
78 77
78 47
79 78
79 47
79 48
80 48
80 49
81 80
81 49
81 50
82 51
82 81
83 82
83 51
84 52
84 53
84 83
86 54
87 56
87 55
87 86
88 57
89 57
89 58
90 58
91 59
92 60
92 61
92 91
93 61
93 62
94 62
94 93
95 64
95 94
96 65
97 96
97 66
98 66
100 99
101 70
101 69
101 100
102 71
102 70
102 101
103 72
104 72
104 103
105 74
105 73
106 75
107 76
109 78
109 77
110 78
110 79
111 80
111 110
111 79
113 82
113 81
114 82
114 83
114 113
115 83
116 85
117 86
117 116
118 117
119 118
119 87
120 89
120 88
121 90
121 120
121 89
122 91
122 121
123 122
123 92
124 93
125 124
125 94
126 94
126 125
127 64
127 96
128 97
129 97
129 98
131 99
131 130
132 100
132 101
133 101
133 132
134 103
135 104
136 135
136 104
137 105
137 106
137 136
138 137
138 107
138 106
139 138
139 108
139 107
140 139
140 109
140 108
141 140
142 111
142 141
143 111
144 143
144 112
145 114
146 115
146 145
146 114
147 116
147 146
147 115
148 147
148 116
148 117
149 118
149 117
149 148
150 119
150 118
151 120
151 119
151 150
152 121
152 120
152 151
153 121
153 122
154 122
154 123
154 153
155 124
155 154
156 125
156 124
157 125
157 156
158 126
158 157
159 127
159 128
159 96
159 158
160 129
160 128
161 129
161 130
161 160
162 131
162 130
163 132
163 131
163 162
164 163
165 164
167 166
168 136
168 137
168 167
169 138
171 170
171 139
172 171
172 140
173 141
173 142
174 143
174 142
176 175
176 145
177 146
177 145
178 177
178 146
179 147
179 178
180 179
180 149
180 148
181 180
182 151
182 150
183 152
183 151
184 183
184 152
185 153
185 184
185 154
186 155
187 155
187 186
188 187
188 156
188 157
189 158
190 158
190 159
190 189
191 128
191 190
192 161
193 162
193 161
193 192
194 193
194 163
195 194
195 163
195 164
196 195
196 165
196 164
197 196
197 166
198 167
198 166
198 197
199 198
199 168
199 167
200 199
200 168
201 170
201 200
202 171
202 170
202 201
203 172
203 171
204 172
204 173
205 173
205 174
205 204
206 175
207 176
207 206
207 175
208 207
208 177
208 176
210 209
211 180
211 179
211 210
212 211
212 180
213 212
213 181
214 183
214 182
214 213
215 184
215 183
215 214
216 184
216 215
219 187
220 188
220 219
221 189
221 220
222 190
222 191
223 160
223 222
224 192
225 194
226 194
227 226
228 227
228 196
229 228
229 198
230 199
230 198
231 200
231 199
232 201
232 200
233 201
234 202
234 203
235 203
235 204
235 234
236 205
237 205
238 207
238 206
239 238
239 208
240 209
241 240
241 209
242 210
242 211
242 241
243 242
243 211
244 213
245 213
245 214
246 245
246 215
247 216
247 215
247 246
248 217
248 216
248 247
249 218
249 217
250 218
250 249
250 219
251 220
252 251
252 220
252 221
253 222
253 221
253 252
254 253
254 223
254 222
255 254
255 224
256 225
256 224
257 225
257 256
258 257
258 226
259 258
259 228
260 259
261 230
261 260
261 229
262 231
262 261
262 230
263 231
263 262
264 263
264 233
265 264
265 234
266 235
266 265
267 236
267 266
268 236
270 238
271 240
271 270
272 271
274 273
274 243
275 274
275 244
275 243
276 275
276 244
277 276
277 245
278 247
278 277
278 246
279 247
280 279
280 249
281 249
282 251
283 251
283 252
283 282
284 253
284 252
285 284
285 253
285 254
286 254
286 255
286 285
287 255
287 256
288 256
289 257
289 288
290 258
291 290
291 259
292 260
292 291
292 261
293 261
294 262
294 293
295 294
295 264
296 264
296 265
297 265
298 266
298 267
298 297
299 267
299 268
299 298
300 299
300 269
301 269
301 300
302 270
302 271
303 271
303 302
304 273
304 303
304 272
305 304
305 273
306 275
306 274
307 275
307 276
308 307
309 278
309 277
310 309
310 278
311 280
311 310
312 281
312 280
313 312
313 282
313 281
314 313
314 283
314 282
315 284
315 314
315 283
316 315
317 286
317 285
318 286
318 287
318 317
319 318
319 288
319 256
320 288
320 289
321 290
321 289
322 321
323 291
323 292
324 323
324 292
325 324
325 294
325 293
326 295
326 294
327 296
327 326
327 295
328 327
328 296
329 298
329 328
330 298
330 299
331 300
331 330
333 302
333 332
334 333
334 302
335 303
336 304
336 335
336 305
337 336
337 305
338 306
338 337
338 307
339 308
339 338
340 339
341 340
341 310
341 309
342 310
343 312
343 311
344 343
344 313
344 312
345 344
345 314
347 315
347 316
348 316
348 317
348 347
349 317
350 319
350 349
351 350
351 320
351 288
351 319
352 321
352 320
353 352
354 353
354 322
355 323
355 324
356 324
356 325
356 355
358 327
358 326
358 357
359 328
359 327
359 358
360 359
360 329
360 328
361 329
361 360
362 330
362 331
363 331
363 362
363 332
364 333
364 363
365 334
365 333
366 334
366 335
367 335
367 366
368 367
369 368
369 337
370 369
370 339
371 340
371 339
372 340
372 371
372 341
373 342
373 341
374 343
374 373
374 342
377 346
378 347
378 377
378 346
379 347
379 378
380 349
380 348
380 379
381 350
381 380
382 350
382 351
382 381
383 320
383 382
383 352
384 352
385 353
385 384
386 385
386 354
387 356
387 355
387 386
388 387
388 356
389 388
389 357
391 359
391 360
393 362
393 361
394 362
395 394
396 365
397 365
397 366
398 397
399 398
399 368
400 399
400 368
401 400
401 370
402 370
402 401
403 402
404 403
404 372
405 373
406 405
406 374
407 375
407 406
408 376
410 378
410 379
410 409
411 410
411 379
412 381
412 411
412 380
413 381
413 412
414 383
414 382
414 413
415 383
415 352
416 385
417 386
417 385
418 417
418 386
418 387
419 387
419 388
419 418
420 419
420 389
421 390
421 420
422 421
422 390
422 391
423 422
423 391
424 392
424 393
425 394
425 393
426 394
426 395
426 425
427 426
427 396
428 396
429 398
430 429
430 398
431 430
431 400
432 431
432 401
432 400
433 401
433 432
434 402
436 405
436 435
437 405
439 407
439 408
439 438
440 439
441 440
441 409
443 442
444 412
444 443
444 413
445 444
446 414
447 384
447 415
448 416
448 417
449 417
450 418
450 419
451 419
451 450
451 420
452 451
453 421
453 452
453 422
454 423
455 423
455 454
456 424
456 425
457 425
458 426
458 427
458 457
459 427
459 428
459 458
460 428
460 429
460 459
461 429
461 430
462 430
462 461
463 432
463 462
464 432
464 433
464 463
465 434
465 464
467 436
467 435
468 467
468 436
469 438
470 469
471 439
471 440
472 440
472 441
473 441
473 472
474 473
474 443
475 474
476 444
476 475
476 445
477 476
477 445
478 477
478 447
478 446
479 416
480 449
481 480
481 449
482 451
482 450
483 451
483 482
484 453
484 483
485 454
486 455
486 485
486 454
487 486
487 456
488 456
489 458
489 457
490 459
491 460
491 459
491 490
492 460
493 492
494 463
494 493
495 464
495 494
496 495
496 464
497 466
498 497
498 466
498 467
499 468
499 467
500 499
500 469
501 470
502 501
502 471
502 470
503 471
503 502
503 472
504 473
505 473
506 475
506 505
507 476
508 477
508 507
508 476
509 477
509 508
509 478
510 509
510 478
510 479
511 480
511 479
512 480
512 481
513 512
513 481
514 483
514 482
515 514
515 483
515 484
516 485
516 484
516 515
517 485
518 517
518 486
519 488
519 518
519 487
520 519
520 489
521 489
521 520
522 521
523 492
523 522
524 492
524 523
525 524
525 494
526 525
526 495
527 496
527 526
528 496
528 527
529 528
529 497
530 529
531 499
531 500
531 530
532 531
533 501
533 532
534 533
534 503
535 503
536 535
536 504
538 507
539 508
541 540
541 510
542 511
542 510
543 512
543 542
543 511
544 513
544 512
546 545
547 516
547 546
548 547
548 517
548 516
549 548
549 517
549 518
550 519
550 549
550 518
551 519
551 520
552 520
552 551
553 521
553 552
553 522
554 553
554 522
555 524
555 523
555 554
556 524
556 555
556 525
557 526
557 556
558 526
558 557
558 527
559 528
559 558
559 527
560 528
560 559
561 529
561 560
562 530
563 531
563 532
564 533
564 532
565 534
565 533
565 564
566 534
566 535
566 565
567 566
568 567
568 537
569 538
570 569
570 538
570 539
571 570
572 571
572 541
573 572
574 542
574 543
574 573
575 544
575 512
575 543
577 546
577 545
578 577
579 547
579 548
579 578
580 549
580 548
580 579
581 580
581 549
582 550
582 581
583 551
584 553
584 583
584 552
585 554
585 553
586 554
587 556
587 586
587 555
588 557
588 556
589 558
589 557
589 588
590 589
591 559
591 560
592 561
592 560
593 561
594 593
594 563
595 563
595 594
595 564
596 565
596 564
598 566
599 598
599 567
600 569
600 599
601 570
601 600
601 569
602 570
602 571
602 601
603 602
603 572
604 603
604 572
605 604
606 575
606 605
607 606
607 576
607 575
607 544
609 577
610 609
610 578
611 610
612 581
612 580
613 612
613 582
613 581
614 613
614 583
615 584
615 614
615 583
616 615
616 584
617 616
617 585
618 587
618 617
619 618
620 619
620 589
620 588
621 590
622 621
622 591
622 590
623 591
623 622
623 592
624 623
624 592
624 593
625 594
625 593
625 624
626 594
626 595
627 595
627 626
627 596
628 627
629 597
629 628
630 598
630 629
631 600
632 600
632 601
633 602
633 632
633 601
634 603
635 604
636 635
636 605
637 605
637 606
638 606
639 638
639 607
640 609
640 608
641 610
642 611
642 641
643 612
643 642
644 613
644 612
645 644
646 645
646 615
646 614
647 615
647 616
648 617
648 647
649 618
650 618
650 649
651 619
651 620
651 650
652 620
652 651
652 621
653 622
655 623
655 654
655 624
656 625
656 624
657 626
657 656
659 628
660 628
661 629
661 630
662 630
662 661
662 631
663 631
663 662
664 663
664 632
665 664
666 634
666 635
666 665
667 666
667 636
668 667
668 637
668 636
669 668
670 639
670 638
671 670
671 639
673 642
674 642
674 643
674 673
675 644
675 674
676 675
676 645
677 646
677 676
678 646
678 647
678 677
679 647
680 679
680 649
680 648
681 680
682 651
683 651
683 652
683 682
684 683
684 652
686 655
686 654
689 657
689 658
690 689
690 658
691 659
691 690
691 660
692 661
693 692
693 661
694 662
694 663
695 694
697 666
698 697
698 667
699 698
699 667
699 668
701 670
702 671
703 672
703 702
703 671
704 673
704 672
705 674
706 705
706 675
707 706
708 676
708 677
708 707
709 677
709 708
710 678
710 709
710 679
711 679
712 711
714 713
714 682
715 714
716 685
717 685
718 686
719 687
719 718
720 719
720 688
721 720
722 690
722 721
722 691
723 722
724 723
724 692
725 694
725 693
725 724
726 695
726 725
727 726
727 695
727 696
728 697
728 727
728 696
729 698
729 728
730 699
731 700
731 699
732 701
732 731
732 700
733 732
733 702
733 701
734 702
734 703
734 733
735 704
735 703
735 672
736 705
736 704
737 736
738 706
738 737
739 707
739 708
739 738
740 739
741 740
742 711
742 710
742 741
743 712
743 742
744 712
745 713
745 714
745 744
746 715
746 714
746 745
748 747
748 716
748 717
749 748
750 718
750 719
751 719
751 750
752 721
752 751
753 721
754 722
755 724
755 754
755 723
756 724
756 755
757 756
757 725
758 757
758 727
759 727
759 758
760 728
760 759
760 729
761 729
761 730
762 730
762 731
763 731
763 732
764 732
764 763
764 733
765 733
765 734
766 765
766 735
766 734
767 735
767 704
767 766
767 736
768 737
768 736
769 737
769 768
770 738
770 739
770 769
771 740
771 739
772 740
772 771
773 772
773 741
774 773
774 743
774 742
775 774
776 775
776 744
777 746
778 746
779 747
780 779
780 749
781 750
781 780
782 781
783 782
783 752
784 752
785 784
785 753
785 754
786 785
786 755
787 755
787 786
787 756
788 787
788 756
789 757
789 788
790 758
790 789
790 759
791 760
791 790
793 761
794 762
794 793
795 764
795 763
796 764
796 765
796 795
797 796
797 766
797 765
798 767
798 797
799 767
799 798
799 768
800 769
801 769
801 770
801 800
802 771
803 771
803 772
804 772
804 803
805 773
805 804
806 775
806 805
806 774
807 775
808 807
808 777
809 778
809 808
810 809
810 779
810 778
811 780
811 810
811 779
812 781
813 812
813 782
814 783
815 783
816 815
817 816
817 785
817 786
818 817
818 786
819 787
819 788
820 819
820 788
821 790
821 820
822 821
822 791
824 793
825 794
825 793
825 824
826 825
826 794
827 826
827 796
828 827
828 797
828 796
829 798
829 797
830 798
831 800
831 830
831 799
832 801
833 802
833 801
834 833
834 803
834 802
835 804
835 834
836 805
836 804
837 805
838 807
838 837
838 806
839 838
839 808
839 807
840 839
841 809
841 840
841 810
842 810
842 841
842 811
843 842
844 843
844 813
844 812
845 814
846 814
846 815
846 845
847 816
848 817
848 816
849 848
850 849
850 819
850 818
851 850
851 819
853 852
853 822
853 821
854 853
855 823
855 824
855 854
856 824
857 826
858 826
858 827
859 827
859 858
860 829
860 859
861 860
861 830
861 829
862 861
863 862
863 832
865 834
865 833
865 864
866 835
867 836
867 835
867 866
868 836
869 868
869 837
870 838
870 869
870 839
871 870
871 839
871 840
872 871
872 841
872 840
873 872
873 841
874 842
874 843
874 873
875 844
875 874
876 875
876 844
877 845
878 846
878 847
879 847
879 878
879 848
880 848
880 879
880 849
882 850
883 882
883 852
883 851
884 883
885 854
885 853
886 885
886 854
887 886
888 887
888 857
889 857
889 888
890 858
890 859
892 891
892 860
892 861
893 861
894 863
894 862
895 864
895 863
896 865
896 864
897 866
897 865
898 866
898 897
899 898
899 867
900 869
900 868
901 870
901 869
902 870
903 871
904 903
904 873
905 874
905 873
906 905
906 874
906 875
907 875
907 876
907 906
908 876
908 907
909 878
910 878
911 879
911 910
912 881
912 911
913 881
913 912
914 913
916 884
916 885
916 915
917 886
917 916
917 885
918 887
918 886
918 917
919 918
919 888
920 919
920 889
921 920
921 890
921 889
922 890
922 921
923 892
923 891
923 922
924 923
924 893
924 892
925 894
925 924
925 893
926 895
926 894
927 896
927 926
928 897
929 898
929 928
930 898
930 899
931 899
931 930
931 900
932 931
932 900
932 901
933 902
933 932
933 901
934 903
934 902
934 933
935 903
936 905
936 935
936 904
937 936
937 906
938 937
938 906
939 907
939 938
939 908
940 939
940 908
940 909
941 910
941 940
942 941
943 912
943 911
943 942
944 913
944 943
944 912
945 944
945 913
946 945
946 915
946 914
947 916
948 917
949 917
949 948
949 918
950 949
950 919
950 918
951 950
951 919
952 921
952 920
953 921
953 952
954 953
954 923
956 955
956 925
956 924
957 925
957 926
957 956
958 927
958 926
958 957
959 928
959 958
959 927
960 929
961 930
962 930
962 961
963 932
963 962
963 931
964 963
965 933
965 934
966 935
966 934
966 965
967 936
968 967
968 937
968 936
969 938
969 937
969 968
970 938
970 939
971 970
971 940
971 939
972 941
972 971
973 941
973 942
973 972
974 943
975 944
975 943
976 944
976 945
976 975
977 976
977 946
977 945
978 977
979 947
979 948
981 950
981 980
981 949
982 981
982 950
982 951
983 951
983 982
984 983
985 954
986 985
986 954
987 956
987 955
987 986
988 987
988 957
989 988
989 957
990 958
990 989
991 960
991 959
991 990
992 31
992 0
992 960
994 963
994 993
994 1
995 994
995 3
996 964
996 4
996 965
996 3
996 995
997 965
997 5
997 4
997 966
998 6
998 997
998 5
999 6
999 967
999 998
999 968
1000 999
1000 968
1000 969
1000 8
1001 970
1001 8
1001 1000
1001 9
1001 969
1002 10
1002 1001
1003 1002
1003 971
1004 11
1004 972
1004 1003
1005 12
1005 13
1005 973
1005 1004
1006 974
1007 1006
1007 975
1007 14
1008 16
1008 15
1008 977
1008 976
1009 17
1009 1008
1010 17
1010 978
1010 18
1011 980
1011 19
1012 980
1012 19
1012 981
1012 1011
1013 982
1013 1012
1013 981
1014 22
1014 982
1015 22
1015 984
1016 984
1016 1015
1016 985
1016 24
1016 23
1017 986
1017 1016
1017 985
1018 25
1018 986
1018 26
1019 27
1019 987
1019 1018
1020 989
1020 27
1020 28
1021 990
1021 28
1021 1020
1021 29
1021 989
1022 29
1022 30
1022 990
1022 991
1023 1022
1023 991
1023 960
