32 32
1 0
4 3
6 5
8 7
9 8
10 9
13 12
15 14
16 15
17 16
19 18
21 20
22 21
23 22
26 25
27 26
28 27
29 28
30 29
31 0
32 1
33 2
33 1
33 32
34 33
34 2
35 34
36 35
36 4
37 6
37 36
38 7
38 37
39 8
39 38
40 9
40 39
40 8
41 9
42 41
42 11
43 42
44 12
44 43
44 13
45 44
46 15
46 45
46 14
47 16
48 47
49 48
50 49
50 18
50 19
51 19
51 20
52 20
52 51
53 52
53 22
54 22
54 53
55 54
55 23
56 24
56 55
56 25
57 26
57 56
57 25
58 26
59 27
59 58
60 29
60 28
61 60
61 30
62 30
63 32
63 62
63 31
63 0
64 33
65 33
65 34
66 34
66 35
67 35
67 36
68 36
68 67
68 37
69 37
69 38
69 68
70 39
70 38
70 69
71 39
71 40
72 41
73 72
73 42
74 73
74 43
75 44
76 44
76 45
76 75
78 77
78 46
79 47
79 48
79 78
80 49
80 48
80 79
81 50
81 49
81 80
82 51
82 50
83 51
84 83
84 52
85 54
85 84
85 53
86 85
86 55
87 55
87 56
87 86
88 56
88 57
88 87
89 88
89 57
90 59
90 58
90 89
91 59
92 91
92 60
93 61
93 62
94 93
94 62
94 63
95 32
95 63
97 66
97 96
97 65
98 67
98 97
98 66
99 68
99 67
100 69
100 68
101 70
101 100
101 69
102 101
102 71
102 70
103 102
103 72
103 71
104 72
104 103
105 104
105 73
106 74
106 75
107 75
107 106
108 76
108 77
109 77
109 108
110 109
110 78
111 80
111 79
111 110
112 80
112 81
112 111
113 82
113 112
114 113
114 82
115 114
115 83
116 85
117 116
117 85
117 86
119 118
119 88
119 87
120 88
120 89
121 120
121 89
121 90
122 121
122 90
123 122
124 92
124 123
125 124
126 94
126 95
127 96
127 64
127 95
128 97
128 96
129 98
129 128
130 129
131 130
131 99
132 100
132 131
133 101
133 132
133 102
134 103
135 104
136 105
137 136
138 107
138 137
138 106
139 107
140 139
140 108
141 109
141 110
141 140
142 111
142 110
142 141
143 142
144 113
145 113
146 114
147 146
147 115
148 116
148 147
149 117
149 118
150 118
150 149
151 120
151 119
151 150
152 121
152 120
152 151
153 152
153 121
154 123
154 153
154 122
155 123
155 124
156 125
157 126
157 156
158 126
159 158
159 128
159 127
160 129
161 129
161 160
161 130
162 131
162 161
163 162
164 133
164 163
165 164
165 134
165 133
166 135
167 136
168 167
168 137
168 136
169 137
169 138
170 138
171 140
171 139
172 140
172 141
172 171
173 141
174 142
174 173
174 143
175 144
176 175
176 144
177 146
178 177
178 146
179 178
179 147
180 149
180 148
181 180
181 149
182 151
183 151
183 182
183 152
184 153
184 183
185 184
185 154
185 153
186 155
186 185
187 186
187 155
188 187
188 157
189 188
189 158
189 157
190 159
191 190
192 160
192 161
193 192
193 162
194 193
194 163
195 194
195 163
195 164
196 164
196 195
197 165
197 166
198 167
198 166
199 198
199 167
200 169
200 199
201 200
201 169
202 170
203 171
203 172
203 202
204 173
204 172
205 174
206 175
206 174
207 176
207 206
207 175
208 207
208 176
209 208
209 177
210 179
211 180
211 179
212 181
212 180
212 211
213 212
214 183
214 182
214 213
215 184
215 183
215 214
216 184
216 185
216 215
217 216
217 186
217 185
218 186
218 187
219 218
219 187
220 189
220 188
221 220
222 191
222 221
223 222
224 192
225 194
225 193
226 194
226 195
227 196
227 226
228 197
228 196
229 228
231 230
231 200
232 200
232 231
233 201
233 202
234 202
234 203
235 203
235 234
235 204
236 204
236 205
237 236
238 207
238 237
239 207
239 238
240 239
240 208
240 209
241 209
241 240
242 241
242 211
243 211
243 212
243 242
244 213
244 243
245 213
245 214
247 246
247 215
247 216
248 216
248 217
249 218
249 217
250 249
251 219
251 220
251 250
252 220
252 251
253 252
254 253
254 223
255 224
255 192
256 225
256 224
257 226
257 256
257 225
258 226
259 228
260 229
260 259
260 228
261 230
261 229
261 260
262 230
262 231
263 262
263 231
264 233
265 234
265 264
265 233
266 265
266 235
267 236
268 267
268 236
268 237
270 239
271 239
271 240
271 270
272 241
272 240
272 271
273 242
273 241
273 272
274 243
274 242
275 244
275 274
275 243
276 245
277 276
277 246
277 245
278 247
278 277
278 246
279 278
279 247
279 248
280 249
280 279
281 250
281 249
281 280
282 281
283 251
283 282
283 252
284 252
284 253
285 253
285 284
285 254
286 254
286 285
286 255
287 256
287 286
287 255
288 256
288 257
289 258
290 289
290 259
291 259
291 260
291 290
292 260
292 291
293 262
294 293
295 294
296 265
296 264
297 296
297 265
298 297
298 266
299 268
299 298
300 268
300 299
301 270
301 300
302 271
302 270
303 272
304 303
305 273
305 274
306 275
306 274
307 276
307 275
308 276
309 277
309 278
309 308
310 279
311 279
311 280
312 311
312 280
312 281
313 281
313 312
314 283
314 313
314 282
315 284
315 283
316 284
316 285
317 285
317 316
318 286
319 288
319 287
319 318
320 289
320 288
321 290
321 320
322 290
322 291
323 322
323 292
325 293
325 294
325 324
326 325
326 294
326 295
327 295
327 326
327 296
328 327
328 296
329 328
329 297
329 298
330 299
332 331
332 301
333 332
334 333
335 304
335 303
335 334
336 305
337 336
337 306
339 338
339 307
340 309
340 339
340 308
341 310
341 340
342 311
342 341
343 342
343 311
344 312
344 313
346 315
347 315
348 316
348 347
348 317
349 348
349 317
349 318
350 318
350 349
351 320
351 319
352 321
352 320
353 352
353 322
354 353
354 323
355 354
355 323
355 324
356 324
356 325
356 355
357 325
357 356
358 357
358 326
359 328
359 327
359 358
360 329
360 359
360 328
361 329
361 360
362 361
362 331
363 362
364 333
365 334
365 333
366 334
366 335
366 365
367 366
367 336
367 335
368 336
369 338
369 368
369 337
370 369
370 338
371 339
371 340
372 340
372 371
372 341
373 341
373 342
374 343
374 342
375 343
375 374
375 344
376 344
377 376
377 346
377 345
378 346
379 378
379 347
380 348
380 379
380 349
381 349
381 350
381 380
382 350
382 381
382 351
383 320
384 352
385 353
385 354
385 384
386 354
386 385
386 355
387 356
387 386
388 356
388 357
389 388
390 358
390 389
390 359
391 360
391 359
391 390
392 360
392 361
393 392
393 362
394 362
395 363
396 364
396 395
396 365
397 396
397 365
398 367
398 397
398 366
399 368
399 367
400 368
401 400
401 370
402 371
402 370
402 401
403 372
404 373
404 403
405 404
405 374
406 405
406 375
407 376
408 377
408 407
408 376
409 408
410 378
410 379
411 379
411 410
412 380
412 381
412 411
413 382
413 381
413 412
414 413
415 352
415 414
415 384
415 383
416 384
416 385
417 416
418 386
418 417
418 387
419 418
420 389
420 388
422 391
422 390
422 421
423 422
423 391
423 392
425 394
425 393
426 395
426 394
427 395
427 396
428 397
428 396
428 427
429 428
429 398
430 399
430 429
431 430
431 399
432 401
432 400
433 432
433 401
433 402
434 403
435 403
435 434
435 404
436 435
436 404
437 436
438 406
438 407
439 438
439 408
439 407
440 409
440 408
440 439
441 410
442 410
442 411
443 412
443 411
444 413
444 443
444 412
445 444
445 413
445 414
447 446
447 416
447 384
448 416
448 417
449 448
449 418
449 417
450 418
450 419
450 449
451 450
452 451
452 420
453 422
453 452
454 423
454 453
454 422
455 454
455 424
455 423
456 425
456 455
456 424
457 426
458 426
459 458
459 428
459 427
460 429
460 428
460 459
462 431
462 461
463 432
463 462
464 433
464 463
465 433
465 464
465 434
466 435
466 434
466 465
467 435
467 466
468 467
468 436
469 437
470 438
470 439
470 469
471 440
471 439
471 470
472 441
472 440
473 441
474 473
475 444
475 474
476 445
476 475
477 445
477 476
478 477
478 447
479 478
479 416
479 448
479 447
480 448
480 449
481 450
481 480
481 449
482 481
482 450
483 452
483 482
484 483
484 452
484 453
485 484
486 455
486 485
488 457
489 488
489 457
490 458
490 489
490 459
491 490
492 461
492 460
493 492
493 462
493 461
494 463
494 493
495 464
495 494
495 463
496 464
496 465
497 465
497 466
498 467
499 498
500 499
500 469
500 468
501 500
502 471
502 501
503 472
503 502
504 503
504 473
505 504
505 474
506 505
506 475
507 506
507 476
507 475
508 477
508 476
509 508
509 478
510 509
511 480
511 479
512 480
513 481
514 482
515 483
515 484
515 514
516 515
516 485
516 484
517 485
517 516
517 486
518 487
518 486
519 518
519 487
520 488
520 519
520 489
521 489
521 520
522 491
522 490
522 521
523 492
523 491
523 522
524 493
524 523
524 492
525 494
525 524
526 494
527 495
527 526
528 497
530 498
530 529
531 499
531 500
531 530
532 531
532 500
532 501
533 532
533 502
534 503
535 534
535 504
536 504
536 505
537 506
537 536
537 505
538 506
538 537
538 507
539 538
540 508
540 509
541 510
541 540
542 541
542 510
543 480
543 511
543 542
543 512
544 512
544 513
545 544
545 513
545 514
546 515
546 545
547 515
547 516
548 517
548 547
549 517
549 518
549 548
550 549
551 520
551 550
552 551
553 521
553 552
553 522
554 553
554 523
554 522
555 524
555 523
556 555
557 525
557 556
558 557
558 526
558 527
559 527
559 558
560 529
560 528
561 529
561 560
561 530
563 531
564 563
564 533
565 564
566 535
566 565
567 536
567 566
568 536
568 537
569 538
569 537
569 568
570 538
570 569
571 570
571 539
571 540
573 572
573 542
574 573
575 543
576 544
576 545
577 576
578 577
578 546
579 548
579 578
579 547
580 549
582 550
582 551
582 581
583 582
584 552
584 553
585 554
585 584
586 554
586 555
587 586
587 555
588 556
588 587
589 558
589 588
591 590
591 560
593 561
593 592
593 562
594 562
594 563
595 563
595 594
595 564
596 565
597 566
597 596
597 565
598 566
598 567
599 567
599 568
600 568
601 570
601 569
602 571
602 570
603 572
603 602
603 571
604 603
604 572
605 573
605 604
606 605
606 575
607 575
607 576
608 577
608 576
610 578
610 579
610 609
611 610
611 579
611 580
612 611
612 581
613 612
613 582
614 613
614 583
615 614
615 584
617 585
617 616
618 617
619 587
620 589
620 619
620 588
621 589
621 620
622 590
622 621
623 622
623 592
624 623
625 593
626 625
626 594
626 595
627 596
627 626
627 595
629 598
630 629
630 599
631 630
631 599
632 601
633 602
633 632
634 602
634 633
635 634
636 604
636 635
637 636
637 605
637 606
638 606
638 637
638 607
639 608
639 638
639 607
640 609
640 608
641 609
642 611
642 610
643 642
643 612
644 643
644 613
644 612
645 614
645 644
646 614
646 615
646 645
647 615
647 646
648 617
649 648
649 618
650 649
650 619
650 618
651 620
651 619
652 620
652 621
653 621
653 622
654 622
654 653
654 623
655 654
655 623
656 624
657 626
657 625
658 627
658 657
659 627
660 659
660 629
661 660
661 630
662 661
662 630
663 631
664 632
664 663
665 634
665 664
666 634
666 635
666 665
667 666
667 635
667 636
668 667
668 637
669 637
669 638
670 639
670 638
670 669
671 608
671 639
671 670
673 672
673 642
673 641
674 643
674 642
674 673
675 644
675 674
676 644
677 676
678 677
678 646
678 647
679 647
679 678
679 648
680 649
680 679
681 680
681 649
681 650
682 681
682 651
683 652
683 651
683 682
684 683
684 652
685 684
685 654
686 654
686 655
686 685
687 655
687 656
688 687
688 656
689 688
689 657
690 659
690 689
691 690
691 660
691 659
692 660
692 691
692 661
693 692
693 661
693 662
694 663
694 662
695 694
696 665
696 695
697 665
698 666
698 697
699 668
699 667
700 699
700 669
701 670
701 669
702 701
703 671
703 702
703 672
703 640
704 672
704 673
705 673
705 704
705 674
706 674
707 706
707 675
708 677
708 676
709 677
709 678
710 678
710 709
711 680
711 710
711 679
712 711
712 680
713 681
713 712
714 713
714 683
715 684
715 714
716 685
717 716
717 685
719 688
719 718
720 689
720 688
720 719
721 689
721 690
722 690
722 721
723 722
723 691
723 692
724 693
724 692
725 724
725 694
725 693
726 695
726 725
726 694
727 726
727 696
728 727
728 697
728 696
729 697
729 728
730 729
730 699
731 700
731 699
731 730
732 731
732 701
732 700
733 702
733 732
733 701
734 703
735 703
735 672
735 734
735 704
736 704
738 706
738 737
739 708
739 707
740 739
740 708
740 709
741 710
741 740
742 710
742 741
743 712
743 711
744 743
744 713
745 714
746 714
747 716
747 715
748 717
748 716
749 717
749 748
751 719
751 750
752 751
753 721
753 752
753 722
755 754
755 724
756 755
757 726
757 756
758 727
758 757
759 758
759 727
760 759
760 728
762 730
762 731
763 732
763 731
764 763
764 733
765 764
765 734
765 733
766 735
766 734
766 765
767 736
769 737
769 768
769 738
770 739
770 769
771 739
771 770
772 741
772 771
772 740
773 742
774 742
774 773
774 743
775 743
775 774
776 775
776 745
777 776
777 745
777 746
778 747
778 746
779 778
779 748
780 749
780 748
781 750
781 780
781 749
782 750
782 781
783 752
784 752
784 783
785 753
785 754
785 784
786 785
786 754
787 755
787 786
788 756
788 787
789 758
789 788
789 757
790 758
790 759
791 790
791 760
792 791
792 760
793 792
793 761
794 763
794 793
795 794
795 763
796 765
796 795
797 796
797 766
797 765
798 766
798 767
798 797
799 768
799 767
799 736
799 798
801 769
801 800
801 770
802 771
803 802
803 771
804 772
804 773
804 803
805 804
806 774
806 805
807 806
807 776
807 775
808 807
809 808
809 778
810 778
810 779
810 809
811 810
811 780
811 779
812 781
813 781
813 782
814 782
814 813
815 784
816 785
816 815
817 785
817 786
818 786
819 818
819 788
820 819
820 789
821 820
821 790
822 791
822 821
823 791
823 792
824 792
825 794
825 793
826 825
828 796
828 797
828 827
830 799
831 830
831 800
832 801
833 832
833 801
834 803
834 833
834 802
835 834
835 804
835 803
836 835
836 805
837 836
837 806
838 837
838 807
838 806
839 838
839 808
839 807
840 808
841 840
842 811
842 810
843 842
843 812
844 843
844 812
844 813
845 813
845 844
845 814
846 845
846 814
847 815
847 846
848 816
849 817
849 818
850 819
851 819
852 851
853 852
853 821
854 822
854 823
855 824
855 823
856 855
856 824
857 826
857 856
858 826
860 859
860 829
861 860
861 829
861 830
862 861
862 830
863 831
863 832
864 832
864 833
865 864
865 833
866 865
866 834
867 835
867 836
868 867
868 837
868 836
869 837
869 868
870 839
870 869
870 838
871 870
871 839
872 840
872 871
872 841
873 872
873 841
874 873
874 842
874 843
875 874
875 844
875 843
876 845
876 844
878 877
878 846
879 878
880 848
880 849
880 879
881 880
881 849
882 881
882 850
883 882
883 851
884 883
884 852
884 853
885 884
886 855
886 885
887 856
887 886
888 887
888 856
888 857
889 888
889 857
890 889
890 859
891 859
892 891
892 861
892 860
893 862
893 892
893 861
894 893
894 862
895 863
895 864
895 832
895 894
896 865
896 864
897 865
897 896
897 866
898 866
899 867
899 868
900 868
900 869
902 901
902 871
902 870
903 902
903 871
904 903
905 874
905 873
906 874
906 875
907 876
907 906
907 875
909 877
909 878
910 879
912 880
912 881
913 881
913 882
913 912
914 882
914 913
915 884
915 883
915 914
916 915
918 886
919 887
919 888
919 918
920 889
920 888
920 919
921 889
922 890
922 891
923 892
923 922
924 893
924 923
924 892
925 893
926 925
926 895
926 894
927 926
927 895
927 864
928 896
928 897
929 928
929 898
930 929
930 899
931 930
931 900
931 899
932 900
932 901
933 902
933 932
934 933
934 902
935 904
935 934
936 905
937 905
937 936
938 907
939 908
939 907
939 938
940 908
941 909
942 941
942 911
943 942
943 911
944 912
945 913
945 944
945 914
946 915
946 914
946 945
947 915
947 916
948 917
948 916
948 947
949 948
949 917
950 919
950 949
951 920
953 922
953 921
954 923
955 954
955 923
956 925
956 924
957 925
957 926
957 956
959 927
959 958
960 928
961 930
961 929
962 961
962 931
962 930
963 931
963 932
963 962
964 963
964 933
965 964
966 965
966 934
966 935
967 935
967 936
968 967
969 938
969 937
969 968
970 939
970 969
971 970
972 940
972 971
972 941
973 941
973 942
974 943
974 973
975 974
975 943
975 944
976 975
976 945
976 944
977 945
977 976
977 946
978 977
978 947
979 978
979 947
979 948
980 979
980 949
981 949
981 950
982 950
982 951
983 952
983 951
984 983
984 953
985 954
985 953
985 984
986 985
986 955
987 986
987 956
987 955
988 987
988 957
988 956
989 958
990 989
990 959
991 959
991 960
991 990
992 960
992 961
992 31
993 992
993 961
993 962
993 1
993 0
994 2
995 964
995 963
995 2
995 3
996 965
996 995
996 3
996 964
997 996
998 966
998 6
998 967
998 997
999 7
999 998
999 967
999 6
1000 969
1000 968
1000 8
1000 999
1001 8
1001 1000
1001 970
1001 9
1002 9
1002 970
1002 1001
1002 971
1002 10
1003 1002
1003 11
1003 971
1003 10
1003 972
1004 12
1004 972
1004 973
1004 1003
1005 13
1005 12
1006 974
1006 1005
1007 1006
1007 14
1007 976
1008 1007
1008 15
1008 976
1009 1008
1009 977
1009 978
1010 979
1010 17
1011 979
1011 1010
1011 18
1011 980
1012 20
1012 1011
1012 19
1013 1012
1013 981
1013 20
1013 21
1014 982
1014 983
1014 22
1014 21
1015 22
1015 983
1015 984
1015 1014
1016 24
1016 23
1016 1015
1016 984
1017 24
1017 1016
1017 985
1017 25
1017 986
1018 986
1018 1017
1018 25
1018 26
1019 1018
1019 27
1019 987
1019 988
1020 988
1020 28
1020 27
1021 28
1021 989
1021 29
1021 1020
1021 990
1022 29
1022 991
1022 990
1022 30
1023 960
1023 31
