32 32
3 2
5 4
6 5
7 6
8 7
10 9
11 10
14 13
15 14
16 15
17 16
18 17
19 18
21 20
22 21
23 22
24 23
28 27
29 28
32 1
34 3
34 33
35 4
35 34
36 4
36 35
37 36
37 5
37 6
38 7
39 8
39 38
39 7
40 8
40 39
40 9
41 9
41 40
42 10
43 12
43 42
44 13
44 43
44 12
45 13
46 14
47 46
48 16
48 47
48 17
49 48
49 17
49 18
50 19
50 49
50 18
51 19
51 50
52 20
52 51
52 21
53 52
53 21
54 22
54 23
55 23
55 54
56 55
58 27
58 26
59 58
60 28
60 59
61 60
61 29
61 30
62 61
63 0
64 33
64 32
65 64
65 33
66 35
66 65
67 66
67 36
68 67
68 37
68 36
69 68
69 37
71 39
71 40
71 70
72 41
72 71
73 42
73 41
74 43
74 42
75 43
76 44
76 45
77 46
77 45
78 46
79 48
80 48
80 79
81 50
81 80
82 81
82 51
82 50
83 82
83 51
84 53
84 52
85 53
85 54
86 54
86 55
86 85
87 86
88 56
88 57
89 88
89 58
90 58
91 60
91 90
91 59
92 91
92 61
93 61
94 93
94 62
95 64
95 32
95 63
96 65
96 64
97 66
97 65
98 66
98 97
99 68
100 68
100 99
101 100
101 69
102 70
103 102
103 72
104 72
105 104
105 74
105 73
106 105
106 75
107 106
108 76
108 107
110 78
110 79
111 79
112 80
112 81
113 81
113 112
114 82
114 83
114 113
115 83
115 114
115 84
117 85
117 86
119 87
120 89
120 88
121 120
122 90
122 121
124 123
124 93
124 92
125 124
125 94
126 95
126 94
127 64
127 96
127 95
128 97
129 98
129 128
129 97
130 129
131 100
131 99
132 100
132 131
133 102
134 133
134 103
135 104
135 134
136 104
136 135
137 105
137 136
138 107
139 107
140 139
140 109
140 108
141 110
141 109
142 111
143 142
144 143
144 113
145 113
145 114
147 116
147 146
147 115
148 147
148 116
149 148
149 118
150 118
151 120
152 120
152 121
152 151
153 122
154 123
154 122
155 124
155 123
156 125
156 155
157 126
157 156
157 125
158 127
159 158
159 127
161 130
162 130
163 132
164 132
164 163
165 134
166 165
167 166
168 167
168 136
168 137
169 137
169 138
170 138
170 139
171 170
171 139
171 140
172 140
172 171
172 141
173 172
173 141
174 142
174 143
175 174
176 145
176 144
177 146
178 146
178 177
179 148
179 178
180 179
180 148
181 149
181 150
182 150
182 151
182 181
183 151
183 182
183 152
184 153
184 152
185 184
185 154
186 155
187 155
187 156
188 187
188 157
189 188
189 157
190 159
191 160
191 159
191 190
192 160
193 162
194 193
195 163
195 194
196 164
196 195
197 166
197 165
198 167
198 166
198 197
199 168
199 198
199 167
200 168
200 199
201 200
202 170
202 201
205 204
205 173
206 205
206 175
206 174
207 175
207 176
208 176
208 207
208 177
211 179
211 210
212 181
213 181
213 212
214 183
214 182
214 213
215 214
216 185
216 215
217 185
217 216
218 186
218 217
218 187
219 218
219 188
220 219
220 188
221 190
221 220
222 221
223 160
223 191
225 224
225 193
226 225
226 194
227 196
228 227
228 197
229 228
229 197
229 198
230 199
230 229
230 198
231 200
232 231
232 200
233 232
233 202
233 201
234 203
234 202
235 234
235 203
235 204
236 205
236 235
237 205
238 206
238 207
239 207
239 208
239 238
240 239
240 209
240 208
241 240
241 209
243 242
243 211
244 213
244 212
244 243
245 213
245 244
246 245
247 216
247 215
248 216
248 217
249 248
249 217
249 218
250 249
250 218
251 220
252 220
252 221
253 222
253 252
253 221
254 253
254 222
255 224
255 223
256 224
257 226
258 226
258 227
258 257
259 227
259 228
260 228
260 259
261 230
263 262
263 231
264 233
264 263
265 264
266 265
267 266
267 236
267 235
268 237
268 236
269 268
269 237
270 239
270 238
270 269
271 239
271 240
272 271
273 242
273 272
274 242
274 243
275 244
275 274
275 243
276 275
276 244
277 276
277 245
278 247
278 246
279 247
279 248
280 249
280 279
281 249
282 251
282 281
283 252
283 282
283 251
284 283
284 252
284 253
285 253
285 284
286 255
286 285
287 286
287 256
288 256
289 288
289 257
291 260
291 290
292 261
293 292
293 261
294 262
294 293
294 263
295 294
295 263
296 295
296 265
296 264
297 266
297 296
298 297
299 267
299 298
300 269
300 299
300 268
302 270
303 272
304 273
304 303
304 272
305 304
306 274
306 275
306 305
307 275
307 276
308 277
309 308
309 278
310 309
310 279
311 310
311 279
312 281
312 280
312 311
313 281
314 283
315 284
315 314
316 284
316 315
317 285
317 316
317 286
318 317
319 256
319 288
319 287
320 288
321 320
321 290
321 289
322 290
323 322
324 292
325 294
325 293
326 325
326 294
328 297
328 296
328 327
329 328
329 298
330 299
331 330
331 299
332 301
332 300
332 331
334 302
335 304
335 334
335 303
336 304
336 305
336 335
337 305
337 336
337 306
338 307
338 337
339 338
340 309
340 339
340 308
341 309
342 341
342 311
342 310
343 342
343 312
344 313
344 312
345 313
345 314
346 345
346 315
347 315
347 346
350 349
350 319
351 288
351 320
352 321
352 320
353 321
354 322
355 354
355 323
356 355
357 325
357 326
357 356
358 357
358 326
358 327
359 327
360 359
361 329
361 330
361 360
363 362
363 331
364 332
364 333
365 334
365 333
367 336
367 335
368 367
368 337
369 368
369 338
370 339
370 338
371 370
371 339
372 371
372 340
372 341
373 372
375 343
375 344
375 374
376 375
376 345
377 345
377 376
378 347
378 346
378 377
379 347
380 349
380 348
381 380
381 350
381 349
382 350
382 351
383 352
383 351
384 352
385 384
385 353
386 385
386 354
387 355
387 356
387 386
388 357
388 356
389 358
389 357
390 359
390 389
392 391
392 360
392 361
393 362
393 392
394 363
394 362
395 394
395 363
397 396
397 366
397 365
398 366
398 397
399 367
399 368
399 398
400 369
400 368
400 399
401 400
401 369
402 370
402 371
403 372
403 402
403 371
404 403
404 373
404 372
405 373
406 375
407 406
408 407
408 377
408 376
409 377
409 378
410 378
411 410
412 411
412 381
413 381
413 382
414 413
415 352
415 383
415 414
416 384
417 416
417 386
417 385
418 417
418 386
419 418
420 389
420 419
420 388
421 389
421 420
421 390
422 391
423 392
423 391
424 423
424 392
425 424
425 394
427 396
427 426
427 395
428 397
428 427
430 429
430 398
430 399
431 399
432 400
432 401
433 401
433 402
433 432
434 403
434 433
434 402
435 403
435 434
436 405
436 435
436 404
437 405
438 406
438 407
440 409
440 439
441 409
441 410
442 410
442 441
443 412
443 442
444 412
444 443
445 444
446 415
447 415
447 416
448 416
449 448
450 449
451 419
451 420
451 450
452 421
452 451
452 420
453 421
453 452
453 422
454 423
455 423
455 454
456 424
456 455
457 426
457 425
457 456
458 426
459 427
459 428
460 429
460 428
461 430
461 429
461 460
462 461
462 431
463 431
464 433
464 432
464 463
465 464
465 433
466 434
467 466
468 467
468 437
468 436
469 468
469 437
469 438
470 438
470 439
471 439
471 470
471 440
473 442
473 472
473 441
475 443
475 444
475 474
476 445
477 445
477 476
477 446
478 447
479 447
479 478
479 416
480 449
481 449
481 450
482 450
483 452
483 482
484 453
484 452
488 456
488 487
488 457
489 458
489 488
490 458
491 460
491 490
492 491
493 462
494 493
494 462
495 494
495 464
496 465
496 464
496 495
497 465
497 496
498 467
498 466
498 497
499 467
499 498
499 468
500 499
500 469
501 500
501 470
501 469
502 471
502 470
503 502
503 471
503 472
504 472
505 474
505 473
506 505
506 475
507 476
507 475
507 506
508 476
508 507
509 478
509 477
509 508
510 478
510 509
511 448
511 479
511 480
511 510
512 480
512 481
513 481
513 482
514 482
514 513
515 484
515 483
518 517
518 486
519 488
519 487
520 489
521 490
521 489
522 491
522 490
524 493
524 523
525 524
525 494
525 493
526 525
526 495
526 494
527 526
527 495
528 497
528 496
528 527
529 498
529 497
529 528
530 498
531 500
531 499
532 531
532 501
532 500
533 502
533 501
533 532
534 533
534 503
535 534
535 504
535 503
537 506
538 537
538 507
538 506
539 507
539 508
541 509
541 540
541 510
543 511
543 542
544 513
545 513
546 515
546 514
546 545
547 516
547 515
548 516
548 517
549 517
549 548
549 518
550 518
551 520
551 519
552 551
552 520
553 552
554 523
555 524
555 554
555 523
557 526
557 556
558 557
558 526
559 527
560 559
561 530
561 560
562 561
562 530
563 532
563 562
563 531
564 563
564 533
565 564
565 533
565 534
566 535
567 536
567 535
567 566
568 536
569 538
569 568
570 539
570 538
571 539
571 570
571 540
572 540
572 571
573 541
573 542
574 542
575 574
575 544
575 543
576 544
576 545
577 576
578 546
578 577
579 578
580 579
580 548
581 549
581 580
581 550
582 551
582 550
583 552
583 582
584 583
585 554
585 553
585 584
586 554
586 555
586 585
587 555
588 557
588 587
589 557
589 588
590 559
591 559
592 560
592 561
593 592
594 562
594 563
595 563
595 564
596 595
596 565
596 564
597 565
598 597
598 566
599 567
599 598
600 568
600 569
600 599
601 570
601 600
602 601
602 570
603 571
604 572
605 574
605 573
605 604
606 575
606 574
606 605
607 575
607 544
608 577
608 576
609 578
609 577
610 579
611 579
611 610
612 581
612 611
613 582
613 581
614 582
615 583
615 584
616 584
617 585
617 616
618 617
619 587
619 618
619 588
620 619
620 588
621 589
621 620
622 590
623 592
623 622
623 591
624 623
624 593
624 592
625 594
626 594
627 626
627 595
628 627
630 599
631 600
631 630
632 631
633 602
633 632
633 601
634 603
635 604
635 634
635 603
636 635
636 604
636 605
637 605
637 636
638 606
638 607
639 576
639 607
639 608
639 638
640 609
640 608
641 609
641 640
642 611
642 610
642 641
643 642
643 611
643 612
644 613
644 643
644 612
645 644
646 614
647 615
647 616
648 617
649 648
650 649
651 620
651 619
652 621
652 620
653 652
654 653
654 622
654 623
655 654
655 623
655 624
656 624
656 625
657 626
658 657
659 628
659 658
659 627
660 659
660 628
661 630
661 660
662 661
662 631
663 631
663 632
664 632
664 633
666 634
667 635
669 668
669 637
670 639
670 669
671 608
671 670
672 640
673 672
673 641
674 643
675 643
676 645
676 644
676 675
677 645
677 646
678 647
678 646
678 677
679 648
679 678
679 647
680 679
680 648
680 649
681 680
682 651
682 681
683 651
683 682
683 652
686 685
687 655
687 656
687 686
688 656
688 687
689 688
689 658
689 657
691 690
691 659
691 660
692 691
692 660
693 692
693 662
694 663
694 693
694 662
695 664
695 663
695 694
696 664
696 665
697 665
699 698
699 668
700 699
700 669
701 670
702 671
702 670
703 702
703 640
703 671
704 673
704 672
705 674
706 705
707 675
708 677
708 707
708 676
709 677
709 708
710 679
710 709
711 710
712 711
713 681
713 712
714 683
715 714
715 684
715 683
716 685
718 717
719 688
719 718
720 689
720 719
722 690
724 693
724 692
724 723
725 694
726 694
726 695
726 725
727 696
727 726
728 697
728 727
728 696
729 697
729 728
730 699
730 698
731 730
731 700
732 731
732 701
733 701
734 702
734 703
735 704
735 734
735 703
735 672
736 704
737 705
737 736
738 707
740 708
741 709
741 710
742 741
742 710
742 711
743 742
743 712
744 712
744 713
745 713
745 744
746 715
746 745
746 714
747 716
749 718
749 748
750 749
750 719
751 720
751 750
752 751
752 720
753 721
753 722
753 752
754 723
754 722
754 753
755 724
756 725
756 755
757 725
757 756
758 727
758 726
759 758
760 759
760 728
760 729
761 730
761 729
762 731
762 730
763 762
763 732
763 731
764 733
764 763
765 734
766 765
766 734
767 736
768 737
768 736
769 737
771 740
771 739
773 742
775 744
775 774
776 745
776 775
776 744
777 776
777 745
778 747
778 746
778 777
779 747
780 748
781 749
782 750
782 781
782 751
783 751
783 782
784 753
784 752
784 783
785 753
785 754
786 785
787 755
787 786
788 757
788 787
789 788
789 757
789 758
790 759
790 758
790 789
791 759
791 760
792 761
792 760
793 761
793 762
793 792
794 762
794 793
794 763
795 764
797 765
798 766
799 767
799 736
801 770
802 770
802 801
803 772
803 802
804 772
804 773
805 774
805 773
805 804
806 805
806 775
807 776
807 775
807 806
808 776
808 777
809 778
809 808
811 810
811 780
812 781
812 811
812 780
813 781
814 783
814 813
815 784
816 784
816 815
816 785
817 816
817 785
818 786
818 817
819 787
819 818
820 788
821 820
821 790
821 789
822 790
822 791
823 822
823 792
824 793
824 823
824 792
825 794
825 793
826 794
827 796
827 826
827 795
828 797
828 796
828 827
829 828
829 797
830 799
831 799
831 800
833 832
834 833
834 803
834 802
835 803
836 835
836 805
837 836
837 806
837 805
838 806
838 837
838 807
839 808
839 838
840 808
840 839
840 809
841 809
842 841
843 842
843 811
844 813
845 814
846 814
846 815
847 815
847 846
847 816
848 847
849 817
850 818
850 819
851 850
851 819
852 851
852 820
853 822
853 821
854 822
854 853
855 824
856 825
857 825
858 827
858 826
859 858
860 829
860 859
861 829
861 860
862 831
862 861
862 830
863 831
864 833
864 832
865 833
865 864
866 835
868 867
868 837
869 838
870 869
870 839
871 840
871 870
871 839
873 841
874 843
875 844
875 874
876 844
877 846
878 877
878 847
879 878
879 848
880 879
880 849
881 850
882 850
882 881
883 852
884 883
884 852
885 884
886 885
886 855
887 855
887 886
888 856
888 857
889 888
889 857
889 858
890 858
890 889
892 891
892 861
893 861
893 892
894 893
894 862
895 863
895 864
896 865
897 896
897 865
898 866
899 868
899 867
900 899
900 869
901 870
902 871
902 870
902 901
903 872
903 902
904 873
904 872
905 904
905 874
905 873
906 874
906 905
907 876
907 906
907 875
908 877
909 878
909 908
910 878
910 909
911 879
912 881
912 911
913 912
913 882
913 881
914 882
914 913
915 884
916 915
916 884
917 885
918 886
918 887
919 918
920 888
921 890
921 889
922 890
922 921
923 922
923 891
923 892
924 892
924 893
925 894
926 895
927 895
927 926
928 897
928 896
929 928
929 898
929 897
930 899
930 929
931 900
931 930
932 901
933 902
933 932
934 903
934 933
934 902
935 903
935 934
935 904
937 936
938 907
938 937
938 906
939 938
939 907
940 908
941 940
941 910
941 909
942 941
942 911
942 910
943 912
943 942
943 911
944 912
945 913
945 944
946 914
946 945
946 915
948 917
948 947
949 918
950 919
950 949
951 950
951 920
951 919
952 951
953 952
954 923
955 924
955 954
956 955
956 924
958 927
959 927
959 958
959 896
960 929
961 929
962 930
962 961
963 932
963 931
964 932
965 933
965 964
966 965
966 935
966 934
967 936
968 967
969 937
969 968
969 938
970 938
971 970
971 939
972 940
972 941
972 971
973 941
973 972
974 943
974 942
975 974
975 943
976 975
976 944
976 945
977 946
978 977
978 947
979 947
980 948
980 979
982 950
983 952
983 982
983 951
984 952
984 953
985 953
986 955
987 955
987 956
988 987
989 988
989 958
990 989
991 928
991 960
991 990
992 0
992 960
992 31
993 0
993 1
993 962
993 961
994 1
995 964
995 2
995 3
996 965
996 4
996 964
996 3
997 966
997 5
997 4
997 965
998 967
998 6
998 966
999 7
999 998
1000 7
1000 8
1000 999
1000 969
1000 968
1001 8
1001 969
1002 970
1002 971
1002 10
1002 9
1003 10
1003 11
1003 971
1003 1002
1004 11
1004 972
1004 1003
1004 12
1005 974
1005 1004
1005 973
1005 13
1005 12
1006 974
1006 1005
1006 14
1007 1006
1007 14
1007 975
1007 15
1008 977
1008 976
1008 16
1008 15
1009 978
1009 17
1009 16
1009 1008
1010 18
1010 17
1010 1009
1010 979
1011 980
1011 18
1012 1011
1012 981
1012 19
1012 980
1012 20
1013 981
1013 1012
1013 982
1014 983
1015 1014
1015 983
1015 22
1016 985
1016 984
1016 23
1016 24
1016 1015
1017 986
1017 25
1018 25
1018 987
1018 1017
1019 987
1019 26
1019 27
1019 988
1020 27
1020 1019
1020 989
1021 29
1021 1020
1021 990
1022 29
1022 1021
1022 991
1023 30
1023 31
1023 960
1023 1022
