32 32
1 0
2 1
3 2
4 3
5 4
6 5
7 6
8 7
9 8
10 9
11 10
12 11
13 12
14 13
15 14
18 17
19 18
20 19
21 20
22 21
23 22
27 26
28 27
29 28
31 0
32 1
32 0
33 2
33 32
33 1
34 33
34 2
35 3
36 4
36 5
36 35
37 6
37 36
38 37
38 6
39 8
40 39
40 8
40 9
41 10
42 10
43 11
43 42
44 13
45 14
45 13
46 14
47 16
47 15
48 47
48 16
48 17
49 17
49 48
50 19
50 18
50 49
51 20
52 51
52 21
53 22
54 22
54 53
55 54
56 55
56 25
56 24
57 26
57 56
58 26
58 57
58 27
59 28
59 27
60 29
60 59
61 60
61 29
62 31
62 30
62 61
63 62
63 31
63 0
65 64
66 34
67 66
68 37
68 67
69 38
70 38
70 69
71 40
71 70
71 39
72 40
72 41
73 42
73 41
74 42
74 73
74 43
75 74
75 43
76 75
76 45
76 44
78 46
78 77
79 47
79 48
80 48
81 50
81 49
81 80
82 81
82 50
82 51
83 52
84 83
84 53
85 53
85 54
86 55
86 85
87 55
87 56
88 87
88 57
89 58
89 57
90 89
90 59
90 58
91 60
91 59
91 90
92 61
93 62
93 92
93 61
95 32
95 64
95 63
96 65
96 64
97 65
97 96
97 66
98 67
98 97
98 66
99 68
99 67
100 99
100 68
100 69
101 69
101 70
102 70
103 71
103 72
104 103
104 73
104 72
105 104
105 74
106 75
106 105
106 74
107 76
107 106
110 79
111 80
111 79
112 111
113 81
113 112
114 113
114 83
114 82
115 83
115 114
115 84
116 84
116 85
116 115
117 86
117 116
117 85
118 86
118 117
118 87
119 118
119 88
119 87
120 119
120 89
121 120
121 90
122 121
123 122
124 93
124 92
125 124
125 93
126 95
126 125
126 94
127 64
127 96
127 126
127 95
128 97
129 128
129 97
130 98
130 99
130 129
131 99
131 100
132 101
132 131
133 101
135 103
135 134
135 104
136 105
136 104
136 135
137 106
137 136
138 106
138 107
139 107
140 139
140 108
141 110
141 140
142 111
143 111
143 112
143 142
144 113
145 114
145 144
146 145
146 115
147 146
147 116
147 115
148 117
148 116
149 117
149 118
150 118
151 119
151 150
152 121
152 151
153 152
154 123
154 153
155 154
155 123
156 125
156 155
156 124
157 125
158 157
158 126
159 127
159 158
159 128
160 129
161 130
162 130
162 161
163 131
163 132
164 163
165 134
165 133
166 165
166 135
167 136
167 135
168 137
168 136
169 168
169 137
170 139
170 138
170 169
171 170
171 139
171 140
172 171
173 141
173 172
173 142
174 173
174 143
174 142
175 143
176 144
177 146
178 147
178 146
179 148
179 178
179 147
180 149
180 179
181 149
181 180
181 150
182 181
182 150
183 152
183 151
185 184
185 153
186 185
186 154
187 155
187 156
187 186
188 157
188 156
189 157
189 158
189 188
190 159
190 189
190 158
191 160
191 128
191 190
192 160
192 161
193 162
193 161
195 164
195 194
196 164
196 165
196 195
197 196
197 165
198 167
198 166
198 197
199 168
199 198
200 199
200 168
202 201
202 171
203 202
203 171
203 172
204 203
204 172
205 204
205 174
206 175
206 174
207 206
207 176
208 207
209 208
209 177
209 178
210 178
211 180
212 211
212 180
213 182
213 212
213 181
214 183
214 213
215 214
215 183
217 185
217 216
218 217
218 186
218 187
219 188
219 218
220 219
220 188
220 189
221 190
222 190
223 192
223 160
223 222
224 193
226 195
226 225
228 196
228 197
228 227
229 197
229 228
230 199
231 199
231 230
231 200
232 200
232 231
233 202
233 232
233 201
234 233
234 202
234 203
235 203
236 205
236 235
236 204
237 236
238 237
239 207
241 209
242 241
242 211
242 210
243 242
243 211
243 212
244 213
244 212
245 213
245 244
246 245
247 216
247 246
248 216
248 217
248 247
249 217
249 248
250 219
250 249
250 218
251 220
251 250
252 251
253 221
253 252
253 222
254 223
254 222
255 223
255 192
255 254
256 225
256 224
257 256
257 226
258 227
259 228
259 227
259 258
260 229
261 229
261 260
263 231
263 232
263 262
264 233
264 232
265 234
265 264
267 266
267 236
268 236
268 237
268 267
269 268
269 238
270 238
270 269
271 270
271 239
272 241
272 271
273 272
274 273
275 243
275 274
276 244
276 275
277 276
277 245
278 247
278 277
278 246
279 247
279 278
280 248
280 249
281 249
281 280
281 250
282 281
282 251
283 252
283 251
284 283
284 252
284 253
285 253
285 284
286 254
287 255
287 224
288 256
290 289
291 290
292 261
292 260
292 291
293 292
293 261
294 263
294 262
295 264
295 263
296 295
296 264
296 265
297 265
297 266
297 296
298 267
298 266
298 297
299 267
299 298
299 268
300 269
300 268
301 269
301 270
302 271
303 271
303 302
303 272
304 273
304 272
305 304
305 274
305 273
306 274
306 305
307 275
307 276
308 307
309 277
310 309
311 310
312 280
313 281
313 312
314 282
314 313
314 283
315 314
315 283
315 284
316 285
316 315
317 316
317 286
317 285
318 286
318 287
318 317
319 318
319 288
319 287
319 256
320 288
321 289
322 321
323 291
323 292
324 292
325 293
326 325
327 326
327 296
327 295
328 327
329 298
329 328
330 298
330 329
332 300
333 301
335 334
335 303
336 335
336 304
337 305
337 336
337 306
338 306
338 307
338 337
339 338
339 308
339 307
340 308
340 309
341 310
341 309
342 310
342 341
343 312
344 312
344 313
344 343
346 314
346 345
347 316
348 317
348 347
348 316
350 349
350 319
350 318
351 288
351 319
351 320
352 320
353 321
353 352
354 322
354 353
356 325
356 324
356 355
357 356
358 327
358 357
358 326
359 328
359 327
360 359
361 329
361 360
362 330
362 361
363 331
363 332
363 362
364 333
364 332
365 364
365 333
366 334
366 335
366 365
367 366
367 336
368 336
370 338
370 339
370 369
371 339
371 370
371 340
372 371
372 340
372 341
373 342
373 341
374 342
374 343
375 343
375 374
376 345
376 344
377 346
377 376
377 345
378 346
378 347
379 378
379 347
380 348
380 379
380 349
381 350
381 349
383 352
383 320
384 352
384 353
385 353
385 354
386 354
386 385
386 355
387 356
388 357
388 387
389 358
389 388
390 358
390 359
390 389
391 360
391 359
391 390
392 391
392 361
393 361
393 392
394 363
394 362
395 394
395 364
395 363
396 365
397 365
397 396
398 397
398 366
399 368
399 367
400 369
400 399
401 369
401 400
402 370
402 371
403 371
403 372
403 402
404 373
404 372
405 374
405 373
406 405
406 375
407 406
408 377
409 378
409 408
410 378
410 409
411 379
411 410
413 381
413 412
414 382
415 352
415 383
417 386
417 385
417 416
418 386
419 388
419 387
419 418
420 388
420 419
420 389
421 420
421 390
421 389
422 390
423 391
423 392
423 422
424 393
424 423
424 392
425 424
425 393
426 395
426 394
427 396
427 395
428 397
428 396
429 398
429 428
430 399
431 399
432 431
432 400
432 401
433 432
433 402
433 401
434 433
434 403
434 402
435 403
435 404
435 434
436 405
436 404
436 435
437 436
438 407
438 437
438 406
439 408
439 407
440 408
440 439
441 409
441 410
441 440
442 410
442 441
443 412
443 411
443 442
444 412
444 443
444 413
446 414
447 384
448 416
449 417
449 418
450 449
450 418
450 419
451 419
451 420
452 420
453 422
453 452
453 421
454 423
455 424
456 455
457 456
457 425
458 426
458 427
458 457
459 458
459 428
459 427
460 459
460 429
461 460
461 430
462 431
463 431
464 433
464 432
464 463
465 464
465 434
466 465
466 434
467 466
467 436
468 437
468 467
469 468
469 437
470 438
470 469
471 470
471 440
471 439
472 440
472 471
472 441
473 441
473 472
473 442
474 443
474 442
474 473
475 444
475 443
475 474
476 475
476 444
477 446
477 445
478 477
478 446
479 478
479 416
479 448
480 449
480 448
481 449
481 450
481 480
482 450
482 451
483 452
483 451
483 482
484 452
484 453
485 453
485 454
485 484
487 455
487 486
488 487
488 456
489 458
490 458
490 489
491 490
491 459
492 460
492 461
492 491
493 462
493 461
494 462
494 463
494 493
495 463
495 494
496 465
496 495
497 465
497 496
497 466
498 466
498 467
499 498
499 468
500 469
500 499
501 500
501 470
502 471
502 501
502 470
503 472
503 502
504 472
504 473
505 474
505 473
507 475
507 476
508 477
508 476
509 508
509 477
510 479
510 509
511 479
511 448
512 481
512 480
513 512
514 482
514 483
515 484
515 514
515 483
516 484
516 515
517 486
517 485
517 516
518 517
518 486
519 488
519 487
520 519
520 488
520 489
521 489
521 520
521 490
522 490
522 521
523 492
523 522
523 491
524 493
524 492
525 493
525 524
526 495
528 496
528 497
529 497
529 498
530 499
530 529
531 499
531 500
532 531
532 500
533 502
533 501
533 532
534 502
534 533
534 503
535 504
536 504
536 535
537 506
537 536
537 505
538 537
539 508
539 538
540 508
540 509
541 510
541 540
541 509
542 511
543 511
543 512
543 542
544 512
544 513
545 513
545 514
546 545
547 516
547 546
547 515
548 547
548 517
549 518
550 519
550 549
551 550
552 521
552 520
552 551
553 522
553 521
554 522
554 523
555 524
556 555
556 524
557 556
557 525
557 526
558 527
559 527
559 558
559 528
560 529
561 530
561 529
562 561
562 530
563 532
564 532
564 563
564 533
565 534
566 565
567 566
568 536
569 538
569 537
569 568
570 538
571 539
571 540
572 571
573 541
573 542
574 542
575 543
575 544
575 574
576 544
576 545
577 576
577 546
578 546
578 547
578 577
579 548
580 579
581 549
582 550
582 551
582 581
583 582
583 552
584 583
584 553
585 584
586 555
586 585
586 554
587 555
587 586
587 556
588 556
588 557
588 587
589 588
589 557
589 558
590 559
591 590
591 560
592 591
592 561
592 560
593 592
594 593
595 563
596 564
596 595
597 566
597 565
597 596
598 566
598 567
599 568
600 568
600 569
601 569
601 570
602 571
603 572
603 602
604 603
604 573
604 572
605 604
605 573
605 574
606 575
606 574
607 544
607 576
607 575
607 606
608 576
609 608
609 577
610 579
611 610
612 581
612 611
613 612
613 582
613 581
614 582
614 583
614 613
615 583
616 584
616 615
617 585
618 586
618 587
619 588
620 589
620 588
620 619
621 620
621 590
621 589
622 590
623 592
623 622
624 623
624 593
624 592
625 594
625 624
625 593
626 625
626 594
627 626
627 595
628 596
628 627
628 597
629 598
629 628
630 598
631 600
631 599
632 600
632 631
633 601
633 602
634 633
634 602
637 605
637 606
638 607
638 637
639 607
639 608
640 608
641 610
641 640
643 612
643 642
643 611
644 613
645 614
645 613
645 644
646 614
646 645
646 615
647 646
647 616
648 647
649 618
649 648
649 617
650 619
650 649
650 618
652 621
652 651
652 620
653 621
653 622
654 623
654 653
655 654
655 623
655 624
656 625
656 655
657 625
657 626
657 656
658 626
660 629
661 629
661 660
662 630
662 631
662 661
663 631
663 662
663 632
665 633
666 634
667 636
667 635
668 637
669 638
670 639
671 608
671 670
671 639
671 640
672 641
673 672
673 641
673 642
674 642
674 673
674 643
676 644
676 645
677 646
677 676
678 677
678 646
678 647
679 678
679 647
680 648
680 649
680 679
681 649
682 681
684 652
684 653
684 683
685 654
685 684
685 653
686 655
686 654
686 685
687 686
687 656
687 655
688 657
688 656
688 687
689 688
689 658
690 689
690 658
691 690
691 660
692 661
693 661
693 662
693 692
694 693
694 663
694 662
695 663
695 664
696 695
696 665
696 664
697 696
697 665
698 667
698 697
698 666
699 667
699 668
700 668
700 669
701 700
701 669
701 670
702 671
702 701
702 670
703 671
703 640
704 672
705 674
705 704
706 675
706 674
707 676
708 676
709 677
709 708
709 678
710 678
710 709
711 710
711 679
712 680
712 711
712 681
714 682
715 684
715 683
715 714
716 685
716 684
716 715
717 716
717 686
718 687
718 686
719 687
719 718
720 689
720 719
721 690
721 689
722 690
722 721
722 691
723 691
723 692
723 722
724 723
724 693
725 694
726 695
727 726
727 695
727 696
728 696
729 697
729 728
729 698
730 699
730 698
732 701
732 700
734 733
734 702
734 703
735 672
735 704
736 704
737 705
737 706
738 707
738 737
739 707
740 708
740 739
741 709
741 740
741 710
742 711
742 741
742 710
743 742
743 712
743 711
744 713
745 714
745 713
746 745
746 715
748 716
748 717
749 717
749 718
750 719
750 749
751 719
752 721
753 752
753 722
753 721
754 753
754 722
755 754
755 724
755 723
756 755
756 725
756 724
757 726
757 756
757 725
758 727
759 728
759 758
759 727
761 730
761 760
762 731
762 761
763 732
763 731
764 733
764 763
764 732
765 764
765 733
766 734
766 765
767 735
767 766
767 736
768 737
769 738
769 768
770 769
770 738
770 739
771 770
771 740
772 771
772 740
772 741
773 741
773 772
773 742
774 773
774 742
775 774
775 743
776 745
777 746
778 777
779 748
779 778
779 747
780 779
780 748
782 781
782 751
782 750
783 782
783 751
784 783
785 784
785 753
786 754
786 755
786 785
787 786
787 755
788 756
788 757
788 787
789 758
789 757
789 788
790 789
791 760
791 759
792 760
792 791
792 761
793 762
794 793
794 763
794 762
795 794
796 764
796 765
796 795
797 765
797 796
797 766
798 767
798 797
799 736
799 798
800 769
800 768
801 770
801 800
801 769
802 770
802 771
803 771
803 802
803 772
805 804
805 773
806 774
806 775
806 805
807 776
807 806
808 777
808 776
809 808
810 779
812 781
813 782
813 781
813 812
814 782
815 814
816 785
816 784
817 786
817 816
817 785
818 786
818 787
818 817
819 818
820 819
820 789
820 788
821 820
822 821
823 791
824 792
824 793
825 824
825 793
825 794
826 825
827 795
827 796
827 826
828 797
828 827
829 798
829 828
830 799
830 829
831 799
831 768
831 830
831 800
832 801
833 802
833 832
833 801
834 833
835 803
835 804
836 805
836 804
837 805
838 837
839 807
839 808
840 808
841 840
842 810
842 841
843 812
843 811
844 812
845 814
846 814
847 816
847 815
848 816
849 818
849 848
850 849
850 818
850 819
851 850
851 820
852 820
854 822
854 823
855 854
855 824
855 823
856 824
857 825
857 826
858 827
858 857
858 826
859 827
860 859
861 860
862 831
862 861
863 800
863 832
864 832
864 833
865 864
865 833
865 834
866 865
866 835
866 834
867 836
868 837
868 867
868 836
869 868
869 837
870 839
870 869
870 838
871 839
871 840
872 841
872 840
873 842
873 841
873 872
874 842
874 843
874 873
875 844
875 874
876 844
876 845
877 876
877 846
878 846
878 877
878 847
879 878
879 847
880 879
880 849
881 880
881 850
882 850
883 852
883 882
884 853
885 884
885 853
886 855
886 885
887 886
887 855
887 856
888 856
888 857
889 857
890 889
890 858
891 890
891 860
892 860
892 891
894 893
894 863
894 862
895 894
895 863
896 864
897 865
897 866
898 867
898 866
898 897
899 898
900 899
900 868
901 900
901 870
902 871
902 901
902 870
903 872
903 902
904 873
904 903
905 873
905 874
905 904
906 905
907 875
907 906
908 876
908 877
909 877
909 908
909 878
910 909
911 880
911 879
912 881
912 880
913 881
913 882
914 882
914 913
915 914
915 883
916 915
916 884
916 885
917 916
917 885
917 886
918 887
918 886
918 917
919 888
920 919
921 890
921 889
921 920
922 890
923 891
923 892
923 922
924 923
924 892
925 893
926 895
927 896
927 895
928 896
928 897
929 897
929 898
929 928
930 898
931 899
931 900
931 930
932 931
932 900
933 932
933 902
933 901
934 933
934 903
935 934
937 905
938 906
938 937
938 907
939 907
940 908
941 909
941 910
942 910
942 911
943 942
943 911
943 912
944 943
944 912
945 913
946 945
946 915
946 914
947 916
947 915
948 917
950 949
950 918
952 951
952 920
952 921
953 921
954 923
954 922
955 954
955 923
956 925
956 955
957 925
957 926
958 957
958 926
959 896
959 958
960 928
960 929
961 930
961 960
962 961
963 932
963 962
964 932
964 933
965 964
965 934
965 933
966 965
966 935
966 934
967 936
967 935
968 936
968 937
968 967
969 937
970 939
970 969
970 938
972 940
974 943
974 973
975 974
975 943
975 944
976 945
976 944
976 975
977 945
977 946
977 976
978 946
978 977
979 978
979 948
979 947
980 979
980 949
981 950
981 949
981 980
982 950
982 951
983 952
983 951
984 952
984 983
984 953
985 984
986 954
986 955
987 956
988 956
988 987
989 957
989 988
989 958
990 959
990 989
990 958
991 990
991 959
991 960
992 0
993 1
993 992
993 962
994 2
994 962
994 963
994 1
995 3
995 964
995 994
996 965
996 4
996 3
996 964
997 965
997 5
997 996
997 966
998 966
998 967
999 967
999 998
999 7
999 968
1000 7
1000 8
1001 969
1001 1000
1001 8
1001 9
1002 1001
1002 970
1002 10
1002 9
1003 11
1003 10
1003 1002
1004 1003
1004 973
1004 972
1004 11
1005 12
1005 974
1005 1004
1005 13
1005 973
1006 14
1006 1005
1006 975
1007 976
1008 16
1008 1007
1008 15
1008 977
1009 977
1009 1008
1010 17
1010 979
1010 978
1011 1010
1011 18
1011 19
1011 980
1012 981
1012 980
1012 20
1012 1011
1013 20
1013 1012
1013 981
1014 21
1014 1013
1014 22
1014 983
1015 983
1015 1014
1015 22
1015 23
1016 23
1016 1015
1016 24
1017 986
1017 1016
1017 25
1018 26
1018 987
1018 1017
1018 986
1018 25
1019 988
1019 27
1020 1019
1020 27
1020 988
1021 29
1021 1020
1021 990
1021 28
1022 991
1022 1021
1022 990
1023 31
1023 30
1023 992
