32 32
1 0
2 1
3 2
4 3
5 4
7 6
8 7
11 10
12 11
13 12
15 14
16 15
17 16
18 17
19 18
20 19
21 20
22 21
24 23
25 24
26 25
27 26
28 27
30 29
31 30
31 0
32 1
33 32
33 1
34 2
34 3
35 34
36 5
36 4
37 6
37 36
38 37
39 7
39 38
39 8
40 8
40 9
41 40
42 41
42 11
43 11
43 42
45 44
46 14
46 15
46 45
47 46
47 15
47 16
48 16
49 17
49 18
50 18
51 50
52 21
53 21
53 22
54 23
54 53
55 54
55 23
55 24
56 55
56 25
57 26
57 25
58 26
59 58
60 59
60 29
61 29
61 30
62 31
62 30
63 31
64 33
64 32
65 34
65 64
66 65
66 34
66 35
67 35
67 66
68 67
68 36
68 37
69 38
71 40
71 70
72 71
73 41
73 72
73 42
74 42
74 43
74 73
75 43
75 74
75 44
76 75
76 44
77 45
77 76
77 46
78 47
78 77
79 47
80 79
80 49
81 50
81 80
82 50
82 51
82 81
83 51
83 82
83 52
84 53
84 83
85 84
85 54
86 85
86 55
87 55
87 86
88 56
88 87
89 58
90 89
90 59
91 90
92 61
92 91
92 60
93 61
93 92
94 62
94 93
95 63
95 94
95 32
96 65
97 96
97 66
98 97
99 67
100 68
100 69
101 100
101 69
102 71
103 72
104 103
104 72
104 73
105 74
105 104
105 73
106 105
107 75
107 106
108 77
108 107
109 78
109 77
110 109
110 79
110 78
111 110
111 79
111 80
112 111
112 80
112 81
113 82
114 83
114 113
115 83
115 114
116 84
117 85
117 116
117 86
118 117
118 87
119 118
119 88
120 119
120 89
120 88
121 90
121 120
121 89
122 121
122 90
122 91
123 92
124 123
124 93
125 124
125 94
126 95
126 94
127 95
127 96
128 97
129 97
129 98
130 99
130 129
131 100
131 99
131 130
132 101
132 131
132 100
133 102
134 103
134 102
135 103
135 134
136 104
136 135
137 105
137 136
138 107
138 137
138 106
139 107
139 138
139 108
140 139
141 110
141 140
142 141
143 112
143 111
143 142
144 113
144 143
144 112
145 114
145 113
146 114
147 146
147 116
148 116
148 147
149 148
149 117
150 118
150 149
151 120
151 150
152 121
152 120
152 151
153 121
153 152
153 122
154 153
154 122
155 124
155 154
156 155
156 125
157 125
157 156
158 157
158 126
159 128
159 96
159 127
161 129
161 130
163 132
163 131
163 162
164 163
165 133
165 164
166 134
166 165
167 166
167 136
168 167
168 136
168 137
169 138
169 168
170 169
171 139
171 140
171 170
172 141
172 140
172 171
173 141
173 142
173 172
174 143
174 142
174 173
175 143
175 144
175 174
176 175
176 145
176 144
177 146
177 176
178 147
179 178
179 148
180 179
180 148
181 180
181 149
181 150
182 181
182 151
182 150
183 152
183 151
184 183
184 152
185 154
185 153
187 186
188 156
188 157
188 187
189 188
189 158
190 189
190 158
191 160
191 128
192 161
193 192
193 161
194 163
194 162
195 194
195 164
195 163
196 164
196 195
197 196
197 166
198 166
198 197
199 198
200 168
200 199
200 169
201 170
201 200
201 169
202 171
202 201
203 172
203 171
203 202
204 172
205 174
205 173
206 175
206 205
206 174
207 176
207 175
207 206
208 177
209 208
209 178
210 179
210 178
210 209
211 179
211 180
212 180
212 211
212 181
213 182
213 212
214 182
214 213
215 214
215 184
216 215
216 185
217 216
217 185
217 186
218 186
219 188
219 218
220 188
221 189
221 190
221 220
222 190
222 221
223 191
223 222
223 160
224 193
224 192
226 225
226 194
226 195
227 195
229 198
229 197
230 198
230 199
230 229
232 231
233 202
233 232
233 201
234 203
234 202
234 233
235 234
235 203
235 204
236 205
236 204
237 236
237 205
238 237
238 206
238 207
239 207
239 238
239 208
240 239
240 209
241 210
241 240
241 209
242 211
242 210
243 211
244 212
244 213
245 214
245 244
245 213
246 214
246 245
246 215
247 215
247 216
248 216
248 247
248 217
249 217
249 218
250 218
250 249
251 220
251 250
251 219
253 222
254 223
254 253
254 222
255 223
255 254
255 224
256 225
256 224
257 225
258 227
259 227
259 258
260 229
260 228
260 259
261 229
261 230
261 260
262 261
263 262
263 231
264 263
264 233
264 232
265 233
266 234
266 265
266 235
267 236
267 235
268 236
268 267
268 237
269 237
269 268
270 238
270 269
270 239
271 240
271 239
271 270
272 241
272 240
272 271
273 242
273 272
274 273
274 243
275 244
276 245
277 276
277 246
277 245
278 246
278 277
278 247
279 248
279 278
279 247
280 249
281 250
281 249
281 280
282 281
282 251
282 250
283 251
284 252
285 284
285 254
286 285
286 254
288 256
288 257
289 258
289 288
290 258
290 259
290 289
291 260
292 260
292 261
293 261
293 292
293 262
294 293
294 262
295 294
296 295
296 265
297 296
297 265
298 267
298 297
299 268
300 268
300 299
300 269
301 300
302 301
302 270
302 271
303 272
303 271
304 272
304 273
304 303
305 304
305 274
305 273
306 274
306 275
307 306
307 275
308 277
309 277
309 278
310 309
310 278
310 279
311 310
311 279
311 280
312 311
313 281
313 312
313 282
314 283
314 313
315 284
315 283
316 285
316 315
316 284
317 316
317 286
318 286
318 287
319 288
319 256
320 289
321 289
321 320
322 290
323 322
323 291
323 292
325 294
325 293
325 324
326 294
326 325
327 326
327 295
327 296
328 296
328 327
328 297
329 328
329 297
330 299
330 329
331 299
331 330
331 300
332 301
332 331
332 300
333 332
333 301
334 303
335 334
336 305
336 304
336 335
337 306
337 336
338 337
338 307
338 306
339 308
340 339
341 309
341 310
342 311
342 341
343 311
343 342
343 312
344 313
344 343
345 344
345 313
345 314
346 315
346 314
346 345
347 315
347 316
348 316
348 347
349 318
350 349
351 319
351 320
352 320
353 322
354 322
354 353
354 323
355 324
355 354
356 325
356 324
357 325
357 326
357 356
358 357
358 327
358 326
359 328
359 358
360 329
361 329
361 360
362 330
362 361
362 331
363 332
363 331
363 362
364 363
364 333
364 332
365 334
365 333
365 364
366 335
366 365
367 366
367 335
367 336
369 338
369 337
371 340
372 341
372 340
373 341
373 372
374 343
374 342
375 344
375 343
376 344
376 375
377 346
378 377
378 347
379 348
379 347
380 348
381 349
381 350
382 350
382 351
382 381
383 352
383 382
384 352
385 384
385 354
386 355
386 385
387 356
387 386
388 356
388 387
388 357
389 388
389 357
390 358
391 359
391 390
391 360
392 361
392 391
393 392
394 363
395 364
395 363
396 364
396 395
396 365
397 396
397 366
397 365
398 397
398 367
399 368
399 398
400 369
401 370
401 369
402 370
402 371
402 401
403 402
403 372
404 403
404 373
404 372
405 374
405 373
405 404
406 375
406 374
408 407
408 377
408 376
409 377
410 378
411 410
412 380
412 381
413 412
413 382
414 382
414 413
415 352
415 384
416 385
417 385
417 416
418 386
418 387
418 417
419 387
419 388
419 418
420 419
421 420
421 389
422 390
422 391
423 391
423 422
423 392
424 393
424 423
424 392
425 393
426 425
426 395
427 395
428 427
428 397
429 397
429 428
429 398
430 399
430 429
431 400
432 400
433 402
433 401
433 432
434 403
434 402
435 434
435 403
435 404
436 405
436 404
437 436
437 405
437 406
438 437
438 406
438 407
439 408
439 407
439 438
440 408
441 409
442 410
442 441
442 411
443 411
443 442
443 412
444 412
444 413
444 443
445 444
445 413
446 445
446 415
446 414
447 384
447 416
449 417
449 448
450 449
450 418
451 450
451 420
452 420
452 421
452 451
453 452
453 421
454 422
454 453
455 454
455 423
455 424
456 425
456 455
456 424
457 456
457 426
458 427
458 457
459 458
460 428
460 459
460 429
461 430
461 460
462 430
463 432
463 431
463 462
464 433
464 463
464 432
465 464
465 434
466 435
467 466
467 436
468 467
468 437
469 437
470 438
470 439
472 440
472 441
473 442
474 443
474 442
474 473
475 474
476 445
476 475
477 476
477 446
477 445
478 447
478 477
479 478
479 448
479 416
481 449
482 451
482 450
483 452
485 453
485 484
485 454
486 455
486 485
487 486
488 456
488 487
488 457
489 458
490 458
490 459
491 460
492 460
492 491
492 461
493 492
494 463
494 493
494 462
495 463
495 464
495 494
496 495
496 464
496 465
497 466
497 496
498 467
498 466
498 497
499 498
499 468
499 467
500 468
500 499
500 469
501 469
501 500
502 501
503 472
503 471
504 503
504 472
504 473
505 504
505 473
505 474
506 474
506 505
507 476
508 476
509 508
509 478
510 478
510 479
511 510
511 479
512 481
513 481
513 512
513 482
514 483
514 482
514 513
515 483
515 484
516 484
516 515
517 485
517 486
518 486
518 517
518 487
519 488
519 487
519 518
520 488
521 489
521 490
521 520
522 490
522 521
522 491
523 492
523 522
524 492
525 494
525 493
525 524
526 525
526 494
527 495
527 496
527 526
528 497
528 527
529 497
529 528
529 498
530 499
530 498
531 530
531 499
532 501
532 531
533 502
533 532
534 533
534 503
535 534
536 505
536 504
536 535
537 506
537 536
538 506
538 537
538 507
539 507
539 508
539 538
540 509
540 508
541 509
541 510
542 510
543 512
543 511
543 480
544 513
545 544
546 545
546 515
546 514
547 516
548 517
549 548
549 518
550 549
550 519
550 518
551 520
552 551
552 521
553 552
553 521
553 522
554 523
555 524
555 523
555 554
556 555
556 524
556 525
557 526
557 556
558 526
558 557
558 527
559 558
559 528
559 527
560 529
560 559
560 528
561 530
561 560
561 529
562 530
562 531
562 561
563 531
564 532
564 563
564 533
565 533
565 564
566 534
566 565
567 535
568 537
568 567
569 538
570 538
570 539
570 569
571 570
571 540
571 539
572 541
572 540
573 541
573 542
574 573
574 543
574 542
575 574
575 544
575 543
576 544
577 545
577 576
578 546
578 547
579 548
579 578
580 548
580 579
581 549
581 580
582 551
582 581
582 550
583 582
584 583
585 584
586 554
587 555
588 557
588 556
589 588
590 558
591 590
591 559
592 560
592 561
593 562
593 592
594 563
594 593
595 564
595 563
595 594
596 595
596 564
596 565
597 565
597 596
597 566
598 566
598 597
598 567
599 598
599 568
599 567
600 568
600 569
601 569
601 600
602 570
603 602
603 571
604 603
604 573
605 604
605 574
605 573
606 574
606 605
606 575
607 575
607 606
608 576
609 577
609 578
610 579
610 609
611 579
612 580
612 581
613 582
613 612
614 582
615 614
615 583
615 584
616 585
616 615
616 584
617 586
618 587
618 586
618 617
619 587
620 589
620 619
621 590
621 620
622 591
622 621
623 591
623 592
623 622
624 593
624 592
625 593
625 624
626 594
626 595
626 625
627 596
627 626
627 595
628 597
628 596
628 627
629 628
629 597
630 629
631 630
632 631
633 602
633 632
633 601
634 603
635 634
635 603
635 604
636 635
636 605
636 604
637 605
638 606
638 607
639 608
639 607
639 576
639 638
640 609
641 609
641 610
641 640
642 641
643 642
643 611
644 613
644 643
644 612
645 614
645 613
645 644
646 615
647 646
647 616
647 615
648 617
648 616
648 647
649 618
649 648
649 617
650 619
650 649
650 618
651 650
651 619
652 651
652 620
653 621
653 652
654 623
654 653
654 622
655 623
655 624
655 654
656 655
656 625
657 625
658 626
658 627
659 658
659 628
660 628
660 659
660 629
661 630
661 660
662 661
662 630
663 662
663 632
664 632
665 633
665 634
666 635
667 635
667 636
667 666
668 667
668 637
668 636
669 668
669 638
671 639
671 670
671 608
673 672
673 641
674 673
675 674
675 644
675 643
676 675
676 645
677 645
677 676
677 646
678 677
678 646
679 648
679 647
680 649
681 680
681 649
682 650
682 651
682 681
683 652
684 653
684 652
685 653
686 655
687 656
688 687
688 657
689 657
689 688
689 658
690 658
692 661
693 661
694 663
694 662
695 664
695 663
696 695
696 665
697 665
697 696
697 666
700 668
700 669
700 699
701 669
701 670
702 701
703 671
703 672
704 672
704 673
705 704
706 674
706 675
707 676
707 706
707 675
708 707
709 678
709 677
710 709
710 678
711 680
712 680
712 711
713 712
713 681
714 713
714 683
715 684
715 714
715 683
716 685
716 684
717 716
717 685
718 687
718 717
719 718
720 688
720 689
720 719
721 720
722 721
722 690
722 691
723 691
723 692
723 722
724 692
724 723
725 694
725 724
725 693
726 695
726 725
727 695
727 696
728 697
728 696
729 698
729 728
730 729
730 698
731 699
732 700
732 701
733 732
733 701
733 702
734 702
734 733
735 703
735 734
735 672
736 704
738 707
738 706
739 707
739 738
740 709
741 709
741 740
741 710
742 711
742 741
743 711
743 712
744 712
744 743
745 714
745 713
746 745
746 715
746 714
747 715
747 716
748 716
749 717
750 718
751 719
751 750
752 721
752 720
753 722
753 721
753 752
754 723
754 722
754 753
755 754
756 755
756 725
756 724
757 756
757 726
758 726
758 757
759 728
759 758
760 728
760 759
760 729
761 729
761 760
762 731
762 761
763 732
764 763
764 732
764 733
765 764
765 733
765 734
766 735
766 765
767 736
767 766
767 735
768 737
768 736
769 768
769 737
769 738
770 739
770 769
771 740
771 770
772 740
772 771
773 741
773 772
774 743
774 742
775 743
775 744
776 775
776 745
777 776
777 745
779 778
779 747
779 748
780 748
781 749
781 780
781 750
783 752
783 782
784 752
785 784
786 755
786 785
786 754
787 756
787 755
788 757
788 756
789 757
789 758
789 788
790 789
790 759
791 760
791 759
791 790
792 760
792 791
793 762
794 763
794 762
795 794
795 763
795 764
796 764
796 795
796 765
797 766
797 796
798 766
798 797
799 767
799 798
800 768
801 769
801 770
802 801
802 771
803 802
803 771
803 772
804 803
804 772
805 804
806 774
806 775
806 805
807 776
807 806
807 775
809 777
810 778
810 809
811 810
811 780
812 781
812 811
813 812
814 783
814 813
815 814
815 784
816 815
816 785
817 786
818 786
818 787
818 817
819 818
819 788
819 787
820 789
821 789
821 790
822 791
822 821
823 791
823 822
823 792
824 792
824 823
824 793
825 824
825 794
826 794
826 795
826 825
827 795
828 797
829 828
830 799
830 829
831 800
831 799
831 830
832 800
833 802
833 801
833 832
834 833
834 803
834 802
835 834
835 804
836 804
836 805
837 836
838 806
839 808
839 838
841 809
841 840
842 841
842 811
843 812
843 842
844 813
844 843
845 844
845 813
845 814
846 814
847 816
848 847
848 817
848 816
849 817
849 818
850 849
850 818
850 819
851 819
851 850
852 821
852 820
853 822
853 821
854 853
854 822
855 854
855 823
855 824
856 825
856 824
856 855
857 856
857 825
858 827
858 826
859 827
859 858
860 829
860 859
861 829
861 860
861 830
862 830
862 861
863 862
863 831
863 800
864 832
865 833
865 864
866 835
866 834
866 865
867 866
867 836
867 835
868 836
869 838
870 838
870 869
871 840
872 840
872 841
872 871
873 841
873 842
874 842
874 873
875 843
876 844
876 875
877 846
877 876
878 847
879 878
879 847
879 848
880 849
880 848
881 850
881 880
882 851
883 851
883 882
884 883
885 853
885 884
886 855
886 885
886 854
887 886
887 855
888 857
888 887
888 856
889 857
889 858
889 888
890 858
891 890
891 860
892 860
892 891
892 861
893 892
893 861
894 863
894 893
895 832
895 863
895 864
896 865
896 864
897 896
897 865
897 866
898 867
898 897
899 868
899 898
900 868
901 869
901 900
901 870
902 871
902 870
903 872
903 902
903 871
904 872
905 873
905 904
905 874
906 875
906 905
907 876
907 875
908 877
909 878
909 908
909 877
910 878
910 879
910 909
911 880
911 879
912 911
912 880
913 881
913 912
914 882
914 883
915 884
915 883
916 885
916 915
916 884
917 885
917 916
917 886
918 886
918 887
919 888
920 888
920 889
920 919
921 889
921 890
922 891
922 890
923 891
923 922
924 892
924 893
925 893
925 894
926 895
926 894
926 925
927 864
927 926
927 895
929 897
929 898
930 929
930 898
930 899
931 930
932 901
932 931
932 900
933 932
934 933
934 903
934 902
935 903
935 904
936 935
936 905
937 936
937 905
938 937
938 906
939 908
940 939
940 908
940 909
941 910
941 940
941 909
942 941
942 910
943 942
944 913
945 944
945 913
946 914
946 945
946 915
947 915
947 916
947 946
948 947
948 916
948 917
949 948
949 918
950 949
950 918
951 920
951 919
951 950
952 951
952 920
952 921
953 921
954 922
954 923
954 953
955 923
955 924
956 955
956 925
956 924
957 925
957 956
958 926
959 896
959 928
959 927
959 958
961 960
961 930
962 931
962 930
963 931
963 962
963 932
964 933
964 963
965 933
965 934
966 965
966 935
966 934
967 935
968 937
968 967
969 968
969 938
969 937
970 969
970 938
971 940
971 970
971 939
972 971
972 940
973 941
973 942
974 943
975 944
975 974
975 943
976 944
976 975
976 945
977 976
977 945
978 946
978 977
979 978
979 948
980 979
981 949
982 951
982 981
982 950
983 982
984 983
984 953
985 984
985 953
985 954
986 985
987 956
987 955
988 956
989 958
989 988
990 989
990 959
991 928
991 959
991 990
991 960
992 961
992 960
993 961
993 962
993 1
993 992
994 962
994 993
994 2
995 3
995 964
995 994
996 995
996 3
996 964
997 996
997 965
997 5
997 966
998 6
998 967
998 997
998 966
999 998
999 6
999 7
1000 968
1000 999
1001 969
1001 8
1001 970
1001 9
1002 971
1002 970
1002 10
1002 1001
1003 11
1003 1002
1003 10
1004 12
1004 972
1004 1003
1005 974
1005 973
1005 13
1006 14
1006 974
1006 13
1007 975
1007 1006
1007 15
1007 14
1008 16
1008 977
1008 1007
1008 15
1008 976
1009 16
1009 17
1009 1008
1009 977
1010 17
1010 979
1010 1009
1011 979
1011 18
1011 1010
1012 981
1012 20
1013 981
1013 21
1013 1012
1013 20
1014 1013
1014 983
1014 982
1014 22
1015 1014
1015 983
1015 984
1016 24
1016 1015
1016 23
1017 24
1017 1016
1017 986
1017 25
1018 1017
1018 987
1018 25
1019 27
1019 988
1019 987
1019 26
1019 1018
1020 989
1020 1019
1020 28
1021 29
1021 28
1021 990
1022 30
1022 1021
1022 990
1022 29
1022 991
1023 992
1023 30
1023 991
