32 32 32 32 32
23.000000 8.660254 22.500000 9.526279 1
12.000000 12.124356 12.500000 12.990381 1
8.500000 7.794229 9.000000 8.660254 1
7.000000 12.124356 7.500000 12.990381 1
1.000000 1.732051 1.500000 2.598076 1
23.000000 8.660254 23.500000 9.526279 1
2.500000 4.330127 3.000000 5.196152 1
31.000000 6.928203 31.500000 7.794229 1
10.500000 0.866025 11.000000 1.732051 1
23.000000 3.464102 23.500000 4.330127 1
11.000000 5.196152 12.000000 5.196152 1
10.500000 7.794229 10.000000 8.660254 1
27.000000 0.000000 27.500000 0.866025 1
28.000000 13.856406 27.500000 14.722432 1
12.000000 10.392305 12.500000 11.258330 1
23.000000 22.516660 22.500000 23.382686 1
9.000000 15.588457 10.000000 15.588457 1
26.500000 2.598076 26.000000 3.464102 1
14.000000 10.392305 15.000000 10.392305 1
16.000000 24.248711 16.500000 25.114737 1
20.500000 6.062178 21.000000 6.928203 1
31.500000 9.526279 32.000000 10.392305 1
10.500000 14.722432 11.000000 15.588457 1
8.000000 8.660254 8.500000 9.526279 1
38.500000 12.990381 38.000000 13.856406 1
10.500000 11.258330 11.500000 11.258330 1
17.000000 25.980762 17.500000 26.846788 1
37.500000 18.186533 37.000000 19.052559 1
27.500000 12.990381 28.500000 12.990381 1
26.000000 20.784610 27.000000 20.784610 1
27.500000 19.918584 28.500000 19.918584 1
18.500000 18.186533 19.000000 19.052559 1
27.000000 12.124356 27.500000 12.990381 1
2.500000 4.330127 34.000000 5.196152 1
10.000000 12.124356 9.500000 12.990381 1
17.000000 17.320508 18.000000 17.320508 1
21.500000 23.382686 21.000000 24.248711 1
11.500000 7.794229 12.000000 8.660254 1
28.500000 7.794229 29.000000 8.660254 1
46.000000 25.980762 15.000000 25.980762 1
17.500000 7.794229 18.500000 7.794229 1
19.000000 19.052559 20.000000 19.052559 1
30.500000 2.598076 31.000000 3.464102 1
11.000000 8.660254 11.500000 9.526279 1
35.000000 13.856406 35.500000 14.722432 1
22.000000 8.660254 23.000000 8.660254 1
11.500000 14.722432 12.000000 15.588457 1
46.500000 26.846788 31.000000 0.000000 1
29.500000 4.330127 30.000000 5.196152 1
42.500000 19.918584 43.000000 20.784610 1
10.000000 6.928203 11.000000 6.928203 1
26.500000 2.598076 27.000000 3.464102 1
25.500000 7.794229 26.500000 7.794229 1
36.000000 19.052559 37.000000 19.052559 1
17.000000 19.052559 18.000000 19.052559 1
14.000000 20.784610 13.500000 21.650635 1
38.500000 26.846788 22.000000 0.000000 1
39.500000 14.722432 40.000000 15.588457 1
33.000000 8.660254 34.000000 8.660254 1
12.500000 11.258330 12.000000 12.124356 1
9.000000 12.124356 8.500000 12.990381 1
15.500000 9.526279 15.000000 10.392305 1
19.000000 20.784610 19.500000 21.650635 1
28.500000 0.866025 29.000000 1.732051 1
11.500000 18.186533 12.000000 19.052559 1
20.000000 10.392305 21.000000 10.392305 1
13.500000 19.918584 13.000000 20.784610 1
37.000000 20.784610 38.000000 20.784610 1
27.000000 25.980762 27.500000 26.846788 1
31.500000 0.866025 32.000000 1.732051 1
30.000000 3.464102 29.500000 4.330127 1
26.000000 6.928203 26.500000 7.794229 1
21.500000 7.794229 22.000000 8.660254 1
6.000000 5.196152 5.500000 6.062178 1
20.000000 19.052559 20.500000 19.918584 1
35.500000 12.990381 36.500000 12.990381 1
29.000000 15.588457 29.500000 16.454483 1
22.500000 4.330127 22.000000 5.196152 1
30.000000 12.124356 31.000000 12.124356 1
5.000000 0.000000 5.500000 0.866025 1
42.000000 24.248711 42.500000 25.114737 1
10.000000 0.000000 9.500000 0.866025 1
15.000000 1.732051 15.500000 2.598076 1
11.000000 0.000000 12.000000 0.000000 1
40.500000 16.454483 40.000000 17.320508 1
20.500000 25.114737 21.000000 25.980762 1
22.500000 6.062178 23.500000 6.062178 1
37.000000 19.052559 37.500000 19.918584 1
32.000000 5.196152 31.500000 6.062178 1
10.000000 17.320508 11.000000 17.320508 1
19.500000 25.114737 20.000000 25.980762 1
36.500000 14.722432 37.000000 15.588457 1
11.500000 19.918584 12.000000 20.784610 1
28.000000 17.320508 27.500000 18.186533 1
22.000000 6.928203 22.500000 7.794229 1
17.500000 18.186533 17.000000 19.052559 1
31.000000 0.000000 31.500000 0.866025 1
9.500000 6.062178 10.500000 6.062178 1
12.000000 13.856406 13.000000 13.856406 1
30.500000 6.062178 31.500000 6.062178 1
9.500000 2.598076 10.000000 3.464102 1
5.500000 0.866025 6.000000 1.732051 1
18.500000 6.062178 19.000000 6.928203 1
40.000000 19.052559 39.500000 19.918584 1
5.500000 9.526279 6.500000 9.526279 1
15.000000 6.928203 16.000000 6.928203 1
25.000000 6.928203 24.500000 7.794229 1
30.500000 7.794229 31.000000 8.660254 1
25.000000 0.000000 26.000000 0.000000 1
22.500000 25.114737 23.000000 25.980762 1
33.000000 8.660254 33.500000 9.526279 1
20.500000 26.846788 5.000000 0.000000 1
42.500000 23.382686 42.000000 24.248711 1
11.500000 6.062178 12.500000 6.062178 1
32.500000 11.258330 33.500000 11.258330 1
37.000000 15.588457 38.000000 15.588457 1
7.000000 10.392305 7.500000 11.258330 1
34.000000 10.392305 33.500000 11.258330 1
26.500000 4.330127 27.500000 4.330127 1
38.500000 16.454483 39.500000 16.454483 1
36.500000 18.186533 37.000000 19.052559 1
7.000000 12.124356 38.500000 12.990381 1
15.500000 21.650635 16.500000 21.650635 1
13.500000 11.258330 14.000000 12.124356 1
8.000000 3.464102 7.500000 4.330127 1
17.500000 18.186533 18.000000 19.052559 1
34.500000 14.722432 35.500000 14.722432 1
4.500000 4.330127 5.000000 5.196152 1
20.000000 8.660254 21.000000 8.660254 1
40.000000 15.588457 39.500000 16.454483 1
20.500000 4.330127 20.000000 5.196152 1
13.000000 20.784610 12.500000 21.650635 1
13.000000 19.052559 13.500000 19.918584 1
13.000000 1.732051 12.500000 2.598076 1
20.500000 9.526279 21.000000 10.392305 1
21.000000 10.392305 20.500000 11.258330 1
21.500000 19.918584 22.000000 20.784610 1
30.000000 8.660254 30.500000 9.526279 1
25.500000 6.062178 26.500000 6.062178 1
36.000000 15.588457 36.500000 16.454483 1
7.500000 12.990381 39.000000 13.856406 1
29.000000 6.928203 30.000000 6.928203 1
12.500000 18.186533 13.500000 18.186533 1
39.000000 24.248711 39.500000 25.114737 1
14.500000 2.598076 15.500000 2.598076 1
28.500000 4.330127 29.000000 5.196152 1
10.500000 12.990381 11.500000 12.990381 1
16.000000 5.196152 15.500000 6.062178 1
30.000000 8.660254 31.000000 8.660254 1
15.000000 5.196152 15.500000 6.062178 1
14.500000 23.382686 14.000000 24.248711 1
15.000000 20.784610 15.500000 21.650635 1
33.000000 3.464102 2.000000 3.464102 1
32.500000 2.598076 33.000000 3.464102 1
13.000000 8.660254 14.000000 8.660254 1
33.000000 8.660254 32.500000 9.526279 1
22.000000 8.660254 22.500000 9.526279 1
21.500000 2.598076 22.500000 2.598076 1
14.000000 13.856406 14.500000 14.722432 1
13.000000 15.588457 12.500000 16.454483 1
39.000000 25.980762 38.500000 26.846788 1
30.000000 12.124356 29.500000 12.990381 1
27.000000 3.464102 27.500000 4.330127 1
14.000000 20.784610 14.500000 21.650635 1
8.000000 12.124356 8.500000 12.990381 1
19.000000 24.248711 19.500000 25.114737 1
12.000000 15.588457 12.500000 16.454483 1
20.500000 19.918584 21.500000 19.918584 1
17.000000 17.320508 16.500000 18.186533 1
16.500000 21.650635 17.500000 21.650635 1
37.000000 10.392305 36.500000 11.258330 1
29.500000 7.794229 29.000000 8.660254 1
17.000000 8.660254 18.000000 8.660254 1
16.500000 2.598076 16.000000 3.464102 1
36.000000 10.392305 37.000000 10.392305 1
19.500000 6.062178 20.500000 6.062178 1
35.500000 21.650635 36.500000 21.650635 1
40.500000 16.454483 9.500000 16.454483 1
12.000000 8.660254 13.000000 8.660254 1
11.000000 1.732051 12.000000 1.732051 1
7.500000 7.794229 7.000000 8.660254 1
10.000000 13.856406 9.500000 14.722432 1
8.000000 13.856406 8.500000 14.722432 1
21.000000 22.516660 20.500000 23.382686 1
37.000000 17.320508 37.500000 18.186533 1
12.000000 1.732051 13.000000 1.732051 1
21.500000 11.258330 21.000000 12.124356 1
6.500000 4.330127 7.500000 4.330127 1
30.000000 1.732051 29.500000 2.598076 1
38.000000 19.052559 37.500000 19.918584 1
28.500000 11.258330 29.000000 12.124356 1
40.500000 25.114737 41.500000 25.114737 1
9.000000 15.588457 9.500000 16.454483 1
3.500000 4.330127 4.500000 4.330127 1
23.000000 0.000000 24.000000 0.000000 1
32.000000 8.660254 32.500000 9.526279 1
22.500000 7.794229 22.000000 8.660254 1
29.500000 26.846788 13.000000 0.000000 1
20.000000 3.464102 20.500000 4.330127 1
19.500000 4.330127 19.000000 5.196152 1
13.500000 2.598076 14.500000 2.598076 1
39.500000 19.918584 40.000000 20.784610 1
24.000000 6.928203 23.500000 7.794229 1
10.500000 12.990381 10.000000 13.856406 1
36.000000 22.516660 36.500000 23.382686 1
7.500000 6.062178 8.500000 6.062178 1
18.000000 6.928203 19.000000 6.928203 1
29.000000 20.784610 29.500000 21.650635 1
26.000000 22.516660 25.500000 23.382686 1
21.500000 7.794229 22.500000 7.794229 1
43.000000 24.248711 42.500000 25.114737 1
40.000000 24.248711 40.500000 25.114737 1
41.500000 26.846788 26.000000 0.000000 1
38.000000 12.124356 7.000000 12.124356 1
24.500000 21.650635 25.000000 22.516660 1
19.000000 20.784610 18.500000 21.650635 1
27.000000 0.000000 28.000000 0.000000 1
24.000000 3.464102 24.500000 4.330127 1
13.000000 19.052559 14.000000 19.052559 1
19.500000 23.382686 20.000000 24.248711 1
31.000000 8.660254 31.500000 9.526279 1
29.500000 2.598076 30.500000 2.598076 1
22.000000 24.248711 23.000000 24.248711 1
12.500000 16.454483 12.000000 17.320508 1
38.000000 17.320508 38.500000 18.186533 1
22.000000 1.732051 22.500000 2.598076 1
29.500000 7.794229 30.500000 7.794229 1
28.500000 21.650635 29.500000 21.650635 1
31.000000 0.000000 0.000000 0.000000 1
26.000000 1.732051 27.000000 1.732051 1
7.500000 7.794229 8.500000 7.794229 1
24.500000 19.918584 25.500000 19.918584 1
29.500000 4.330127 30.500000 4.330127 1
24.500000 16.454483 25.500000 16.454483 1
29.500000 11.258330 30.000000 12.124356 1
7.500000 6.062178 7.000000 6.928203 1
30.500000 2.598076 31.500000 2.598076 1
27.000000 1.732051 28.000000 1.732051 1
9.000000 1.732051 10.000000 1.732051 1
14.000000 1.732051 13.500000 2.598076 1
35.500000 19.918584 35.000000 20.784610 1
31.500000 2.598076 31.000000 3.464102 1
15.000000 8.660254 16.000000 8.660254 1
23.500000 7.794229 24.000000 8.660254 1
34.500000 14.722432 35.000000 15.588457 1
32.000000 3.464102 33.000000 3.464102 1
28.500000 0.866025 28.000000 1.732051 1
13.500000 19.918584 14.500000 19.918584 1
18.000000 22.516660 18.500000 23.382686 1
37.000000 19.052559 38.000000 19.052559 1
21.000000 3.464102 21.500000 4.330127 1
16.500000 7.794229 16.000000 8.660254 1
14.500000 7.794229 15.500000 7.794229 1
7.000000 3.464102 8.000000 3.464102 1
25.500000 25.114737 25.000000 25.980762 1
18.000000 22.516660 19.000000 22.516660 1
15.000000 24.248711 14.500000 25.114737 1
14.000000 19.052559 14.500000 19.918584 1
9.000000 0.000000 9.500000 0.866025 1
23.000000 17.320508 22.500000 18.186533 1
3.500000 2.598076 4.000000 3.464102 1
44.500000 26.846788 28.000000 0.000000 1
12.000000 6.928203 12.500000 7.794229 1
16.000000 5.196152 16.500000 6.062178 1
35.500000 11.258330 36.000000 12.124356 1
10.000000 1.732051 9.500000 2.598076 1
14.500000 9.526279 15.000000 10.392305 1
12.500000 21.650635 13.000000 22.516660 1
22.000000 5.196152 21.500000 6.062178 1
28.500000 26.846788 13.000000 0.000000 1
6.500000 11.258330 7.000000 12.124356 1
30.500000 11.258330 31.000000 12.124356 1
11.000000 3.464102 10.500000 4.330127 1
11.000000 19.052559 12.000000 19.052559 1
28.500000 25.114737 28.000000 25.980762 1
44.000000 22.516660 13.000000 22.516660 1
25.500000 18.186533 25.000000 19.052559 1
10.500000 12.990381 11.000000 13.856406 1
30.500000 6.062178 31.000000 6.928203 1
28.000000 15.588457 28.500000 16.454483 1
11.000000 0.000000 11.500000 0.866025 1
29.500000 0.866025 30.000000 1.732051 1
28.500000 11.258330 28.000000 12.124356 1
19.500000 26.846788 20.500000 26.846788 1
11.000000 15.588457 10.500000 16.454483 1
36.000000 20.784610 35.500000 21.650635 1
17.500000 9.526279 18.000000 10.392305 1
13.500000 18.186533 13.000000 19.052559 1
23.500000 16.454483 24.500000 16.454483 1
13.500000 4.330127 14.500000 4.330127 1
19.500000 19.918584 19.000000 20.784610 1
17.000000 24.248711 18.000000 24.248711 1
33.500000 7.794229 33.000000 8.660254 1
17.000000 3.464102 18.000000 3.464102 1
13.500000 6.062178 14.000000 6.928203 1
34.500000 21.650635 35.500000 21.650635 1
12.500000 21.650635 13.500000 21.650635 1
31.000000 10.392305 30.500000 11.258330 1
13.000000 5.196152 14.000000 5.196152 1
8.000000 10.392305 9.000000 10.392305 1
24.000000 24.248711 25.000000 24.248711 1
14.000000 15.588457 15.000000 15.588457 1
35.500000 9.526279 35.000000 10.392305 1
35.000000 10.392305 36.000000 10.392305 1
27.500000 2.598076 28.000000 3.464102 1
22.000000 6.928203 23.000000 6.928203 1
38.000000 22.516660 39.000000 22.516660 1
22.000000 5.196152 23.000000 5.196152 1
7.500000 2.598076 8.500000 2.598076 1
19.000000 19.052559 19.500000 19.918584 1
21.500000 26.846788 5.000000 0.000000 1
29.500000 19.918584 29.000000 20.784610 1
21.500000 2.598076 21.000000 3.464102 1
12.000000 20.784610 43.500000 21.650635 1
9.000000 15.588457 40.500000 16.454483 1
14.500000 2.598076 14.000000 3.464102 1
40.500000 23.382686 41.500000 23.382686 1
17.500000 25.114737 17.000000 25.980762 1
21.500000 9.526279 22.500000 9.526279 1
41.000000 24.248711 42.000000 24.248711 1
29.000000 3.464102 30.000000 3.464102 1
12.000000 10.392305 11.500000 11.258330 1
30.500000 11.258330 30.000000 12.124356 1
22.500000 25.114737 23.500000 25.114737 1
8.000000 10.392305 8.500000 11.258330 1
40.000000 15.588457 9.000000 15.588457 1
28.500000 0.866025 29.500000 0.866025 1
16.000000 8.660254 16.500000 9.526279 1
20.500000 23.382686 20.000000 24.248711 1
6.000000 0.000000 5.500000 0.866025 1
22.000000 0.000000 21.500000 0.866025 1
15.500000 21.650635 16.000000 22.516660 1
19.000000 22.516660 20.000000 22.516660 1
23.000000 24.248711 24.000000 24.248711 1
38.000000 22.516660 37.500000 23.382686 1
14.000000 17.320508 13.500000 18.186533 1
41.500000 25.114737 42.000000 25.980762 1
18.000000 6.928203 17.500000 7.794229 1
27.500000 0.866025 28.000000 1.732051 1
6.500000 0.866025 6.000000 1.732051 1
22.000000 0.000000 23.000000 0.000000 1
45.500000 25.114737 14.500000 25.114737 1
31.000000 12.124356 30.500000 12.990381 1
15.500000 18.186533 15.000000 19.052559 1
26.500000 19.918584 27.000000 20.784610 1
44.500000 26.846788 45.500000 26.846788 1
33.000000 6.928203 34.000000 6.928203 1
24.000000 8.660254 23.500000 9.526279 1
43.000000 24.248711 44.000000 24.248711 1
39.500000 14.722432 8.500000 14.722432 1
14.500000 14.722432 14.000000 15.588457 1
10.500000 16.454483 11.000000 17.320508 1
30.500000 7.794229 30.000000 8.660254 1
16.000000 25.980762 17.000000 25.980762 1
27.000000 1.732051 26.500000 2.598076 1
46.500000 26.846788 15.500000 26.846788 1
13.500000 12.990381 13.000000 13.856406 1
26.500000 12.990381 27.500000 12.990381 1
27.500000 26.846788 28.500000 26.846788 1
22.000000 22.516660 21.500000 23.382686 1
3.500000 6.062178 35.000000 6.928203 1
38.000000 20.784610 38.500000 21.650635 1
17.500000 7.794229 17.000000 8.660254 1
26.000000 25.980762 26.500000 26.846788 1
28.000000 5.196152 28.500000 6.062178 1
9.500000 6.062178 9.000000 6.928203 1
36.000000 15.588457 37.000000 15.588457 1
43.000000 25.980762 44.000000 25.980762 1
9.000000 6.928203 9.500000 7.794229 1
27.000000 17.320508 28.000000 17.320508 1
29.000000 12.124356 29.500000 12.990381 1
15.000000 25.980762 16.000000 25.980762 1
28.500000 14.722432 29.000000 15.588457 1
28.000000 6.928203 29.000000 6.928203 1
35.000000 8.660254 35.500000 9.526279 1
31.000000 3.464102 32.000000 3.464102 1
33.000000 10.392305 32.500000 11.258330 1
11.000000 5.196152 11.500000 6.062178 1
6.000000 5.196152 7.000000 5.196152 1
34.000000 20.784610 35.000000 20.784610 1
28.000000 10.392305 28.500000 11.258330 1
22.500000 2.598076 22.000000 3.464102 1
15.000000 3.464102 16.000000 3.464102 1
11.000000 12.124356 11.500000 12.990381 1
6.500000 7.794229 7.000000 8.660254 1
6.000000 0.000000 7.000000 0.000000 1
12.500000 0.866025 12.000000 1.732051 1
29.000000 0.000000 29.500000 0.866025 1
21.500000 4.330127 22.500000 4.330127 1
37.500000 14.722432 37.000000 15.588457 1
24.000000 20.784610 23.500000 21.650635 1
40.500000 21.650635 41.500000 21.650635 1
40.000000 20.784610 41.000000 20.784610 1
18.500000 26.846788 19.500000 26.846788 1
28.000000 20.784610 28.500000 21.650635 1
13.500000 9.526279 14.500000 9.526279 1
25.000000 17.320508 26.000000 17.320508 1
10.000000 13.856406 11.000000 13.856406 1
11.000000 13.856406 10.500000 14.722432 1
31.500000 4.330127 32.500000 4.330127 1
9.500000 11.258330 9.000000 12.124356 1
24.500000 16.454483 25.000000 17.320508 1
13.000000 10.392305 12.500000 11.258330 1
3.500000 4.330127 3.000000 5.196152 1
4.000000 1.732051 4.500000 2.598076 1
5.500000 4.330127 6.000000 5.196152 1
10.500000 4.330127 10.000000 5.196152 1
15.500000 6.062178 16.500000 6.062178 1
41.000000 19.052559 40.500000 19.918584 1
11.500000 16.454483 11.000000 17.320508 1
34.500000 9.526279 35.000000 10.392305 1
40.500000 25.114737 40.000000 25.980762 1
35.500000 9.526279 36.500000 9.526279 1
37.500000 14.722432 38.500000 14.722432 1
17.500000 4.330127 17.000000 5.196152 1
39.000000 20.784610 40.000000 20.784610 1
20.500000 26.846788 4.000000 0.000000 1
44.000000 24.248711 44.500000 25.114737 1
38.000000 19.052559 39.000000 19.052559 1
21.500000 7.794229 21.000000 8.660254 1
28.500000 16.454483 29.500000 16.454483 1
22.500000 4.330127 23.500000 4.330127 1
13.000000 12.124356 13.500000 12.990381 1
6.000000 8.660254 6.500000 9.526279 1
25.500000 16.454483 26.000000 17.320508 1
34.500000 11.258330 35.000000 12.124356 1
40.000000 19.052559 41.000000 19.052559 1
28.000000 8.660254 29.000000 8.660254 1
7.000000 3.464102 6.500000 4.330127 1
29.000000 25.980762 29.500000 26.846788 1
24.000000 22.516660 24.500000 23.382686 1
13.000000 10.392305 14.000000 10.392305 1
29.500000 0.866025 30.500000 0.866025 1
11.500000 11.258330 12.000000 12.124356 1
15.000000 22.516660 16.000000 22.516660 1
8.500000 14.722432 40.000000 15.588457 1
14.000000 1.732051 15.000000 1.732051 1
23.500000 26.846788 7.000000 0.000000 1
39.500000 25.114737 40.500000 25.114737 1
12.500000 7.794229 13.500000 7.794229 1
12.000000 6.928203 11.500000 7.794229 1
19.500000 26.846788 3.000000 0.000000 1
28.500000 2.598076 29.000000 3.464102 1
20.000000 5.196152 20.500000 6.062178 1
15.000000 25.980762 15.500000 26.846788 1
9.500000 9.526279 9.000000 10.392305 1
8.000000 12.124356 7.500000 12.990381 1
23.500000 21.650635 24.500000 21.650635 1
22.500000 9.526279 23.500000 9.526279 1
37.000000 13.856406 38.000000 13.856406 1
15.500000 25.114737 16.000000 25.980762 1
4.000000 1.732051 3.500000 2.598076 1
38.000000 20.784610 37.500000 21.650635 1
26.500000 18.186533 27.000000 19.052559 1
37.000000 12.124356 38.000000 12.124356 1
21.000000 5.196152 21.500000 6.062178 1
19.000000 10.392305 19.500000 11.258330 1
13.000000 17.320508 13.500000 18.186533 1
13.000000 1.732051 14.000000 1.732051 1
9.500000 7.794229 9.000000 8.660254 1
39.000000 15.588457 40.000000 15.588457 1
9.000000 6.928203 10.000000 6.928203 1
24.000000 3.464102 25.000000 3.464102 1
9.500000 2.598076 10.500000 2.598076 1
23.000000 1.732051 23.500000 2.598076 1
12.500000 9.526279 13.500000 9.526279 1
13.000000 13.856406 12.500000 14.722432 1
13.500000 16.454483 13.000000 17.320508 1
11.500000 14.722432 11.000000 15.588457 1
7.000000 8.660254 8.000000 8.660254 1
6.000000 10.392305 6.500000 11.258330 1
28.000000 25.980762 27.500000 26.846788 1
38.500000 21.650635 39.000000 22.516660 1
33.500000 4.330127 2.500000 4.330127 1
13.500000 7.794229 13.000000 8.660254 1
26.500000 18.186533 27.500000 18.186533 1
14.000000 20.784610 15.000000 20.784610 1
15.500000 2.598076 16.000000 3.464102 1
27.000000 0.000000 26.500000 0.866025 1
36.500000 16.454483 36.000000 17.320508 1
9.000000 3.464102 10.000000 3.464102 1
8.000000 8.660254 7.500000 9.526279 1
34.000000 6.928203 33.500000 7.794229 1
6.500000 11.258330 38.000000 12.124356 1
13.500000 21.650635 14.000000 22.516660 1
10.000000 15.588457 9.500000 16.454483 1
3.000000 1.732051 3.500000 2.598076 1
20.000000 8.660254 19.500000 9.526279 1
40.000000 15.588457 40.500000 16.454483 1
8.500000 4.330127 9.500000 4.330127 1
13.500000 18.186533 14.000000 19.052559 1
19.500000 4.330127 20.500000 4.330127 1
19.500000 23.382686 19.000000 24.248711 1
36.000000 17.320508 36.500000 18.186533 1
17.500000 9.526279 17.000000 10.392305 1
10.500000 4.330127 11.500000 4.330127 1
28.500000 19.918584 29.000000 20.784610 1
10.000000 8.660254 10.500000 9.526279 1
16.500000 26.846788 17.500000 26.846788 1
18.500000 4.330127 19.000000 5.196152 1
42.500000 19.918584 11.500000 19.918584 1
36.000000 10.392305 36.500000 11.258330 1
39.500000 16.454483 40.000000 17.320508 1
30.000000 12.124356 30.500000 12.990381 1
5.000000 3.464102 4.500000 4.330127 1
22.000000 19.052559 22.500000 19.918584 1
39.500000 18.186533 40.000000 19.052559 1
2.000000 3.464102 2.500000 4.330127 1
26.000000 6.928203 25.500000 7.794229 1
37.500000 14.722432 38.000000 15.588457 1
3.000000 5.196152 34.500000 6.062178 1
20.000000 24.248711 21.000000 24.248711 1
13.000000 13.856406 13.500000 14.722432 1
43.500000 23.382686 44.000000 24.248711 1
26.000000 19.052559 25.500000 19.918584 1
23.000000 24.248711 23.500000 25.114737 1
28.000000 1.732051 29.000000 1.732051 1
29.500000 2.598076 30.000000 3.464102 1
32.500000 9.526279 33.500000 9.526279 1
13.500000 14.722432 14.000000 15.588457 1
20.500000 7.794229 21.000000 8.660254 1
44.000000 25.980762 45.000000 25.980762 1
37.000000 20.784610 36.500000 21.650635 1
14.000000 6.928203 13.500000 7.794229 1
41.500000 21.650635 41.000000 22.516660 1
28.000000 0.000000 28.500000 0.866025 1
21.500000 25.114737 21.000000 25.980762 1
25.500000 23.382686 26.000000 24.248711 1
34.000000 5.196152 3.000000 5.196152 1
25.500000 25.114737 26.500000 25.114737 1
14.000000 5.196152 13.500000 6.062178 1
32.000000 1.732051 31.500000 2.598076 1
30.000000 8.660254 29.500000 9.526279 1
18.000000 25.980762 17.500000 26.846788 1
33.000000 5.196152 33.500000 6.062178 1
30.000000 10.392305 29.500000 11.258330 1
24.000000 5.196152 23.500000 6.062178 1
4.000000 3.464102 5.000000 3.464102 1
18.000000 5.196152 19.000000 5.196152 1
34.000000 5.196152 34.500000 6.062178 1
32.000000 3.464102 31.500000 4.330127 1
18.500000 6.062178 18.000000 6.928203 1
12.000000 15.588457 13.000000 15.588457 1
16.500000 18.186533 16.000000 19.052559 1
22.000000 3.464102 21.500000 4.330127 1
41.000000 22.516660 40.500000 23.382686 1
7.500000 2.598076 8.000000 3.464102 1
14.000000 24.248711 45.500000 25.114737 1
25.500000 18.186533 26.500000 18.186533 1
22.500000 0.866025 23.500000 0.866025 1
42.000000 19.052559 11.000000 19.052559 1
22.500000 4.330127 23.000000 5.196152 1
13.000000 8.660254 12.500000 9.526279 1
15.500000 2.598076 15.000000 3.464102 1
15.000000 8.660254 14.500000 9.526279 1
23.000000 0.000000 22.500000 0.866025 1
17.000000 19.052559 17.500000 19.918584 1
9.000000 1.732051 9.500000 2.598076 1
27.000000 3.464102 26.500000 4.330127 1
3.500000 2.598076 4.500000 2.598076 1
6.000000 5.196152 6.500000 6.062178 1
40.500000 23.382686 41.000000 24.248711 1
22.000000 24.248711 22.500000 25.114737 1
11.500000 7.794229 12.500000 7.794229 1
38.000000 15.588457 38.500000 16.454483 1
38.500000 16.454483 38.000000 17.320508 1
19.000000 6.928203 20.000000 6.928203 1
24.500000 7.794229 25.500000 7.794229 1
13.000000 22.516660 13.500000 23.382686 1
45.500000 25.114737 46.000000 25.980762 1
15.500000 23.382686 15.000000 24.248711 1
12.500000 9.526279 12.000000 10.392305 1
32.000000 3.464102 32.500000 4.330127 1
16.500000 9.526279 17.000000 10.392305 1
27.500000 16.454483 28.000000 17.320508 1
26.500000 6.062178 26.000000 6.928203 1
28.500000 7.794229 28.000000 8.660254 1
27.500000 26.846788 12.000000 0.000000 1
24.500000 2.598076 25.500000 2.598076 1
7.000000 0.000000 8.000000 0.000000 1
26.000000 10.392305 27.000000 10.392305 1
14.000000 3.464102 15.000000 3.464102 1
29.500000 11.258330 29.000000 12.124356 1
45.500000 25.114737 45.000000 25.980762 1
7.500000 4.330127 8.500000 4.330127 1
39.500000 18.186533 40.500000 18.186533 1
8.500000 14.722432 9.000000 15.588457 1
44.500000 25.114737 45.000000 25.980762 1
0.000000 0.000000 1.000000 0.000000 1
23.000000 3.464102 22.500000 4.330127 1
24.000000 25.980762 23.500000 26.846788 1
22.000000 3.464102 23.000000 3.464102 1
17.000000 6.928203 16.500000 7.794229 1
8.500000 12.990381 9.500000 12.990381 1
14.000000 22.516660 15.000000 22.516660 1
16.500000 2.598076 17.500000 2.598076 1
13.500000 0.866025 13.000000 1.732051 1
24.500000 6.062178 25.000000 6.928203 1
32.000000 8.660254 31.500000 9.526279 1
26.500000 19.918584 26.000000 20.784610 1
13.500000 23.382686 14.000000 24.248711 1
35.000000 13.856406 34.500000 14.722432 1
16.000000 3.464102 15.500000 4.330127 1
23.500000 23.382686 24.000000 24.248711 1
15.500000 6.062178 15.000000 6.928203 1
41.500000 18.186533 42.000000 19.052559 1
11.000000 8.660254 10.500000 9.526279 1
25.000000 24.248711 24.500000 25.114737 1
31.000000 0.000000 30.500000 0.866025 1
24.000000 20.784610 25.000000 20.784610 1
37.500000 19.918584 38.500000 19.918584 1
8.000000 5.196152 8.500000 6.062178 1
5.000000 5.196152 5.500000 6.062178 1
7.500000 9.526279 7.000000 10.392305 1
32.000000 10.392305 32.500000 11.258330 1
18.500000 11.258330 19.000000 12.124356 1
26.500000 0.866025 27.000000 1.732051 1
17.000000 22.516660 18.000000 22.516660 1
9.000000 10.392305 9.500000 11.258330 1
12.500000 16.454483 13.500000 16.454483 1
10.500000 0.866025 11.500000 0.866025 1
23.000000 1.732051 22.500000 2.598076 1
34.500000 9.526279 34.000000 10.392305 1
15.500000 11.258330 15.000000 12.124356 1
14.500000 16.454483 15.000000 17.320508 1
25.000000 1.732051 26.000000 1.732051 1
35.000000 8.660254 34.500000 9.526279 1
24.000000 17.320508 24.500000 18.186533 1
19.000000 19.052559 18.500000 19.918584 1
23.500000 16.454483 23.000000 17.320508 1
27.000000 12.124356 26.500000 12.990381 1
19.000000 25.980762 18.500000 26.846788 1
36.500000 18.186533 37.500000 18.186533 1
23.500000 23.382686 24.500000 23.382686 1
26.500000 11.258330 27.000000 12.124356 1
12.000000 3.464102 11.500000 4.330127 1
27.000000 5.196152 27.500000 6.062178 1
44.500000 25.114737 45.500000 25.114737 1
41.000000 17.320508 41.500000 18.186533 1
24.000000 22.516660 23.500000 23.382686 1
17.000000 20.784610 18.000000 20.784610 1
23.000000 20.784610 24.000000 20.784610 1
11.500000 11.258330 12.500000 11.258330 1
18.000000 12.124356 19.000000 12.124356 1
26.000000 6.928203 27.000000 6.928203 1
2.500000 2.598076 2.000000 3.464102 1
16.500000 11.258330 17.500000 11.258330 1
25.500000 23.382686 26.500000 23.382686 1
25.000000 3.464102 24.500000 4.330127 1
12.000000 10.392305 13.000000 10.392305 1
16.500000 6.062178 17.500000 6.062178 1
39.500000 23.382686 40.500000 23.382686 1
23.000000 3.464102 24.000000 3.464102 1
35.000000 12.124356 36.000000 12.124356 1
10.000000 13.856406 10.500000 14.722432 1
13.000000 0.000000 12.500000 0.866025 1
27.500000 11.258330 27.000000 12.124356 1
27.500000 11.258330 28.000000 12.124356 1
19.500000 19.918584 20.500000 19.918584 1
11.000000 10.392305 10.500000 11.258330 1
19.000000 10.392305 18.500000 11.258330 1
25.500000 16.454483 26.500000 16.454483 1
26.500000 18.186533 26.000000 19.052559 1
28.000000 5.196152 27.500000 6.062178 1
40.000000 20.784610 40.500000 21.650635 1
12.000000 13.856406 12.500000 14.722432 1
11.500000 12.990381 12.000000 13.856406 1
19.500000 7.794229 20.000000 8.660254 1
20.500000 6.062178 21.500000 6.062178 1
22.000000 8.660254 21.500000 9.526279 1
30.000000 6.928203 29.500000 7.794229 1
36.000000 20.784610 37.000000 20.784610 1
26.000000 15.588457 25.500000 16.454483 1
35.500000 12.990381 36.000000 13.856406 1
33.000000 3.464102 33.500000 4.330127 1
37.500000 19.918584 38.000000 20.784610 1
21.500000 26.846788 6.000000 0.000000 1
21.000000 25.980762 21.500000 26.846788 1
39.000000 13.856406 38.500000 14.722432 1
34.500000 6.062178 35.000000 6.928203 1
12.000000 5.196152 11.500000 6.062178 1
22.500000 23.382686 23.000000 24.248711 1
29.000000 5.196152 30.000000 5.196152 1
42.000000 22.516660 43.000000 22.516660 1
24.500000 25.114737 25.000000 25.980762 1
11.000000 1.732051 10.500000 2.598076 1
35.500000 11.258330 36.500000 11.258330 1
38.500000 14.722432 39.500000 14.722432 1
5.500000 9.526279 6.000000 10.392305 1
17.500000 19.918584 18.000000 20.784610 1
27.000000 25.980762 26.500000 26.846788 1
15.000000 19.052559 15.500000 19.918584 1
17.000000 10.392305 17.500000 11.258330 1
17.000000 5.196152 17.500000 6.062178 1
43.500000 23.382686 44.500000 23.382686 1
41.500000 25.114737 42.500000 25.114737 1
26.000000 5.196152 26.500000 6.062178 1
7.500000 12.990381 8.000000 13.856406 1
5.000000 5.196152 6.000000 5.196152 1
14.000000 8.660254 15.000000 8.660254 1
31.500000 11.258330 31.000000 12.124356 1
6.500000 6.062178 7.000000 6.928203 1
42.500000 21.650635 42.000000 22.516660 1
34.000000 20.784610 34.500000 21.650635 1
16.000000 19.052559 16.500000 19.918584 1
25.000000 17.320508 24.500000 18.186533 1
23.500000 4.330127 24.500000 4.330127 1
21.000000 20.784610 20.500000 21.650635 1
26.500000 25.114737 27.500000 25.114737 1
43.000000 25.980762 43.500000 26.846788 1
13.500000 6.062178 13.000000 6.928203 1
1.500000 2.598076 2.000000 3.464102 1
15.500000 23.382686 16.500000 23.382686 1
16.000000 5.196152 17.000000 5.196152 1
12.000000 8.660254 12.500000 9.526279 1
19.000000 8.660254 18.500000 9.526279 1
14.000000 24.248711 15.000000 24.248711 1
17.500000 6.062178 17.000000 6.928203 1
37.000000 13.856406 36.500000 14.722432 1
33.500000 6.062178 34.000000 6.928203 1
13.000000 17.320508 12.500000 18.186533 1
34.500000 9.526279 35.500000 9.526279 1
21.500000 21.650635 22.500000 21.650635 1
8.500000 0.866025 9.000000 1.732051 1
4.000000 3.464102 3.500000 4.330127 1
40.500000 26.846788 41.500000 26.846788 1
13.000000 22.516660 44.500000 23.382686 1
30.500000 4.330127 30.000000 5.196152 1
11.500000 2.598076 12.500000 2.598076 1
23.500000 6.062178 24.000000 6.928203 1
21.000000 1.732051 22.000000 1.732051 1
21.500000 6.062178 21.000000 6.928203 1
8.500000 6.062178 9.000000 6.928203 1
22.000000 19.052559 23.000000 19.052559 1
17.000000 10.392305 18.000000 10.392305 1
23.500000 2.598076 23.000000 3.464102 1
6.500000 2.598076 7.000000 3.464102 1
27.000000 19.052559 26.500000 19.918584 1
12.000000 12.124356 11.500000 12.990381 1
17.000000 25.980762 16.500000 26.846788 1
24.000000 0.000000 23.500000 0.866025 1
22.500000 26.846788 7.000000 0.000000 1
14.000000 3.464102 14.500000 4.330127 1
37.500000 12.990381 38.000000 13.856406 1
19.500000 26.846788 4.000000 0.000000 1
21.500000 4.330127 22.000000 5.196152 1
24.000000 6.928203 24.500000 7.794229 1
39.500000 25.114737 40.000000 25.980762 1
38.500000 16.454483 39.000000 17.320508 1
18.000000 24.248711 19.000000 24.248711 1
17.000000 22.516660 17.500000 23.382686 1
43.000000 20.784610 42.500000 21.650635 1
15.500000 2.598076 16.500000 2.598076 1
43.000000 22.516660 43.500000 23.382686 1
14.000000 12.124356 15.000000 12.124356 1
15.500000 23.382686 16.000000 24.248711 1
6.000000 1.732051 5.500000 2.598076 1
19.000000 24.248711 20.000000 24.248711 1
20.000000 25.980762 20.500000 26.846788 1
9.000000 13.856406 8.500000 14.722432 1
21.000000 24.248711 21.500000 25.114737 1
31.000000 5.196152 31.500000 6.062178 1
12.500000 6.062178 13.500000 6.062178 1
14.500000 18.186533 15.000000 19.052559 1
26.500000 19.918584 27.500000 19.918584 1
12.500000 14.722432 12.000000 15.588457 1
11.500000 7.794229 11.000000 8.660254 1
15.500000 7.794229 16.000000 8.660254 1
16.000000 22.516660 16.500000 23.382686 1
12.500000 11.258330 13.500000 11.258330 1
37.000000 19.052559 36.500000 19.918584 1
29.500000 7.794229 30.000000 8.660254 1
24.000000 22.516660 25.000000 22.516660 1
36.500000 11.258330 37.500000 11.258330 1
39.000000 13.856406 8.000000 13.856406 1
8.500000 4.330127 9.000000 5.196152 1
7.000000 12.124356 8.000000 12.124356 1
17.000000 3.464102 16.500000 4.330127 1
10.000000 10.392305 9.500000 11.258330 1
28.500000 26.846788 12.000000 0.000000 1
42.000000 25.980762 42.500000 26.846788 1
28.500000 4.330127 29.500000 4.330127 1
43.000000 22.516660 42.500000 23.382686 1
17.000000 5.196152 18.000000 5.196152 1
38.500000 19.918584 38.000000 20.784610 1
31.000000 3.464102 30.500000 4.330127 1
30.000000 3.464102 30.500000 4.330127 1
42.000000 20.784610 41.500000 21.650635 1
18.000000 17.320508 18.500000 18.186533 1
10.500000 7.794229 11.500000 7.794229 1
21.000000 10.392305 22.000000 10.392305 1
24.000000 1.732051 24.500000 2.598076 1
23.000000 25.980762 23.500000 26.846788 1
10.000000 5.196152 11.000000 5.196152 1
10.500000 16.454483 11.500000 16.454483 1
34.500000 7.794229 35.500000 7.794229 1
39.000000 15.588457 39.500000 16.454483 1
6.000000 0.000000 6.500000 0.866025 1
26.500000 4.330127 26.000000 5.196152 1
13.000000 22.516660 14.000000 22.516660 1
29.000000 20.784610 28.500000 21.650635 1
25.500000 6.062178 26.000000 6.928203 1
24.500000 26.846788 25.500000 26.846788 1
16.000000 25.980762 16.500000 26.846788 1
16.500000 25.114737 17.500000 25.114737 1
12.500000 18.186533 12.000000 19.052559 1
3.000000 5.196152 3.500000 6.062178 1
25.500000 0.866025 25.000000 1.732051 1
9.500000 9.526279 10.500000 9.526279 1
39.000000 17.320508 39.500000 18.186533 1
24.500000 25.114737 24.000000 25.980762 1
35.000000 20.784610 36.000000 20.784610 1
33.000000 10.392305 33.500000 11.258330 1
30.000000 1.732051 31.000000 1.732051 1
37.500000 16.454483 38.500000 16.454483 1
10.500000 2.598076 10.000000 3.464102 1
26.500000 25.114737 27.000000 25.980762 1
17.500000 2.598076 17.000000 3.464102 1
36.500000 19.918584 36.000000 20.784610 1
16.000000 20.784610 15.500000 21.650635 1
7.000000 6.928203 7.500000 7.794229 1
15.000000 5.196152 16.000000 5.196152 1
28.500000 6.062178 29.500000 6.062178 1
3.500000 6.062178 4.000000 6.928203 1
17.000000 24.248711 17.500000 25.114737 1
8.500000 9.526279 8.000000 10.392305 1
14.500000 16.454483 14.000000 17.320508 1
27.000000 17.320508 27.500000 18.186533 1
21.000000 6.928203 21.500000 7.794229 1
35.500000 18.186533 36.500000 18.186533 1
12.500000 12.990381 12.000000 13.856406 1
29.000000 19.052559 28.500000 19.918584 1
0.500000 0.866025 32.000000 1.732051 1
28.000000 12.124356 28.500000 12.990381 1
29.000000 1.732051 28.500000 2.598076 1
35.000000 6.928203 4.000000 6.928203 1
11.500000 2.598076 11.000000 3.464102 1
4.000000 5.196152 4.500000 6.062178 1
43.500000 26.846788 28.000000 0.000000 1
27.000000 15.588457 26.500000 16.454483 1
6.500000 6.062178 6.000000 6.928203 1
34.500000 6.062178 3.500000 6.062178 1
25.000000 0.000000 24.500000 0.866025 1
18.500000 9.526279 19.500000 9.526279 1
20.500000 4.330127 21.500000 4.330127 1
24.500000 16.454483 24.000000 17.320508 1
32.000000 8.660254 33.000000 8.660254 1
11.000000 6.928203 12.000000 6.928203 1
37.000000 15.588457 36.500000 16.454483 1
36.000000 12.124356 36.500000 12.990381 1
13.000000 8.660254 13.500000 9.526279 1
26.000000 24.248711 25.500000 25.114737 1
24.500000 18.186533 25.000000 19.052559 1
18.000000 24.248711 18.500000 25.114737 1
16.500000 18.186533 17.000000 19.052559 1
45.500000 26.846788 29.000000 0.000000 1
4.500000 6.062178 5.000000 6.928203 1
42.000000 19.052559 41.500000 19.918584 1
32.000000 12.124356 33.000000 12.124356 1
26.000000 25.980762 27.000000 25.980762 1
18.000000 25.980762 19.000000 25.980762 1
3.000000 1.732051 2.500000 2.598076 1
28.500000 16.454483 28.000000 17.320508 1
31.000000 5.196152 32.000000 5.196152 1
25.500000 19.918584 25.000000 20.784610 1
39.000000 25.980762 40.000000 25.980762 1
27.500000 16.454483 27.000000 17.320508 1
6.500000 0.866025 7.500000 0.866025 1
41.500000 21.650635 42.000000 22.516660 1
4.000000 6.928203 35.500000 7.794229 1
26.000000 17.320508 26.500000 18.186533 1
12.000000 12.124356 13.000000 12.124356 1
19.500000 6.062178 20.000000 6.928203 1
39.000000 19.052559 38.500000 19.918584 1
17.500000 21.650635 18.500000 21.650635 1
24.000000 19.052559 24.500000 19.918584 1
13.500000 9.526279 13.000000 10.392305 1
21.500000 9.526279 22.000000 10.392305 1
37.000000 22.516660 38.000000 22.516660 1
25.000000 25.980762 24.500000 26.846788 1
10.000000 8.660254 9.500000 9.526279 1
13.000000 0.000000 13.500000 0.866025 1
16.500000 19.918584 17.500000 19.918584 1
34.500000 6.062178 34.000000 6.928203 1
8.500000 2.598076 9.500000 2.598076 1
11.000000 1.732051 11.500000 2.598076 1
11.000000 19.052559 42.500000 19.918584 1
26.500000 7.794229 27.500000 7.794229 1
21.000000 8.660254 22.000000 8.660254 1
24.500000 19.918584 24.000000 20.784610 1
34.500000 7.794229 35.000000 8.660254 1
36.500000 11.258330 37.000000 12.124356 1
38.500000 21.650635 39.500000 21.650635 1
12.500000 19.918584 13.000000 20.784610 1
16.000000 22.516660 17.000000 22.516660 1
41.500000 23.382686 41.000000 24.248711 1
16.000000 22.516660 15.500000 23.382686 1
18.000000 19.052559 19.000000 19.052559 1
20.000000 6.928203 19.500000 7.794229 1
8.500000 2.598076 8.000000 3.464102 1
23.500000 26.846788 8.000000 0.000000 1
9.000000 5.196152 9.500000 6.062178 1
22.500000 21.650635 23.000000 22.516660 1
22.000000 3.464102 22.500000 4.330127 1
36.000000 12.124356 37.000000 12.124356 1
0.500000 0.866025 1.000000 1.732051 1
4.500000 0.866025 5.500000 0.866025 1
10.000000 8.660254 11.000000 8.660254 1
25.000000 19.052559 25.500000 19.918584 1
23.500000 26.846788 24.500000 26.846788 1
10.000000 10.392305 10.500000 11.258330 1
28.000000 25.980762 28.500000 26.846788 1
32.500000 7.794229 33.500000 7.794229 1
20.000000 8.660254 20.500000 9.526279 1
39.000000 13.856406 39.500000 14.722432 1
12.500000 14.722432 13.500000 14.722432 1
25.500000 26.846788 9.000000 0.000000 1
4.000000 5.196152 5.000000 5.196152 1
12.500000 4.330127 13.000000 5.196152 1
39.000000 22.516660 39.500000 23.382686 1
27.000000 6.928203 26.500000 7.794229 1
33.500000 9.526279 34.000000 10.392305 1
20.500000 23.382686 21.500000 23.382686 1
12.500000 4.330127 13.500000 4.330127 1
22.000000 22.516660 22.500000 23.382686 1
40.500000 21.650635 40.000000 22.516660 1
16.500000 23.382686 17.000000 24.248711 1
9.000000 13.856406 10.000000 13.856406 1
21.000000 1.732051 21.500000 2.598076 1
15.500000 11.258330 16.500000 11.258330 1
16.500000 26.846788 0.000000 0.000000 1
4.500000 4.330127 4.000000 5.196152 1
5.500000 6.062178 6.500000 6.062178 1
28.000000 0.000000 27.500000 0.866025 1
20.500000 4.330127 21.000000 5.196152 1
31.000000 12.124356 32.000000 12.124356 1
30.500000 4.330127 31.500000 4.330127 1
14.500000 2.598076 15.000000 3.464102 1
37.000000 22.516660 37.500000 23.382686 1
23.000000 5.196152 23.500000 6.062178 1
18.500000 26.846788 3.000000 0.000000 1
35.500000 14.722432 36.500000 14.722432 1
14.500000 14.722432 15.000000 15.588457 1
28.500000 6.062178 29.000000 6.928203 1
23.500000 6.062178 23.000000 6.928203 1
16.500000 7.794229 17.000000 8.660254 1
41.500000 18.186533 41.000000 19.052559 1
2.500000 2.598076 3.500000 2.598076 1
14.500000 21.650635 14.000000 22.516660 1
28.000000 1.732051 28.500000 2.598076 1
9.000000 8.660254 9.500000 9.526279 1
9.000000 5.196152 10.000000 5.196152 1
27.500000 25.114737 28.500000 25.114737 1
10.000000 0.000000 11.000000 0.000000 1
24.500000 0.866025 25.000000 1.732051 1
11.500000 19.918584 43.000000 20.784610 1
9.500000 2.598076 9.000000 3.464102 1
32.000000 10.392305 33.000000 10.392305 1
10.500000 11.258330 10.000000 12.124356 1
19.500000 11.258330 19.000000 12.124356 1
27.500000 21.650635 27.000000 22.516660 1
17.500000 23.382686 18.000000 24.248711 1
36.500000 14.722432 37.500000 14.722432 1
27.000000 5.196152 26.500000 6.062178 1
4.000000 0.000000 5.000000 0.000000 1
15.000000 13.856406 14.500000 14.722432 1
14.500000 4.330127 14.000000 5.196152 1
25.000000 22.516660 25.500000 23.382686 1
15.000000 25.980762 46.500000 26.846788 1
27.500000 25.114737 28.000000 25.980762 1
14.000000 13.856406 15.000000 13.856406 1
28.500000 11.258330 29.500000 11.258330 1
22.500000 6.062178 23.000000 6.928203 1
27.500000 14.722432 28.500000 14.722432 1
34.000000 8.660254 34.500000 9.526279 1
14.500000 21.650635 15.500000 21.650635 1
16.500000 26.846788 1.000000 0.000000 1
19.000000 6.928203 19.500000 7.794229 1
23.500000 6.062178 24.500000 6.062178 1
9.500000 4.330127 10.500000 4.330127 1
27.500000 16.454483 28.500000 16.454483 1
32.000000 10.392305 31.500000 11.258330 1
2.000000 3.464102 3.000000 3.464102 1
35.000000 10.392305 35.500000 11.258330 1
25.500000 19.918584 26.500000 19.918584 1
15.000000 1.732051 14.500000 2.598076 1
34.500000 11.258330 35.500000 11.258330 1
35.000000 15.588457 35.500000 16.454483 1
19.000000 25.980762 19.500000 26.846788 1
29.500000 6.062178 30.500000 6.062178 1
13.000000 6.928203 13.500000 7.794229 1
31.000000 8.660254 30.500000 9.526279 1
11.000000 3.464102 11.500000 4.330127 1
23.500000 2.598076 24.500000 2.598076 1
24.500000 0.866025 25.500000 0.866025 1
40.000000 22.516660 41.000000 22.516660 1
35.500000 16.454483 36.500000 16.454483 1
41.500000 26.846788 42.500000 26.846788 1
37.000000 17.320508 38.000000 17.320508 1
40.500000 19.918584 41.500000 19.918584 1
23.000000 19.052559 22.500000 19.918584 1
28.500000 12.990381 28.000000 13.856406 1
24.500000 26.846788 8.000000 0.000000 1
30.000000 10.392305 30.500000 11.258330 1
29.000000 1.732051 29.500000 2.598076 1
40.500000 21.650635 41.000000 22.516660 1
21.500000 0.866025 22.000000 1.732051 1
36.500000 12.990381 36.000000 13.856406 1
22.500000 0.866025 22.000000 1.732051 1
28.000000 6.928203 27.500000 7.794229 1
37.500000 21.650635 38.000000 22.516660 1
32.500000 6.062178 33.000000 6.928203 1
4.000000 1.732051 5.000000 1.732051 1
5.000000 5.196152 4.500000 6.062178 1
41.000000 19.052559 41.500000 19.918584 1
19.500000 21.650635 20.000000 22.516660 1
10.000000 1.732051 11.000000 1.732051 1
27.000000 6.928203 28.000000 6.928203 1
30.500000 4.330127 31.000000 5.196152 1
15.500000 6.062178 16.000000 6.928203 1
26.000000 15.588457 27.000000 15.588457 1
26.500000 11.258330 27.500000 11.258330 1
11.000000 12.124356 10.500000 12.990381 1
40.000000 25.980762 39.500000 26.846788 1
38.000000 20.784610 39.000000 20.784610 1
24.000000 19.052559 23.500000 19.918584 1
6.000000 8.660254 5.500000 9.526279 1
21.500000 25.114737 22.000000 25.980762 1
17.000000 17.320508 17.500000 18.186533 1
35.500000 19.918584 36.000000 20.784610 1
28.500000 6.062178 28.000000 6.928203 1
41.000000 24.248711 41.500000 25.114737 1
27.500000 19.918584 27.000000 20.784610 1
25.000000 24.248711 25.500000 25.114737 1
22.500000 9.526279 23.000000 10.392305 1
3.000000 3.464102 4.000000 3.464102 1
18.500000 11.258330 18.000000 12.124356 1
27.500000 4.330127 28.000000 5.196152 1
32.500000 2.598076 1.500000 2.598076 1
5.000000 3.464102 5.500000 4.330127 1
42.000000 22.516660 42.500000 23.382686 1
28.500000 26.846788 29.500000 26.846788 1
6.500000 7.794229 7.500000 7.794229 1
19.000000 10.392305 20.000000 10.392305 1
39.500000 21.650635 39.000000 22.516660 1
8.000000 6.928203 8.500000 7.794229 1
33.000000 10.392305 34.000000 10.392305 1
27.500000 18.186533 27.000000 19.052559 1
39.000000 19.052559 40.000000 19.052559 1
26.500000 16.454483 27.500000 16.454483 1
21.000000 25.980762 22.000000 25.980762 1
14.000000 12.124356 14.500000 12.990381 1
6.000000 6.928203 6.500000 7.794229 1
22.000000 24.248711 21.500000 25.114737 1
12.500000 0.866025 13.000000 1.732051 1
33.000000 5.196152 32.500000 6.062178 1
20.000000 10.392305 19.500000 11.258330 1
15.000000 17.320508 16.000000 17.320508 1
24.000000 5.196152 24.500000 6.062178 1
23.000000 20.784610 23.500000 21.650635 1
22.000000 1.732051 21.500000 2.598076 1
39.500000 21.650635 40.000000 22.516660 1
16.500000 9.526279 16.000000 10.392305 1
34.500000 12.990381 35.500000 12.990381 1
13.500000 19.918584 14.000000 20.784610 1
28.500000 19.918584 29.500000 19.918584 1
21.500000 6.062178 22.000000 6.928203 1
41.500000 19.918584 41.000000 20.784610 1
27.500000 26.846788 11.000000 0.000000 1
19.500000 7.794229 19.000000 8.660254 1
36.000000 19.052559 35.500000 19.918584 1
20.000000 25.980762 19.500000 26.846788 1
19.500000 21.650635 19.000000 22.516660 1
40.000000 17.320508 39.500000 18.186533 1
8.000000 8.660254 9.000000 8.660254 1
14.500000 9.526279 14.000000 10.392305 1
14.500000 19.918584 14.000000 20.784610 1
30.000000 6.928203 30.500000 7.794229 1
11.500000 0.866025 11.000000 1.732051 1
19.000000 8.660254 19.500000 9.526279 1
26.000000 17.320508 25.500000 18.186533 1
12.000000 15.588457 11.500000 16.454483 1
25.000000 5.196152 26.000000 5.196152 1
12.000000 1.732051 12.500000 2.598076 1
38.500000 19.918584 39.500000 19.918584 1
41.500000 26.846788 25.000000 0.000000 1
12.000000 1.732051 11.500000 2.598076 1
5.000000 1.732051 4.500000 2.598076 1
27.500000 11.258330 28.500000 11.258330 1
28.500000 2.598076 29.500000 2.598076 1
8.500000 0.866025 9.500000 0.866025 1
22.500000 23.382686 22.000000 24.248711 1
20.500000 21.650635 21.500000 21.650635 1
11.500000 18.186533 11.000000 19.052559 1
27.500000 19.918584 28.000000 20.784610 1
4.000000 6.928203 5.000000 6.928203 1
13.000000 12.124356 12.500000 12.990381 1
26.500000 26.846788 11.000000 0.000000 1
40.500000 18.186533 40.000000 19.052559 1
0.000000 0.000000 31.500000 0.866025 1
26.000000 20.784610 25.500000 21.650635 1
30.000000 5.196152 29.500000 6.062178 1
11.500000 16.454483 12.000000 17.320508 1
13.500000 14.722432 13.000000 15.588457 1
9.500000 7.794229 10.000000 8.660254 1
29.000000 12.124356 30.000000 12.124356 1
13.000000 5.196152 12.500000 6.062178 1
17.000000 3.464102 17.500000 4.330127 1
26.500000 6.062178 27.000000 6.928203 1
37.500000 12.990381 38.500000 12.990381 1
15.500000 21.650635 15.000000 22.516660 1
38.500000 12.990381 39.000000 13.856406 1
13.000000 13.856406 14.000000 13.856406 1
14.000000 17.320508 14.500000 18.186533 1
27.000000 12.124356 28.000000 12.124356 1
22.000000 25.980762 23.000000 25.980762 1
26.000000 5.196152 27.000000 5.196152 1
26.000000 1.732051 26.500000 2.598076 1
29.500000 11.258330 30.500000 11.258330 1
18.500000 21.650635 19.500000 21.650635 1
15.500000 7.794229 16.500000 7.794229 1
43.500000 23.382686 43.000000 24.248711 1
23.500000 21.650635 24.000000 22.516660 1
18.000000 8.660254 17.500000 9.526279 1
38.000000 15.588457 39.000000 15.588457 1
21.500000 0.866025 21.000000 1.732051 1
11.000000 6.928203 11.500000 7.794229 1
24.500000 21.650635 24.000000 22.516660 1
15.000000 10.392305 16.000000 10.392305 1
24.500000 23.382686 24.000000 24.248711 1
30.000000 6.928203 31.000000 6.928203 1
29.000000 3.464102 29.500000 4.330127 1
12.500000 7.794229 12.000000 8.660254 1
26.000000 1.732051 25.500000 2.598076 1
23.000000 22.516660 24.000000 22.516660 1
3.000000 1.732051 4.000000 1.732051 1
29.000000 19.052559 29.500000 19.918584 1
29.500000 9.526279 30.500000 9.526279 1
13.000000 5.196152 13.500000 6.062178 1
20.000000 3.464102 21.000000 3.464102 1
25.500000 21.650635 26.000000 22.516660 1
5.000000 0.000000 4.500000 0.866025 1
42.000000 24.248711 41.500000 25.114737 1
28.500000 2.598076 28.000000 3.464102 1
6.500000 6.062178 7.500000 6.062178 1
28.000000 0.000000 29.000000 0.000000 1
10.500000 7.794229 11.000000 8.660254 1
24.500000 25.114737 25.500000 25.114737 1
37.000000 22.516660 36.500000 23.382686 1
27.000000 3.464102 28.000000 3.464102 1
33.500000 9.526279 34.500000 9.526279 1
29.000000 0.000000 28.500000 0.866025 1
23.500000 7.794229 24.500000 7.794229 1
27.000000 15.588457 28.000000 15.588457 1
31.500000 2.598076 32.500000 2.598076 1
13.500000 21.650635 13.000000 22.516660 1
23.000000 19.052559 24.000000 19.052559 1
29.000000 10.392305 29.500000 11.258330 1
24.500000 18.186533 25.500000 18.186533 1
26.000000 22.516660 27.000000 22.516660 1
8.500000 9.526279 9.000000 10.392305 1
26.500000 23.382686 26.000000 24.248711 1
15.500000 4.330127 15.000000 5.196152 1
4.500000 6.062178 5.500000 6.062178 1
8.000000 0.000000 9.000000 0.000000 1
2.500000 2.598076 3.000000 3.464102 1
31.500000 11.258330 32.500000 11.258330 1
12.500000 2.598076 12.000000 3.464102 1
17.500000 19.918584 17.000000 20.784610 1
27.000000 13.856406 28.000000 13.856406 1
28.000000 1.732051 27.500000 2.598076 1
42.500000 23.382686 43.500000 23.382686 1
18.500000 19.918584 19.500000 19.918584 1
25.500000 2.598076 25.000000 3.464102 1
27.000000 19.052559 28.000000 19.052559 1
23.000000 6.928203 22.500000 7.794229 1
8.000000 5.196152 7.500000 6.062178 1
36.000000 10.392305 35.500000 11.258330 1
16.500000 25.114737 16.000000 25.980762 1
19.000000 6.928203 18.500000 7.794229 1
33.500000 11.258330 34.500000 11.258330 1
35.500000 7.794229 35.000000 8.660254 1
20.000000 20.784610 19.500000 21.650635 1
29.500000 0.866025 29.000000 1.732051 1
35.000000 13.856406 36.000000 13.856406 1
14.500000 25.114737 15.500000 25.114737 1
18.000000 19.052559 18.500000 19.918584 1
31.500000 4.330127 32.000000 5.196152 1
17.500000 26.846788 18.500000 26.846788 1
7.000000 0.000000 7.500000 0.866025 1
37.500000 12.990381 37.000000 13.856406 1
25.500000 21.650635 26.500000 21.650635 1
41.000000 17.320508 10.000000 17.320508 1
9.500000 16.454483 10.500000 16.454483 1
23.000000 5.196152 24.000000 5.196152 1
18.000000 10.392305 18.500000 11.258330 1
25.000000 20.784610 25.500000 21.650635 1
29.000000 6.928203 29.500000 7.794229 1
27.500000 18.186533 28.000000 19.052559 1
23.500000 18.186533 24.500000 18.186533 1
11.500000 9.526279 11.000000 10.392305 1
6.500000 4.330127 6.000000 5.196152 1
5.500000 4.330127 6.500000 4.330127 1
42.500000 26.846788 27.000000 0.000000 1
28.000000 6.928203 28.500000 7.794229 1
15.000000 17.320508 15.500000 18.186533 1
27.500000 12.990381 28.000000 13.856406 1
19.000000 5.196152 19.500000 6.062178 1
18.000000 20.784610 17.500000 21.650635 1
30.000000 0.000000 29.500000 0.866025 1
27.500000 7.794229 28.500000 7.794229 1
44.500000 23.382686 13.500000 23.382686 1
44.000000 25.980762 44.500000 26.846788 1
28.000000 25.980762 29.000000 25.980762 1
16.000000 20.784610 17.000000 20.784610 1
19.500000 23.382686 20.500000 23.382686 1
15.000000 10.392305 14.500000 11.258330 1
41.000000 22.516660 42.000000 22.516660 1
12.500000 9.526279 13.000000 10.392305 1
24.500000 23.382686 25.000000 24.248711 1
25.000000 19.052559 26.000000 19.052559 1
6.500000 9.526279 7.500000 9.526279 1
36.000000 20.784610 36.500000 21.650635 1
10.000000 15.588457 10.500000 16.454483 1
39.500000 26.846788 24.000000 0.000000 1
22.500000 18.186533 23.500000 18.186533 1
21.000000 8.660254 20.500000 9.526279 1
12.500000 6.062178 13.000000 6.928203 1
34.000000 12.124356 35.000000 12.124356 1
38.500000 26.846788 39.500000 26.846788 1
11.500000 12.990381 12.500000 12.990381 1
15.000000 3.464102 14.500000 4.330127 1
17.500000 21.650635 17.000000 22.516660 1
8.000000 13.856406 9.000000 13.856406 1
26.000000 5.196152 25.500000 6.062178 1
16.500000 4.330127 16.000000 5.196152 1
20.500000 11.258330 21.500000 11.258330 1
6.000000 10.392305 37.500000 11.258330 1
15.500000 7.794229 15.000000 8.660254 1
36.500000 23.382686 37.500000 23.382686 1
6.500000 2.598076 7.500000 2.598076 1
39.500000 19.918584 39.000000 20.784610 1
18.000000 6.928203 18.500000 7.794229 1
16.500000 25.114737 17.000000 25.980762 1
22.000000 10.392305 21.500000 11.258330 1
38.500000 14.722432 38.000000 15.588457 1
18.000000 22.516660 17.500000 23.382686 1
16.000000 10.392305 17.000000 10.392305 1
25.000000 6.928203 26.000000 6.928203 1
31.500000 9.526279 31.000000 10.392305 1
30.500000 7.794229 31.500000 7.794229 1
44.000000 24.248711 43.500000 25.114737 1
26.000000 12.124356 27.000000 12.124356 1
21.000000 22.516660 21.500000 23.382686 1
9.500000 0.866025 9.000000 1.732051 1
30.500000 11.258330 31.500000 11.258330 1
25.500000 26.846788 26.500000 26.846788 1
19.000000 5.196152 18.500000 6.062178 1
6.000000 6.928203 7.000000 6.928203 1
14.500000 12.990381 15.000000 13.856406 1
7.000000 6.928203 8.000000 6.928203 1
26.000000 24.248711 26.500000 25.114737 1
21.000000 10.392305 21.500000 11.258330 1
16.000000 24.248711 17.000000 24.248711 1
43.500000 26.846788 27.000000 0.000000 1
22.000000 20.784610 21.500000 21.650635 1
15.500000 9.526279 16.000000 10.392305 1
27.500000 14.722432 27.000000 15.588457 1
9.500000 4.330127 10.000000 5.196152 1
18.500000 11.258330 19.500000 11.258330 1
10.500000 6.062178 11.500000 6.062178 1
9.000000 3.464102 9.500000 4.330127 1
14.000000 22.516660 14.500000 23.382686 1
38.000000 17.320508 39.000000 17.320508 1
44.500000 23.382686 45.000000 24.248711 1
27.500000 21.650635 28.500000 21.650635 1
26.500000 21.650635 27.500000 21.650635 1
17.000000 19.052559 16.500000 19.918584 1
7.500000 4.330127 7.000000 5.196152 1
29.000000 5.196152 29.500000 6.062178 1
18.000000 24.248711 17.500000 25.114737 1
20.500000 7.794229 20.000000 8.660254 1
12.000000 0.000000 13.000000 0.000000 1
8.500000 6.062178 9.500000 6.062178 1
9.000000 6.928203 8.500000 7.794229 1
22.500000 19.918584 23.000000 20.784610 1
21.500000 9.526279 21.000000 10.392305 1
23.500000 0.866025 24.000000 1.732051 1
11.500000 4.330127 12.500000 4.330127 1
5.500000 2.598076 6.500000 2.598076 1
21.500000 25.114737 22.500000 25.114737 1
9.500000 11.258330 10.500000 11.258330 1
43.000000 24.248711 43.500000 25.114737 1
25.500000 19.918584 26.000000 20.784610 1
27.000000 10.392305 28.000000 10.392305 1
6.500000 9.526279 6.000000 10.392305 1
30.500000 0.866025 31.000000 1.732051 1
26.000000 3.464102 26.500000 4.330127 1
9.500000 7.794229 10.500000 7.794229 1
15.000000 6.928203 14.500000 7.794229 1
8.000000 0.000000 8.500000 0.866025 1
37.000000 13.856406 37.500000 14.722432 1
16.000000 24.248711 15.500000 25.114737 1
18.000000 5.196152 18.500000 6.062178 1
7.500000 9.526279 8.000000 10.392305 1
25.000000 5.196152 24.500000 6.062178 1
21.000000 24.248711 20.500000 25.114737 1
18.500000 23.382686 18.000000 24.248711 1
24.500000 2.598076 25.000000 3.464102 1
11.500000 0.866025 12.500000 0.866025 1
38.500000 14.722432 39.000000 15.588457 1
19.000000 20.784610 20.000000 20.784610 1
29.000000 3.464102 28.500000 4.330127 1
12.500000 6.062178 12.000000 6.928203 1
3.000000 0.000000 4.000000 0.000000 1
20.500000 9.526279 21.500000 9.526279 1
33.500000 11.258330 33.000000 12.124356 1
23.500000 2.598076 24.000000 3.464102 1
16.000000 17.320508 17.000000 17.320508 1
15.500000 4.330127 16.500000 4.330127 1
24.000000 0.000000 25.000000 0.000000 1
4.000000 3.464102 4.500000 4.330127 1
18.000000 3.464102 17.500000 4.330127 1
26.500000 21.650635 26.000000 22.516660 1
25.500000 0.866025 26.500000 0.866025 1
30.500000 6.062178 30.000000 6.928203 1
27.000000 13.856406 27.500000 14.722432 1
35.500000 18.186533 36.000000 19.052559 1
24.000000 24.248711 23.500000 25.114737 1
28.500000 4.330127 28.000000 5.196152 1
26.500000 2.598076 27.500000 2.598076 1
15.500000 25.114737 16.500000 25.114737 1
11.500000 6.062178 11.000000 6.928203 1
4.500000 2.598076 4.000000 3.464102 1
3.500000 6.062178 4.500000 6.062178 1
36.500000 12.990381 37.000000 13.856406 1
13.500000 12.990381 14.500000 12.990381 1
24.000000 17.320508 23.500000 18.186533 1
34.000000 5.196152 33.500000 6.062178 1
42.500000 26.846788 43.500000 26.846788 1
28.500000 12.990381 29.500000 12.990381 1
42.500000 23.382686 43.000000 24.248711 1
25.500000 4.330127 25.000000 5.196152 1
25.500000 2.598076 26.500000 2.598076 1
41.500000 19.918584 42.000000 20.784610 1
43.000000 25.980762 42.500000 26.846788 1
31.000000 1.732051 30.500000 2.598076 1
8.000000 3.464102 8.500000 4.330127 1
10.500000 6.062178 11.000000 6.928203 1
30.500000 0.866025 31.500000 0.866025 1
29.000000 15.588457 28.500000 16.454483 1
5.000000 6.928203 6.000000 6.928203 1
17.500000 19.918584 18.500000 19.918584 1
7.500000 2.598076 7.000000 3.464102 1
16.500000 23.382686 17.500000 23.382686 1
7.000000 10.392305 8.000000 10.392305 1
36.000000 15.588457 35.500000 16.454483 1
36.500000 21.650635 37.000000 22.516660 1
12.000000 17.320508 13.000000 17.320508 1
11.500000 18.186533 12.500000 18.186533 1
15.000000 15.588457 14.500000 16.454483 1
46.500000 26.846788 30.000000 0.000000 1
3.500000 4.330127 4.000000 5.196152 1
15.500000 26.846788 16.500000 26.846788 1
42.000000 24.248711 43.000000 24.248711 1
28.000000 20.784610 27.500000 21.650635 1
28.000000 13.856406 28.500000 14.722432 1
21.000000 22.516660 22.000000 22.516660 1
17.500000 23.382686 17.000000 24.248711 1
11.500000 4.330127 11.000000 5.196152 1
9.500000 14.722432 10.000000 15.588457 1
22.000000 20.784610 22.500000 21.650635 1
41.500000 19.918584 42.500000 19.918584 1
23.500000 19.918584 23.000000 20.784610 1
41.500000 23.382686 42.500000 23.382686 1
17.500000 25.114737 18.500000 25.114737 1
41.500000 21.650635 42.500000 21.650635 1
26.000000 10.392305 26.500000 11.258330 1
14.500000 25.114737 46.000000 25.980762 1
37.500000 11.258330 38.000000 12.124356 1
24.500000 23.382686 25.500000 23.382686 1
13.500000 11.258330 13.000000 12.124356 1
35.000000 20.784610 34.500000 21.650635 1
23.500000 18.186533 24.000000 19.052559 1
12.000000 17.320508 11.500000 18.186533 1
18.500000 9.526279 18.000000 10.392305 1
10.500000 6.062178 10.000000 6.928203 1
13.000000 6.928203 14.000000 6.928203 1
32.500000 7.794229 32.000000 8.660254 1
17.000000 20.784610 17.500000 21.650635 1
25.000000 3.464102 25.500000 4.330127 1
20.500000 26.846788 21.500000 26.846788 1
13.500000 23.382686 14.500000 23.382686 1
22.000000 6.928203 21.500000 7.794229 1
38.500000 19.918584 39.000000 20.784610 1
39.000000 20.784610 39.500000 21.650635 1
39.500000 14.722432 39.000000 15.588457 1
33.500000 6.062178 33.000000 6.928203 1
12.500000 7.794229 13.000000 8.660254 1
28.000000 15.588457 27.500000 16.454483 1
28.500000 21.650635 28.000000 22.516660 1
16.500000 4.330127 17.500000 4.330127 1
29.000000 12.124356 28.500000 12.990381 1
16.000000 1.732051 15.500000 2.598076 1
44.500000 25.114737 44.000000 25.980762 1
23.500000 4.330127 23.000000 5.196152 1
11.000000 3.464102 12.000000 3.464102 1
11.500000 2.598076 12.000000 3.464102 1
45.000000 24.248711 45.500000 25.114737 1
14.500000 18.186533 14.000000 19.052559 1
39.000000 17.320508 38.500000 18.186533 1
16.000000 8.660254 15.500000 9.526279 1
21.500000 23.382686 22.000000 24.248711 1
12.500000 19.918584 12.000000 20.784610 1
22.000000 5.196152 22.500000 6.062178 1
29.000000 10.392305 30.000000 10.392305 1
25.500000 4.330127 26.000000 5.196152 1
25.000000 3.464102 26.000000 3.464102 1
17.500000 11.258330 18.500000 11.258330 1
30.000000 0.000000 30.500000 0.866025 1
14.000000 6.928203 15.000000 6.928203 1
36.500000 9.526279 37.000000 10.392305 1
38.500000 12.990381 7.500000 12.990381 1
23.000000 6.928203 23.500000 7.794229 1
4.000000 0.000000 4.500000 0.866025 1
17.000000 20.784610 16.500000 21.650635 1
14.000000 10.392305 14.500000 11.258330 1
35.000000 6.928203 35.500000 7.794229 1
2.000000 3.464102 33.500000 4.330127 1
24.500000 4.330127 25.000000 5.196152 1
37.500000 21.650635 38.500000 21.650635 1
27.000000 20.784610 26.500000 21.650635 1
34.000000 12.124356 34.500000 12.990381 1
44.000000 22.516660 44.500000 23.382686 1
16.000000 10.392305 15.500000 11.258330 1
3.000000 3.464102 2.500000 4.330127 1
8.500000 7.794229 8.000000 8.660254 1
10.000000 3.464102 9.500000 4.330127 1
30.000000 3.464102 31.000000 3.464102 1
38.500000 26.846788 23.000000 0.000000 1
27.500000 6.062178 28.000000 6.928203 1
14.500000 11.258330 14.000000 12.124356 1
34.000000 10.392305 35.000000 10.392305 1
33.500000 9.526279 33.000000 10.392305 1
40.000000 24.248711 39.500000 25.114737 1
22.000000 10.392305 23.000000 10.392305 1
42.500000 25.114737 43.500000 25.114737 1
27.000000 17.320508 26.500000 18.186533 1
16.500000 18.186533 17.500000 18.186533 1
13.500000 14.722432 14.500000 14.722432 1
43.500000 21.650635 43.000000 22.516660 1
11.000000 10.392305 11.500000 11.258330 1
28.000000 10.392305 29.000000 10.392305 1
25.500000 6.062178 25.000000 6.928203 1
23.500000 25.114737 24.500000 25.114737 1
27.000000 10.392305 26.500000 11.258330 1
44.500000 23.382686 44.000000 24.248711 1
28.000000 20.784610 29.000000 20.784610 1
34.000000 6.928203 34.500000 7.794229 1
24.000000 25.980762 25.000000 25.980762 1
13.500000 2.598076 14.000000 3.464102 1
21.500000 6.062178 22.500000 6.062178 1
27.000000 22.516660 26.500000 23.382686 1
30.000000 10.392305 31.000000 10.392305 1
11.000000 12.124356 12.000000 12.124356 1
21.500000 19.918584 21.000000 20.784610 1
9.000000 10.392305 8.500000 11.258330 1
32.500000 11.258330 32.000000 12.124356 1
15.500000 18.186533 16.000000 19.052559 1
9.500000 16.454483 41.000000 17.320508 1
33.500000 4.330127 33.000000 5.196152 1
25.000000 19.052559 24.500000 19.918584 1
20.000000 5.196152 19.500000 6.062178 1
13.500000 4.330127 13.000000 5.196152 1
25.000000 25.980762 25.500000 26.846788 1
19.500000 6.062178 19.000000 6.928203 1
23.000000 17.320508 23.500000 18.186533 1
28.000000 12.124356 27.500000 12.990381 1
33.000000 6.928203 33.500000 7.794229 1
20.500000 19.918584 20.000000 20.784610 1
16.500000 6.062178 17.000000 6.928203 1
23.500000 21.650635 23.000000 22.516660 1
40.500000 26.846788 25.000000 0.000000 1
27.000000 5.196152 28.000000 5.196152 1
31.000000 8.660254 32.000000 8.660254 1
38.000000 13.856406 38.500000 14.722432 1
12.500000 14.722432 13.000000 15.588457 1
17.500000 18.186533 18.500000 18.186533 1
5.500000 0.866025 6.500000 0.866025 1
26.000000 19.052559 27.000000 19.052559 1
15.000000 10.392305 15.500000 11.258330 1
34.500000 11.258330 34.000000 12.124356 1
23.500000 19.918584 24.000000 20.784610 1
7.000000 0.000000 6.500000 0.866025 1
35.500000 21.650635 36.000000 22.516660 1
24.000000 0.000000 24.500000 0.866025 1
21.000000 20.784610 21.500000 21.650635 1
14.500000 4.330127 15.000000 5.196152 1
36.500000 9.526279 36.000000 10.392305 1
29.500000 9.526279 29.000000 10.392305 1
14.500000 12.990381 14.000000 13.856406 1
19.000000 25.980762 20.000000 25.980762 1
23.500000 19.918584 24.500000 19.918584 1
11.500000 12.990381 11.000000 13.856406 1
40.000000 19.052559 40.500000 19.918584 1
7.500000 11.258330 8.500000 11.258330 1
10.500000 9.526279 11.000000 10.392305 1
26.000000 0.000000 25.500000 0.866025 1
39.500000 19.918584 40.500000 19.918584 1
36.000000 22.516660 37.000000 22.516660 1
11.000000 13.856406 11.500000 14.722432 1
22.000000 25.980762 22.500000 26.846788 1
13.500000 0.866025 14.000000 1.732051 1
15.000000 6.928203 15.500000 7.794229 1
10.500000 16.454483 10.000000 17.320508 1
20.500000 11.258330 21.000000 12.124356 1
17.500000 26.846788 1.000000 0.000000 1
20.500000 21.650635 20.000000 22.516660 1
15.500000 18.186533 16.500000 18.186533 1
22.500000 19.918584 22.000000 20.784610 1
8.000000 3.464102 9.000000 3.464102 1
37.000000 12.124356 37.500000 12.990381 1
39.500000 23.382686 39.000000 24.248711 1
29.500000 9.526279 30.000000 10.392305 1
10.500000 9.526279 11.500000 9.526279 1
17.000000 8.660254 17.500000 9.526279 1
26.000000 12.124356 26.500000 12.990381 1
39.500000 25.114737 39.000000 25.980762 1
15.000000 1.732051 16.000000 1.732051 1
18.500000 21.650635 19.000000 22.516660 1
9.500000 12.990381 10.000000 13.856406 1
22.000000 1.732051 23.000000 1.732051 1
9.500000 12.990381 10.500000 12.990381 1
11.500000 11.258330 11.000000 12.124356 1
36.000000 17.320508 35.500000 18.186533 1
1.000000 1.732051 32.500000 2.598076 1
17.500000 11.258330 18.000000 12.124356 1
27.500000 21.650635 28.000000 22.516660 1
35.500000 19.918584 36.500000 19.918584 1
35.000000 12.124356 34.500000 12.990381 1
16.500000 21.650635 17.000000 22.516660 1
13.500000 16.454483 14.500000 16.454483 1
11.500000 14.722432 12.500000 14.722432 1
41.000000 20.784610 41.500000 21.650635 1
13.000000 1.732051 13.500000 2.598076 1
16.000000 20.784610 16.500000 21.650635 1
24.000000 3.464102 23.500000 4.330127 1
10.000000 5.196152 10.500000 6.062178 1
16.000000 1.732051 16.500000 2.598076 1
32.000000 1.732051 1.000000 1.732051 1
22.500000 2.598076 23.500000 2.598076 1
26.500000 0.866025 27.500000 0.866025 1
18.500000 4.330127 19.500000 4.330127 1
36.500000 16.454483 37.000000 17.320508 1
11.000000 8.660254 12.000000 8.660254 1
31.500000 7.794229 31.000000 8.660254 1
22.500000 18.186533 23.000000 19.052559 1
20.500000 6.062178 20.000000 6.928203 1
15.500000 19.918584 16.000000 20.784610 1
13.000000 15.588457 14.000000 15.588457 1
20.500000 19.918584 21.000000 20.784610 1
40.500000 23.382686 40.000000 24.248711 1
5.000000 1.732051 6.000000 1.732051 1
29.000000 8.660254 29.500000 9.526279 1
20.500000 7.794229 21.500000 7.794229 1
16.000000 17.320508 15.500000 18.186533 1
37.000000 10.392305 6.000000 10.392305 1
13.500000 23.382686 45.000000 24.248711 1
14.500000 7.794229 14.000000 8.660254 1
15.500000 26.846788 0.000000 0.000000 1
24.000000 25.980762 24.500000 26.846788 1
35.000000 6.928203 34.500000 7.794229 1
11.000000 17.320508 11.500000 18.186533 1
18.500000 19.918584 18.000000 20.784610 1
17.000000 8.660254 16.500000 9.526279 1
31.000000 3.464102 31.500000 4.330127 1
41.500000 23.382686 42.000000 24.248711 1
32.000000 5.196152 33.000000 5.196152 1
14.000000 22.516660 13.500000 23.382686 1
8.000000 10.392305 7.500000 11.258330 1
26.000000 22.516660 26.500000 23.382686 1
30.500000 2.598076 30.000000 3.464102 1
22.000000 20.784610 23.000000 20.784610 1
23.000000 0.000000 23.500000 0.866025 1
7.000000 10.392305 6.500000 11.258330 1
43.000000 20.784610 12.000000 20.784610 1
31.500000 0.866025 31.000000 1.732051 1
15.500000 4.330127 16.000000 5.196152 1
37.500000 16.454483 38.000000 17.320508 1
19.000000 22.516660 19.500000 23.382686 1
18.500000 23.382686 19.500000 23.382686 1
35.500000 12.990381 35.000000 13.856406 1
8.500000 7.794229 9.500000 7.794229 1
16.000000 6.928203 16.500000 7.794229 1
22.500000 25.114737 22.000000 25.980762 1
18.000000 17.320508 17.500000 18.186533 1
43.000000 20.784610 43.500000 21.650635 1
37.000000 20.784610 37.500000 21.650635 1
19.000000 12.124356 19.500000 12.990381 2
31.500000 25.114737 31.000000 25.980762 3
32.500000 19.918584 32.000000 20.784610 4
31.500000 19.918584 32.000000 20.784610 4
31.500000 19.918584 32.500000 19.918584 4
32.500000 14.722432 33.000000 15.588457 5
32.500000 14.722432 32.000000 15.588457 5
32.000000 15.588457 33.000000 15.588457 5
29.000000 19.052559 30.000000 19.052559 6
32.500000 12.990381 33.500000 12.990381 7
29.500000 25.114737 30.500000 25.114737 8
30.000000 24.248711 31.000000 24.248711 8
32.000000 24.248711 31.500000 25.114737 8
30.000000 24.248711 29.500000 25.114737 8
31.500000 23.382686 32.000000 24.248711 8
30.500000 23.382686 31.000000 24.248711 8
31.000000 24.248711 31.500000 25.114737 8
30.500000 25.114737 31.500000 25.114737 8
30.500000 23.382686 31.500000 23.382686 8
30.500000 23.382686 30.000000 24.248711 8
31.500000 23.382686 31.000000 24.248711 8
30.000000 24.248711 30.500000 25.114737 8
31.000000 24.248711 30.500000 25.114737 8
23.500000 11.258330 24.500000 11.258330 9
24.000000 10.392305 23.500000 11.258330 9
24.000000 10.392305 24.500000 11.258330 9
25.000000 13.856406 26.000000 13.856406 10
28.500000 12.990381 29.000000 13.856406 11
20.000000 15.588457 20.500000 16.454483 12
16.000000 1.732051 17.000000 1.732051 13
20.000000 15.588457 19.500000 16.454483 14
33.000000 24.248711 34.000000 24.248711 15
34.000000 24.248711 33.500000 25.114737 15
33.000000 24.248711 33.500000 25.114737 15
24.500000 9.526279 25.000000 10.392305 16
33.500000 18.186533 34.000000 19.052559 17
30.000000 25.980762 29.500000 26.846788 18
30.000000 25.980762 31.000000 25.980762 18
30.000000 25.980762 30.500000 26.846788 18
29.500000 26.846788 30.500000 26.846788 18
31.000000 25.980762 30.500000 26.846788 18
14.500000 0.866025 15.500000 0.866025 19
33.500000 19.918584 34.000000 20.784610 20
32.500000 19.918584 33.500000 19.918584 20
32.500000 19.918584 33.000000 20.784610 20
33.000000 20.784610 34.000000 20.784610 20
33.500000 19.918584 33.000000 20.784610 20
19.000000 13.856406 20.000000 13.856406 21
18.500000 12.990381 18.000000 13.856406 21
19.500000 12.990381 20.000000 13.856406 21
19.500000 12.990381 19.000000 13.856406 21
18.500000 12.990381 19.000000 13.856406 21
17.500000 12.990381 18.500000 12.990381 21
18.500000 12.990381 19.500000 12.990381 21
17.000000 13.856406 18.000000 13.856406 21
17.500000 12.990381 17.000000 13.856406 21
17.500000 12.990381 18.000000 13.856406 21
18.000000 13.856406 19.000000 13.856406 21
16.500000 12.990381 17.000000 13.856406 21
16.500000 12.990381 17.500000 12.990381 21
24.500000 14.722432 25.500000 14.722432 22
25.000000 13.856406 24.500000 14.722432 22
25.000000 13.856406 25.500000 14.722432 22
19.500000 18.186533 20.500000 18.186533 23
18.500000 18.186533 19.500000 18.186533 23
21.000000 17.320508 20.500000 18.186533 23
20.000000 17.320508 20.500000 18.186533 23
19.000000 17.320508 20.000000 17.320508 23
20.000000 17.320508 19.500000 18.186533 23
19.000000 17.320508 18.500000 18.186533 23
19.000000 17.320508 19.500000 18.186533 23
20.000000 17.320508 21.000000 17.320508 23
21.000000 0.000000 21.500000 0.866025 24
26.500000 14.722432 27.000000 15.588457 25
33.500000 25.114737 34.500000 25.114737 26
33.500000 25.114737 34.000000 25.980762 26
34.500000 25.114737 34.000000 25.980762 26
18.500000 2.598076 18.000000 3.464102 27
29.500000 14.722432 29.000000 15.588457 28
26.000000 13.856406 27.000000 13.856406 29
37.000000 25.980762 36.500000 26.846788 30
20.000000 0.000000 20.500000 0.866025 30
36.500000 26.846788 20.000000 0.000000 30
21.000000 0.000000 20.500000 0.866025 30
37.000000 25.980762 37.500000 26.846788 30
37.500000 26.846788 21.000000 0.000000 30
20.000000 0.000000 21.000000 0.000000 30
36.500000 26.846788 37.500000 26.846788 30
36.500000 26.846788 21.000000 0.000000 30
21.500000 14.722432 22.500000 14.722432 31
21.500000 14.722432 22.000000 15.588457 31
22.500000 14.722432 22.000000 15.588457 31
18.500000 14.722432 19.500000 14.722432 32
19.500000 14.722432 19.000000 15.588457 32
18.500000 14.722432 19.000000 15.588457 32
24.000000 13.856406 24.500000 14.722432 33
23.000000 13.856406 24.000000 13.856406 34
22.000000 12.124356 22.500000 12.990381 34
24.000000 12.124356 24.500000 12.990381 34
23.500000 11.258330 23.000000 12.124356 34
22.500000 11.258330 23.000000 12.124356 34
22.500000 11.258330 23.500000 11.258330 34
22.500000 11.258330 22.000000 12.124356 34
22.000000 12.124356 23.000000 12.124356 34
23.500000 11.258330 24.000000 12.124356 34
24.500000 12.990381 24.000000 13.856406 34
22.500000 12.990381 23.500000 12.990381 34
22.500000 12.990381 23.000000 13.856406 34
23.500000 12.990381 24.500000 12.990381 34
24.000000 12.124356 23.500000 12.990381 34
23.500000 12.990381 24.000000 13.856406 34
23.000000 12.124356 24.000000 12.124356 34
23.500000 12.990381 23.000000 13.856406 34
22.000000 15.588457 23.000000 15.588457 35
33.500000 26.846788 17.000000 0.000000 36
18.000000 0.000000 17.500000 0.866025 36
33.500000 26.846788 18.000000 0.000000 36
17.000000 0.000000 18.000000 0.000000 36
17.000000 0.000000 17.500000 0.866025 36
30.500000 16.454483 30.000000 17.320508 37
29.500000 16.454483 30.000000 17.320508 37
29.500000 16.454483 30.500000 16.454483 37
4.500000 7.794229 5.000000 8.660254 38
35.000000 25.980762 36.000000 25.980762 39
36.000000 25.980762 35.500000 26.846788 39
35.000000 25.980762 35.500000 26.846788 39
21.000000 19.052559 20.500000 19.918584 40
32.000000 19.052559 31.500000 19.918584 41
33.500000 21.650635 33.000000 22.516660 42
33.000000 22.516660 34.000000 22.516660 42
32.500000 21.650635 33.500000 21.650635 42
32.500000 21.650635 33.000000 22.516660 42
33.500000 21.650635 34.000000 22.516660 42
18.000000 0.000000 19.000000 0.000000 43
36.000000 24.248711 35.500000 25.114737 44
36.000000 24.248711 36.500000 25.114737 44
35.000000 24.248711 36.000000 24.248711 44
37.000000 24.248711 36.500000 25.114737 44
35.500000 25.114737 36.500000 25.114737 44
36.000000 24.248711 37.000000 24.248711 44
36.500000 23.382686 36.000000 24.248711 44
35.000000 24.248711 35.500000 25.114737 44
36.500000 23.382686 37.000000 24.248711 44
15.500000 14.722432 16.500000 14.722432 45
36.000000 8.660254 36.500000 9.526279 46
24.500000 14.722432 25.000000 15.588457 47
31.500000 21.650635 32.500000 21.650635 48
23.500000 9.526279 24.500000 9.526279 49
30.000000 17.320508 31.000000 17.320508 50
38.000000 25.980762 39.000000 25.980762 51
21.500000 18.186533 21.000000 19.052559 52
30.000000 20.784610 30.500000 21.650635 53
29.500000 21.650635 30.500000 21.650635 53
31.000000 20.784610 30.500000 21.650635 53
30.000000 20.784610 31.000000 20.784610 53
30.000000 20.784610 29.500000 21.650635 53
30.500000 21.650635 31.000000 22.516660 54
30.000000 22.516660 31.000000 22.516660 54
30.500000 21.650635 30.000000 22.516660 54
31.000000 13.856406 30.500000 14.722432 55
30.500000 14.722432 31.500000 14.722432 55
31.000000 13.856406 31.500000 14.722432 55
14.000000 0.000000 14.500000 0.866025 56
15.000000 0.000000 14.500000 0.866025 56
14.000000 0.000000 15.000000 0.000000 56
31.500000 25.114737 32.500000 25.114737 57
32.500000 25.114737 32.000000 25.980762 57
31.500000 25.114737 32.000000 25.980762 57
29.000000 22.516660 30.000000 22.516660 58
15.000000 15.588457 16.000000 15.588457 59
32.000000 24.248711 33.000000 24.248711 60
32.000000 20.784610 31.500000 21.650635 61
34.500000 19.918584 35.000000 20.784610 62
37.000000 24.248711 37.500000 25.114737 63
35.000000 17.320508 34.500000 18.186533 64
21.000000 12.124356 21.500000 12.990381 65
2.000000 0.000000 3.000000 0.000000 66
29.000000 22.516660 28.500000 23.382686 67
20.000000 13.856406 21.000000 13.856406 68
26.000000 8.660254 27.000000 8.660254 69
37.500000 25.114737 38.000000 25.980762 70
32.500000 23.382686 33.000000 24.248711 71
16.500000 14.722432 17.500000 14.722432 72
32.500000 26.846788 33.500000 26.846788 73
33.000000 25.980762 33.500000 26.846788 73
33.000000 25.980762 32.500000 26.846788 73
16.000000 0.000000 15.500000 0.866025 74
16.000000 13.856406 17.000000 13.856406 75
25.000000 10.392305 26.000000 10.392305 76
31.000000 22.516660 32.000000 22.516660 77
32.000000 22.516660 31.500000 23.382686 77
31.000000 22.516660 31.500000 23.382686 77
24.000000 10.392305 25.000000 10.392305 78
31.000000 19.052559 30.500000 19.918584 79
12.000000 3.464102 13.000000 3.464102 80
35.500000 16.454483 35.000000 17.320508 81
33.000000 22.516660 32.500000 23.382686 82
33.000000 22.516660 33.500000 23.382686 82
32.500000 23.382686 33.500000 23.382686 82
24.000000 8.660254 25.000000 8.660254 83
24.500000 11.258330 25.000000 12.124356 84
16.000000 13.856406 15.500000 14.722432 85
2.000000 0.000000 1.500000 0.866025 86
34.500000 23.382686 35.500000 23.382686 87
35.500000 23.382686 35.000000 24.248711 87
34.500000 23.382686 35.000000 24.248711 87
35.500000 26.846788 20.000000 0.000000 88
19.000000 0.000000 20.000000 0.000000 88
35.500000 26.846788 19.000000 0.000000 88
16.500000 16.454483 16.000000 17.320508 89
27.500000 23.382686 27.000000 24.248711 90
14.500000 0.866025 15.000000 1.732051 91
33.000000 15.588457 34.000000 15.588457 92
33.500000 23.382686 34.500000 23.382686 93
28.000000 24.248711 28.500000 25.114737 94
30.000000 17.320508 29.500000 18.186533 95
29.000000 17.320508 30.000000 17.320508 95
29.000000 17.320508 29.500000 18.186533 95
32.000000 15.588457 32.500000 16.454483 96
31.500000 16.454483 32.500000 16.454483 96
32.000000 15.588457 31.500000 16.454483 96
41.000000 25.980762 41.500000 26.846788 97
31.500000 12.990381 32.000000 13.856406 98
31.500000 12.990381 32.500000 12.990381 98
32.500000 12.990381 32.000000 13.856406 98
31.000000 15.588457 32.000000 15.588457 99
17.000000 12.124356 16.500000 12.990381 100
24.000000 13.856406 23.500000 14.722432 101
37.500000 23.382686 38.500000 23.382686 102
29.500000 14.722432 30.000000 15.588457 103
22.500000 16.454483 22.000000 17.320508 104
21.500000 16.454483 22.500000 16.454483 104
21.500000 16.454483 22.000000 17.320508 104
22.000000 17.320508 21.500000 18.186533 105
32.500000 18.186533 33.500000 18.186533 106
31.500000 14.722432 32.000000 15.588457 107
25.500000 14.722432 26.000000 15.588457 108
14.500000 6.062178 15.000000 6.928203 109
35.000000 24.248711 34.500000 25.114737 110
36.000000 25.980762 36.500000 26.846788 111
36.500000 25.114737 37.000000 25.980762 112
33.500000 26.846788 34.500000 26.846788 113
35.000000 19.052559 34.500000 19.918584 114
16.500000 14.722432 17.000000 15.588457 115
37.500000 26.846788 38.500000 26.846788 116
18.500000 2.598076 19.000000 3.464102 117
15.500000 0.866025 16.500000 0.866025 118
16.500000 0.866025 16.000000 1.732051 118
15.500000 0.866025 16.000000 1.732051 118
19.500000 16.454483 20.000000 17.320508 119
31.500000 21.650635 32.000000 22.516660 120
24.000000 15.588457 23.500000 16.454483 121
32.000000 13.856406 33.000000 13.856406 122
1.500000 0.866025 2.500000 0.866025 123
1.500000 0.866025 2.000000 1.732051 123
2.500000 0.866025 2.000000 1.732051 123
16.000000 12.124356 16.500000 12.990381 124
30.500000 16.454483 31.500000 16.454483 125
31.000000 19.052559 32.000000 19.052559 126
32.000000 17.320508 32.500000 18.186533 126
32.500000 18.186533 33.000000 19.052559 126
31.500000 18.186533 32.000000 19.052559 126
31.500000 18.186533 32.500000 18.186533 126
32.000000 17.320508 31.500000 18.186533 126
32.500000 18.186533 32.000000 19.052559 126
31.500000 18.186533 31.000000 19.052559 126
32.000000 19.052559 33.000000 19.052559 126
29.000000 13.856406 29.500000 14.722432 127
23.000000 10.392305 23.500000 11.258330 128
29.000000 8.660254 28.500000 9.526279 129
34.000000 19.052559 33.500000 19.918584 130
5.500000 7.794229 6.000000 8.660254 131
32.000000 25.980762 31.500000 26.846788 132
30.500000 14.722432 31.000000 15.588457 133
20.500000 14.722432 21.000000 15.588457 134
30.000000 15.588457 29.500000 16.454483 135
26.000000 13.856406 26.500000 14.722432 136
25.500000 11.258330 25.000000 12.124356 137
19.500000 2.598076 20.000000 3.464102 138
22.500000 16.454483 23.500000 16.454483 139
17.500000 0.866025 18.500000 0.866025 140
17.500000 0.866025 17.000000 1.732051 140
17.500000 0.866025 18.000000 1.732051 140
18.500000 0.866025 18.000000 1.732051 140
17.000000 1.732051 18.000000 1.732051 140
20.000000 12.124356 19.500000 12.990381 141
19.000000 15.588457 19.500000 16.454483 142
18.000000 1.732051 18.500000 2.598076 143
25.500000 12.990381 25.000000 13.856406 144
24.000000 15.588457 25.000000 15.588457 145
31.500000 16.454483 31.000000 17.320508 146
38.000000 24.248711 38.500000 25.114737 147
37.500000 25.114737 38.500000 25.114737 147
38.000000 24.248711 37.500000 25.114737 147
35.500000 21.650635 35.000000 22.516660 148
30.500000 26.846788 31.500000 26.846788 149
20.500000 18.186533 21.500000 18.186533 150
25.500000 9.526279 25.000000 10.392305 151
35.500000 18.186533 35.000000 19.052559 152
34.500000 18.186533 35.000000 19.052559 152
34.500000 18.186533 35.500000 18.186533 152
20.500000 12.990381 20.000000 13.856406 153
34.000000 12.124356 33.500000 12.990381 154
30.500000 12.990381 30.000000 13.856406 155
37.500000 25.114737 37.000000 25.980762 156
16.000000 15.588457 17.000000 15.588457 157
19.500000 14.722432 20.000000 15.588457 158
19.500000 14.722432 20.500000 14.722432 158
20.500000 14.722432 20.000000 15.588457 158
29.500000 19.918584 30.500000 19.918584 159
20.000000 1.732051 19.500000 2.598076 160
19.000000 1.732051 19.500000 2.598076 160
19.000000 1.732051 20.000000 1.732051 160
33.000000 12.124356 32.500000 12.990381 161
33.000000 20.784610 32.500000 21.650635 162
32.500000 16.454483 33.500000 16.454483 163
33.500000 16.454483 33.000000 17.320508 163
33.500000 16.454483 34.500000 16.454483 163
33.500000 16.454483 34.000000 17.320508 163
32.500000 16.454483 33.000000 17.320508 163
33.000000 17.320508 34.000000 17.320508 163
34.500000 16.454483 34.000000 17.320508 163
20.500000 11.258330 20.000000 12.124356 164
30.500000 14.722432 30.000000 15.588457 165
26.000000 8.660254 25.500000 9.526279 166
26.000000 8.660254 26.500000 9.526279 166
25.500000 9.526279 26.500000 9.526279 166
5.000000 8.660254 6.000000 8.660254 167
33.000000 19.052559 32.500000 19.918584 168
33.500000 12.990381 33.000000 13.856406 169
29.500000 25.114737 29.000000 25.980762 170
15.000000 13.856406 15.500000 14.722432 171
16.000000 12.124356 15.500000 12.990381 172
30.500000 19.918584 31.500000 19.918584 173
34.000000 20.784610 33.500000 21.650635 174
32.500000 14.722432 33.500000 14.722432 175
32.000000 13.856406 31.500000 14.722432 176
19.000000 13.856406 18.500000 14.722432 177
31.500000 26.846788 15.000000 0.000000 178
21.500000 18.186533 22.000000 19.052559 179
10.500000 18.186533 42.000000 19.052559 180
33.000000 25.980762 34.000000 25.980762 181
34.500000 21.650635 34.000000 22.516660 182
33.500000 14.722432 34.500000 14.722432 183
21.500000 16.454483 21.000000 17.320508 184
28.000000 22.516660 28.500000 23.382686 185
27.500000 9.526279 27.000000 10.392305 186
35.500000 7.794229 4.500000 7.794229 187
34.000000 22.516660 35.000000 22.516660 188
27.500000 23.382686 28.500000 23.382686 189
21.500000 14.722432 21.000000 15.588457 190
32.500000 6.062178 32.000000 6.928203 191
30.000000 22.516660 29.500000 23.382686 192
30.000000 19.052559 31.000000 19.052559 193
29.500000 23.382686 30.000000 24.248711 194
19.000000 3.464102 18.500000 4.330127 195
31.000000 20.784610 31.500000 21.650635 196
28.500000 23.382686 28.000000 24.248711 197
21.000000 13.856406 20.500000 14.722432 198
38.500000 25.114737 39.000000 25.980762 199
14.500000 16.454483 15.500000 16.454483 200
33.500000 23.382686 34.000000 24.248711 201
31.500000 12.990381 31.000000 13.856406 202
26.500000 9.526279 26.000000 10.392305 203
24.500000 12.990381 25.500000 12.990381 204
20.500000 12.990381 21.500000 12.990381 205
26.000000 24.248711 27.000000 24.248711 206
17.000000 13.856406 17.500000 14.722432 207
4.500000 7.794229 36.000000 8.660254 208
38.500000 23.382686 38.000000 24.248711 209
15.500000 12.990381 15.000000 13.856406 210
18.000000 12.124356 18.500000 12.990381 211
21.500000 12.990381 21.000000 13.856406 212
17.500000 14.722432 18.500000 14.722432 213
30.500000 19.918584 31.000000 20.784610 214
18.500000 0.866025 19.000000 1.732051 215
2.500000 0.866025 3.500000 0.866025 216
7.500000 0.866025 8.000000 1.732051 217
23.500000 9.526279 24.000000 10.392305 218
21.000000 13.856406 21.500000 14.722432 219
27.500000 18.186533 28.500000 18.186533 220
34.500000 14.722432 34.000000 15.588457 221
20.000000 13.856406 19.500000 14.722432 222
21.000000 15.588457 21.500000 16.454483 223
31.000000 17.320508 31.500000 18.186533 224
29.500000 21.650635 29.000000 22.516660 225
14.000000 0.000000 13.500000 0.866025 226
29.000000 24.248711 28.500000 25.114737 227
25.500000 14.722432 26.500000 14.722432 228
18.000000 15.588457 17.500000 16.454483 229
7.000000 1.732051 8.000000 1.732051 230
22.000000 10.392305 22.500000 11.258330 231
33.000000 17.320508 33.500000 18.186533 232
30.000000 13.856406 31.000000 13.856406 233
34.000000 15.588457 34.500000 16.454483 234
26.500000 7.794229 27.000000 8.660254 235
1.000000 1.732051 2.000000 1.732051 236
29.000000 17.320508 28.500000 18.186533 237
35.000000 25.980762 34.500000 26.846788 238
3.500000 0.866025 3.000000 1.732051 239
25.500000 11.258330 26.000000 12.124356 240
29.500000 18.186533 30.500000 18.186533 241
25.000000 8.660254 24.500000 9.526279 242
15.000000 0.000000 16.000000 0.000000 243
19.500000 2.598076 19.000000 3.464102 244
33.000000 13.856406 34.000000 13.856406 245
17.500000 14.722432 18.000000 15.588457 246
17.000000 15.588457 18.000000 15.588457 247
34.000000 22.516660 34.500000 23.382686 248
22.000000 13.856406 22.500000 14.722432 249
23.000000 15.588457 22.500000 16.454483 250
16.500000 0.866025 17.500000 0.866025 251
19.000000 0.000000 18.500000 0.866025 252
33.000000 24.248711 32.500000 25.114737 253
34.000000 13.856406 34.500000 14.722432 254
22.500000 14.722432 23.500000 14.722432 255
31.000000 17.320508 30.500000 18.186533 256
30.000000 22.516660 30.500000 23.382686 257
20.500000 0.866025 20.000000 1.732051 258
35.000000 15.588457 34.500000 16.454483 259
33.000000 19.052559 34.000000 19.052559 260
15.000000 12.124356 16.000000 12.124356 261
21.500000 12.990381 22.000000 13.856406 262
6.000000 3.464102 5.500000 4.330127 263
28.500000 16.454483 29.000000 17.320508 264
22.000000 12.124356 21.500000 12.990381 265
7.000000 1.732051 7.500000 2.598076 266
18.500000 16.454483 19.000000 17.320508 267
17.500000 16.454483 18.500000 16.454483 268
36.000000 22.516660 35.500000 23.382686 269
