32 32 32 32 32
12.500000 0.866025 13.000000 1.732051 1
10.000000 0.000000 10.500000 0.866025 2
7.000000 1.732051 6.500000 2.598076 2
27.500000 26.846788 11.000000 0.000000 2
21.500000 21.650635 22.000000 22.516660 2
21.000000 24.248711 20.500000 25.114737 2
17.000000 24.248711 17.500000 25.114737 2
20.000000 24.248711 19.500000 25.114737 2
25.000000 25.980762 24.500000 26.846788 2
22.000000 20.784610 21.500000 21.650635 2
15.500000 19.918584 16.500000 19.918584 2
3.500000 0.866025 4.000000 1.732051 2
17.000000 20.784610 18.000000 20.784610 2
9.000000 0.000000 10.000000 0.000000 2
15.000000 22.516660 14.500000 23.382686 2
16.000000 24.248711 16.500000 25.114737 2
21.500000 23.382686 22.500000 23.382686 2
21.500000 25.114737 21.000000 25.980762 2
16.000000 20.784610 16.500000 21.650635 2
18.000000 20.784610 19.000000 20.784610 2
17.500000 21.650635 17.000000 22.516660 2
27.000000 25.980762 27.500000 26.846788 2
23.000000 22.516660 23.500000 23.382686 2
20.500000 23.382686 21.000000 24.248711 2
17.500000 25.114737 18.500000 25.114737 2
20.000000 25.980762 20.500000 26.846788 2
21.500000 21.650635 22.500000 21.650635 2
6.000000 1.732051 7.000000 1.732051 2
22.000000 25.980762 23.000000 25.980762 2
8.000000 1.732051 7.500000 2.598076 2
28.500000 26.846788 12.000000 0.000000 2
5.500000 0.866025 5.000000 1.732051 2
23.000000 24.248711 24.000000 24.248711 2
19.000000 22.516660 20.000000 22.516660 2
20.500000 23.382686 21.500000 23.382686 2
4.500000 0.866025 4.000000 1.732051 2
18.500000 25.114737 18.000000 25.980762 2
16.500000 25.114737 17.500000 25.114737 2
20.500000 21.650635 20.000000 22.516660 2
27.500000 25.114737 27.000000 25.980762 2
17.000000 24.248711 16.500000 25.114737 2
3.500000 0.866025 4.500000 0.866025 2
10.500000 0.866025 11.500000 0.866025 2
24.000000 22.516660 23.500000 23.382686 2
18.000000 24.248711 18.500000 25.114737 2
8.000000 0.000000 9.000000 0.000000 2
18.500000 25.114737 19.500000 25.114737 2
5.000000 0.000000 5.500000 0.866025 2
20.500000 25.114737 21.000000 25.980762 2
24.500000 26.846788 8.000000 0.000000 2
19.000000 20.784610 18.500000 21.650635 2
25.500000 23.382686 26.000000 24.248711 2
22.500000 21.650635 23.000000 22.516660 2
25.500000 25.114737 26.500000 25.114737 2
23.500000 23.382686 24.000000 24.248711 2
6.000000 1.732051 6.500000 2.598076 2
19.000000 25.980762 19.500000 26.846788 2
25.000000 24.248711 25.500000 25.114737 2
21.000000 22.516660 22.000000 22.516660 2
23.500000 23.382686 23.000000 24.248711 2
24.000000 22.516660 25.000000 22.516660 2
14.000000 22.516660 15.000000 22.516660 2
20.500000 21.650635 21.500000 21.650635 2
18.500000 19.918584 18.000000 20.784610 2
26.000000 24.248711 26.500000 25.114737 2
21.000000 24.248711 22.000000 24.248711 2
17.000000 22.516660 16.500000 23.382686 2
19.500000 21.650635 20.500000 21.650635 2
23.500000 26.846788 24.500000 26.846788 2
19.500000 23.382686 20.000000 24.248711 2
26.000000 25.980762 27.000000 25.980762 2
22.500000 26.846788 23.500000 26.846788 2
23.000000 24.248711 22.500000 25.114737 2
11.500000 0.866025 12.500000 0.866025 2
12.000000 0.000000 12.500000 0.866025 2
18.000000 25.980762 19.000000 25.980762 2
24.500000 23.382686 25.000000 24.248711 2
15.500000 23.382686 15.000000 24.248711 2
25.500000 26.846788 10.000000 0.000000 2
4.500000 0.866025 5.500000 0.866025 2
25.500000 26.846788 26.500000 26.846788 2
10.000000 1.732051 11.000000 1.732051 2
5.500000 0.866025 6.500000 0.866025 2
19.500000 25.114737 20.000000 25.980762 2
4.000000 0.000000 4.500000 0.866025 2
14.500000 21.650635 14.000000 22.516660 2
19.500000 26.846788 4.000000 0.000000 2
22.500000 25.114737 22.000000 25.980762 2
14.000000 22.516660 14.500000 23.382686 2
8.000000 0.000000 7.500000 0.866025 2
24.500000 25.114737 24.000000 25.980762 2
20.500000 25.114737 20.000000 25.980762 2
21.500000 25.114737 22.500000 25.114737 2
15.500000 21.650635 15.000000 22.516660 2
17.500000 21.650635 18.000000 22.516660 2
23.000000 22.516660 24.000000 22.516660 2
19.000000 22.516660 19.500000 23.382686 2
7.000000 0.000000 8.000000 0.000000 2
7.500000 0.866025 8.000000 1.732051 2
17.500000 19.918584 18.000000 20.784610 2
19.500000 23.382686 20.500000 23.382686 2
23.500000 25.114737 24.000000 25.980762 2
15.500000 19.918584 16.000000 20.784610 2
6.000000 0.000000 6.500000 0.866025 2
25.000000 25.980762 26.000000 25.980762 2
18.500000 23.382686 18.000000 24.248711 2
15.000000 20.784610 14.500000 21.650635 2
14.500000 23.382686 15.000000 24.248711 2
23.000000 25.980762 24.000000 25.980762 2
11.000000 1.732051 12.000000 1.732051 2
8.500000 0.866025 9.500000 0.866025 2
19.500000 23.382686 19.000000 24.248711 2
15.000000 20.784610 15.500000 21.650635 2
23.500000 25.114737 24.500000 25.114737 2
24.000000 24.248711 24.500000 25.114737 2
20.000000 24.248711 20.500000 25.114737 2
20.000000 25.980762 19.500000 26.846788 2
22.000000 24.248711 22.500000 25.114737 2
23.000000 25.980762 23.500000 26.846788 2
14.500000 19.918584 15.500000 19.918584 2
12.500000 0.866025 12.000000 1.732051 2
22.500000 26.846788 6.000000 0.000000 2
20.500000 26.846788 5.000000 0.000000 2
15.500000 19.918584 15.000000 20.784610 2
19.500000 25.114737 20.500000 25.114737 2
24.500000 23.382686 25.500000 23.382686 2
22.500000 23.382686 22.000000 24.248711 2
27.500000 25.114737 28.500000 25.114737 2
7.000000 1.732051 7.500000 2.598076 2
19.500000 21.650635 19.000000 22.516660 2
17.500000 21.650635 18.500000 21.650635 2
24.000000 20.784610 23.500000 21.650635 2
22.000000 25.980762 22.500000 26.846788 2
18.000000 22.516660 19.000000 22.516660 2
10.000000 0.000000 9.500000 0.866025 2
16.500000 25.114737 17.000000 25.980762 2
16.000000 20.784610 17.000000 20.784610 2
6.500000 2.598076 7.500000 2.598076 2
26.500000 25.114737 26.000000 25.980762 2
19.000000 24.248711 18.500000 25.114737 2
21.500000 26.846788 22.500000 26.846788 2
8.500000 0.866025 8.000000 1.732051 2
17.000000 25.980762 18.000000 25.980762 2
20.000000 22.516660 20.500000 23.382686 2
25.000000 22.516660 25.500000 23.382686 2
24.500000 25.114737 25.000000 25.980762 2
17.000000 22.516660 17.500000 23.382686 2
25.000000 24.248711 26.000000 24.248711 2
20.500000 26.846788 4.000000 0.000000 2
28.000000 25.980762 28.500000 26.846788 2
17.500000 23.382686 18.500000 23.382686 2
8.000000 0.000000 8.500000 0.866025 2
23.000000 20.784610 24.000000 20.784610 2
18.000000 22.516660 18.500000 23.382686 2
10.500000 0.866025 11.000000 1.732051 2
5.000000 0.000000 6.000000 0.000000 2
19.000000 20.784610 19.500000 21.650635 2
27.500000 25.114737 28.000000 25.980762 2
17.000000 20.784610 17.500000 21.650635 2
16.000000 22.516660 16.500000 23.382686 2
22.000000 22.516660 21.500000 23.382686 2
11.000000 0.000000 12.000000 0.000000 2
16.500000 21.650635 17.000000 22.516660 2
6.000000 0.000000 7.000000 0.000000 2
18.500000 23.382686 19.500000 23.382686 2
26.000000 25.980762 26.500000 26.846788 2
16.500000 21.650635 17.500000 21.650635 2
17.500000 23.382686 18.000000 24.248711 2
7.500000 0.866025 8.500000 0.866025 2
28.500000 25.114737 28.000000 25.980762 2
4.500000 0.866025 5.000000 1.732051 2
22.500000 25.114737 23.500000 25.114737 2
16.500000 25.114737 16.000000 25.980762 2
24.500000 26.846788 25.500000 26.846788 2
20.000000 25.980762 21.000000 25.980762 2
11.000000 1.732051 10.500000 2.598076 2
17.500000 19.918584 18.500000 19.918584 2
22.500000 21.650635 23.500000 21.650635 2
9.500000 0.866025 10.500000 0.866025 2
21.000000 24.248711 21.500000 25.114737 2
7.500000 0.866025 7.000000 1.732051 2
16.000000 25.980762 17.000000 25.980762 2
18.000000 20.784610 18.500000 21.650635 2
7.000000 0.000000 6.500000 0.866025 2
4.000000 0.000000 3.500000 0.866025 2
25.000000 22.516660 24.500000 23.382686 2
22.000000 22.516660 23.000000 22.516660 2
15.500000 23.382686 16.000000 24.248711 2
10.000000 0.000000 11.000000 0.000000 2
25.500000 23.382686 25.000000 24.248711 2
24.500000 23.382686 24.000000 24.248711 2
7.000000 0.000000 7.500000 0.866025 2
17.500000 25.114737 18.000000 25.980762 2
24.500000 26.846788 9.000000 0.000000 2
23.500000 23.382686 24.500000 23.382686 2
6.500000 0.866025 7.500000 0.866025 2
16.500000 19.918584 17.000000 20.784610 2
15.000000 24.248711 16.000000 24.248711 2
21.000000 22.516660 21.500000 23.382686 2
26.500000 26.846788 27.500000 26.846788 2
16.000000 22.516660 15.500000 23.382686 2
21.000000 25.980762 20.500000 26.846788 2
23.000000 20.784610 22.500000 21.650635 2
11.000000 0.000000 10.500000 0.866025 2
23.000000 25.980762 22.500000 26.846788 2
21.500000 26.846788 6.000000 0.000000 2
15.500000 21.650635 16.500000 21.650635 2
11.500000 0.866025 11.000000 1.732051 2
24.500000 25.114737 25.500000 25.114737 2
26.500000 25.114737 27.500000 25.114737 2
22.500000 21.650635 22.000000 22.516660 2
5.000000 0.000000 4.500000 0.866025 2
23.500000 25.114737 23.000000 25.980762 2
12.000000 0.000000 11.500000 0.866025 2
24.000000 25.980762 24.500000 26.846788 2
18.000000 24.248711 17.500000 25.114737 2
21.000000 22.516660 20.500000 23.382686 2
16.500000 21.650635 16.000000 22.516660 2
15.000000 20.784610 16.000000 20.784610 2
24.000000 24.248711 25.000000 24.248711 2
15.500000 23.382686 16.500000 23.382686 2
10.500000 0.866025 10.000000 1.732051 2
25.500000 25.114737 25.000000 25.980762 2
20.000000 22.516660 21.000000 22.516660 2
4.000000 1.732051 5.000000 1.732051 2
20.500000 26.846788 21.500000 26.846788 2
10.000000 1.732051 10.500000 2.598076 2
9.000000 0.000000 9.500000 0.866025 2
23.000000 20.784610 23.500000 21.650635 2
27.500000 26.846788 28.500000 26.846788 2
22.500000 23.382686 23.000000 24.248711 2
22.500000 23.382686 23.500000 23.382686 2
24.000000 24.248711 23.500000 25.114737 2
22.000000 20.784610 22.500000 21.650635 2
19.500000 21.650635 20.000000 22.516660 2
26.000000 24.248711 25.500000 25.114737 2
16.500000 19.918584 17.500000 19.918584 2
22.500000 25.114737 23.000000 25.980762 2
19.000000 24.248711 19.500000 25.114737 2
24.000000 25.980762 23.500000 26.846788 2
25.500000 25.114737 26.000000 25.980762 2
23.500000 26.846788 8.000000 0.000000 2
5.000000 1.732051 6.000000 1.732051 2
5.500000 0.866025 6.000000 1.732051 2
16.000000 24.248711 17.000000 24.248711 2
16.000000 20.784610 15.500000 21.650635 2
14.500000 19.918584 15.000000 20.784610 2
22.000000 22.516660 22.500000 23.382686 2
18.500000 23.382686 19.000000 24.248711 2
16.500000 23.382686 17.000000 24.248711 2
14.500000 21.650635 15.000000 22.516660 2
21.500000 26.846788 5.000000 0.000000 2
27.000000 25.980762 28.000000 25.980762 2
18.500000 21.650635 19.000000 22.516660 2
20.000000 22.516660 19.500000 23.382686 2
23.500000 21.650635 23.000000 22.516660 2
15.000000 22.516660 16.000000 22.516660 2
34.500000 14.722432 34.000000 15.588457 3
33.500000 14.722432 33.000000 15.588457 3
33.500000 14.722432 34.500000 14.722432 3
34.500000 14.722432 35.500000 14.722432 3
35.000000 15.588457 34.500000 16.454483 3
33.000000 15.588457 34.000000 15.588457 3
34.000000 13.856406 33.500000 14.722432 3
34.500000 14.722432 35.000000 15.588457 3
35.500000 14.722432 35.000000 15.588457 3
33.000000 15.588457 33.500000 16.454483 3
33.500000 16.454483 34.500000 16.454483 3
34.000000 15.588457 33.500000 16.454483 3
34.000000 13.856406 34.500000 14.722432 3
34.000000 15.588457 34.500000 16.454483 3
33.500000 14.722432 34.000000 15.588457 3
34.000000 15.588457 35.000000 15.588457 3
10.000000 10.392305 11.000000 10.392305 4
11.500000 7.794229 11.000000 8.660254 4
13.500000 11.258330 13.000000 12.124356 4
9.000000 10.392305 9.500000 11.258330 4
10.500000 6.062178 10.000000 6.928203 4
10.000000 10.392305 9.500000 11.258330 4
10.000000 5.196152 11.000000 5.196152 4
9.000000 10.392305 10.000000 10.392305 4
7.500000 6.062178 8.500000 6.062178 4
8.000000 8.660254 9.000000 8.660254 4
10.000000 12.124356 9.500000 12.990381 4
9.000000 8.660254 10.000000 8.660254 4
9.500000 9.526279 9.000000 10.392305 4
9.500000 6.062178 9.000000 6.928203 4
9.000000 6.928203 10.000000 6.928203 4
12.000000 12.124356 11.500000 12.990381 4
7.500000 7.794229 8.000000 8.660254 4
8.000000 6.928203 8.500000 7.794229 4
9.500000 4.330127 9.000000 5.196152 4
12.000000 10.392305 11.500000 11.258330 4
8.000000 6.928203 9.000000 6.928203 4
10.500000 7.794229 10.000000 8.660254 4
11.000000 5.196152 10.500000 6.062178 4
10.500000 12.990381 11.500000 12.990381 4
12.500000 14.722432 13.500000 14.722432 4
11.500000 14.722432 12.500000 14.722432 4
10.500000 7.794229 11.500000 7.794229 4
13.000000 8.660254 12.500000 9.526279 4
7.000000 10.392305 8.000000 10.392305 4
9.000000 5.196152 10.000000 5.196152 4
10.000000 5.196152 10.500000 6.062178 4
10.000000 5.196152 9.500000 6.062178 4
11.500000 11.258330 12.000000 12.124356 4
7.500000 7.794229 8.500000 7.794229 4
12.500000 11.258330 13.500000 11.258330 4
11.000000 12.124356 12.000000 12.124356 4
7.500000 11.258330 8.500000 11.258330 4
9.500000 11.258330 10.000000 12.124356 4
13.500000 14.722432 13.000000 15.588457 4
10.000000 13.856406 11.000000 13.856406 4
8.000000 10.392305 7.500000 11.258330 4
13.000000 8.660254 14.000000 8.660254 4
10.500000 11.258330 11.500000 11.258330 4
9.000000 12.124356 10.000000 12.124356 4
10.500000 9.526279 11.000000 10.392305 4
8.500000 4.330127 9.000000 5.196152 4
13.000000 15.588457 14.000000 15.588457 4
12.500000 9.526279 13.000000 10.392305 4
11.500000 14.722432 12.000000 15.588457 4
12.000000 8.660254 11.500000 9.526279 4
11.000000 6.928203 12.000000 6.928203 4
7.000000 6.928203 8.000000 6.928203 4
10.500000 6.062178 11.000000 6.928203 4
12.500000 9.526279 13.500000 9.526279 4
15.000000 13.856406 14.500000 14.722432 4
12.000000 6.928203 12.500000 7.794229 4
7.500000 6.062178 7.000000 6.928203 4
8.500000 6.062178 9.000000 6.928203 4
8.500000 9.526279 9.000000 10.392305 4
14.000000 12.124356 13.500000 12.990381 4
14.500000 14.722432 15.000000 15.588457 4
13.000000 13.856406 13.500000 14.722432 4
14.500000 16.454483 14.000000 17.320508 4
8.500000 11.258330 9.500000 11.258330 4
11.500000 11.258330 12.500000 11.258330 4
8.000000 10.392305 8.500000 11.258330 4
8.000000 10.392305 9.000000 10.392305 4
12.000000 13.856406 11.500000 14.722432 4
10.000000 6.928203 10.500000 7.794229 4
12.000000 8.660254 13.000000 8.660254 4
12.500000 7.794229 12.000000 8.660254 4
13.000000 13.856406 12.500000 14.722432 4
9.500000 7.794229 10.500000 7.794229 4
12.000000 13.856406 12.500000 14.722432 4
10.500000 4.330127 11.000000 5.196152 4
12.500000 11.258330 12.000000 12.124356 4
12.500000 14.722432 13.000000 15.588457 4
8.500000 4.330127 9.500000 4.330127 4
9.000000 6.928203 8.500000 7.794229 4
12.000000 8.660254 12.500000 9.526279 4
8.000000 5.196152 9.000000 5.196152 4
14.000000 15.588457 15.000000 15.588457 4
12.500000 12.990381 13.000000 13.856406 4
13.500000 12.990381 14.500000 12.990381 4
7.000000 6.928203 7.500000 7.794229 4
11.000000 8.660254 12.000000 8.660254 4
13.500000 14.722432 14.000000 15.588457 4
12.000000 10.392305 12.500000 11.258330 4
14.000000 15.588457 13.500000 16.454483 4
10.500000 7.794229 11.000000 8.660254 4
9.000000 6.928203 9.500000 7.794229 4
12.000000 6.928203 13.000000 6.928203 4
10.000000 12.124356 11.000000 12.124356 4
9.500000 11.258330 10.500000 11.258330 4
11.500000 9.526279 12.500000 9.526279 4
13.000000 10.392305 13.500000 11.258330 4
10.500000 4.330127 10.000000 5.196152 4
12.500000 12.990381 12.000000 13.856406 4
10.000000 6.928203 11.000000 6.928203 4
12.000000 6.928203 11.500000 7.794229 4
13.000000 12.124356 12.500000 12.990381 4
13.500000 11.258330 14.000000 12.124356 4
11.500000 12.990381 12.000000 13.856406 4
13.000000 10.392305 12.500000 11.258330 4
13.500000 16.454483 14.500000 16.454483 4
9.000000 5.196152 9.500000 6.062178 4
13.500000 14.722432 14.500000 14.722432 4
9.500000 6.062178 10.000000 6.928203 4
12.000000 15.588457 13.000000 15.588457 4
7.000000 5.196152 8.000000 5.196152 4
14.000000 8.660254 13.500000 9.526279 4
13.000000 12.124356 14.000000 12.124356 4
9.500000 9.526279 10.000000 10.392305 4
13.000000 8.660254 13.500000 9.526279 4
11.000000 10.392305 10.500000 11.258330 4
8.500000 4.330127 8.000000 5.196152 4
11.500000 7.794229 12.000000 8.660254 4
8.500000 11.258330 9.000000 12.124356 4
7.000000 10.392305 7.500000 11.258330 4
13.000000 13.856406 14.000000 13.856406 4
8.500000 7.794229 8.000000 8.660254 4
14.000000 8.660254 14.500000 9.526279 4
10.000000 12.124356 10.500000 12.990381 4
8.500000 7.794229 9.000000 8.660254 4
13.500000 16.454483 14.000000 17.320508 4
9.500000 12.990381 10.500000 12.990381 4
10.500000 11.258330 10.000000 12.124356 4
10.500000 12.990381 11.000000 13.856406 4
14.000000 13.856406 13.500000 14.722432 4
8.000000 8.660254 8.500000 9.526279 4
13.500000 9.526279 14.500000 9.526279 4
7.000000 5.196152 7.500000 6.062178 4
9.500000 4.330127 10.000000 5.196152 4
9.000000 8.660254 9.500000 9.526279 4
10.000000 8.660254 9.500000 9.526279 4
12.500000 7.794229 13.000000 8.660254 4
9.500000 11.258330 9.000000 12.124356 4
10.500000 12.990381 10.000000 13.856406 4
13.000000 15.588457 13.500000 16.454483 4
9.500000 7.794229 10.000000 8.660254 4
12.500000 14.722432 12.000000 15.588457 4
14.000000 13.856406 15.000000 13.856406 4
14.500000 12.990381 15.000000 13.856406 4
14.000000 13.856406 14.500000 14.722432 4
15.000000 15.588457 14.500000 16.454483 4
11.000000 13.856406 12.000000 13.856406 4
13.500000 9.526279 13.000000 10.392305 4
12.500000 12.990381 13.500000 12.990381 4
11.000000 8.660254 11.500000 9.526279 4
13.000000 6.928203 12.500000 7.794229 4
11.500000 12.990381 11.000000 13.856406 4
9.500000 4.330127 10.500000 4.330127 4
9.000000 12.124356 9.500000 12.990381 4
14.000000 15.588457 14.500000 16.454483 4
9.000000 10.392305 8.500000 11.258330 4
10.500000 9.526279 11.500000 9.526279 4
8.500000 9.526279 9.500000 9.526279 4
13.500000 12.990381 14.000000 13.856406 4
9.000000 5.196152 8.500000 6.062178 4
13.000000 12.124356 13.500000 12.990381 4
9.500000 12.990381 10.000000 13.856406 4
9.000000 8.660254 8.500000 9.526279 4
19.000000 1.732051 19.500000 2.598076 5
17.000000 1.732051 18.000000 1.732051 5
17.500000 0.866025 18.500000 0.866025 5
19.500000 0.866025 19.000000 1.732051 5
19.000000 1.732051 20.000000 1.732051 5
18.000000 1.732051 19.000000 1.732051 5
18.500000 0.866025 19.500000 0.866025 5
19.000000 1.732051 18.500000 2.598076 5
20.000000 1.732051 19.500000 2.598076 5
17.500000 0.866025 18.000000 1.732051 5
18.000000 0.000000 18.500000 0.866025 5
17.500000 0.866025 17.000000 1.732051 5
18.500000 2.598076 19.500000 2.598076 5
18.000000 0.000000 17.500000 0.866025 5
18.000000 1.732051 18.500000 2.598076 5
19.500000 0.866025 20.000000 1.732051 5
18.500000 0.866025 18.000000 1.732051 5
22.500000 11.258330 23.000000 12.124356 6
20.500000 14.722432 20.000000 15.588457 6
20.000000 13.856406 21.000000 13.856406 6
21.000000 13.856406 22.000000 13.856406 6
24.000000 13.856406 23.500000 14.722432 6
22.500000 12.990381 22.000000 13.856406 6
23.500000 12.990381 24.000000 13.856406 6
21.500000 11.258330 22.500000 11.258330 6
22.500000 14.722432 22.000000 15.588457 6
22.000000 13.856406 21.500000 14.722432 6
21.500000 14.722432 21.000000 15.588457 6
23.000000 13.856406 24.000000 13.856406 6
19.500000 12.990381 20.500000 12.990381 6
23.000000 10.392305 23.500000 11.258330 6
22.500000 11.258330 22.000000 12.124356 6
20.500000 14.722432 21.500000 14.722432 6
20.000000 13.856406 20.500000 14.722432 6
24.000000 13.856406 24.500000 14.722432 6
22.500000 11.258330 23.500000 11.258330 6
19.500000 12.990381 19.000000 13.856406 6
23.500000 14.722432 24.000000 15.588457 6
22.000000 12.124356 21.500000 12.990381 6
23.000000 12.124356 22.500000 12.990381 6
22.500000 12.990381 23.500000 12.990381 6
21.500000 14.722432 22.000000 15.588457 6
19.500000 14.722432 20.500000 14.722432 6
22.000000 10.392305 21.500000 11.258330 6
21.500000 12.990381 21.000000 13.856406 6
24.500000 14.722432 24.000000 15.588457 6
19.500000 14.722432 20.000000 15.588457 6
23.500000 14.722432 24.500000 14.722432 6
23.500000 12.990381 23.000000 13.856406 6
21.500000 12.990381 22.500000 12.990381 6
22.000000 15.588457 21.500000 16.454483 6
22.500000 14.722432 23.500000 14.722432 6
22.000000 10.392305 23.000000 10.392305 6
21.000000 15.588457 22.000000 15.588457 6
21.000000 15.588457 21.500000 16.454483 6
21.000000 13.856406 20.500000 14.722432 6
22.000000 13.856406 22.500000 14.722432 6
22.000000 13.856406 23.000000 13.856406 6
23.000000 12.124356 23.500000 12.990381 6
23.500000 11.258330 23.000000 12.124356 6
20.500000 14.722432 21.000000 15.588457 6
20.000000 13.856406 19.500000 14.722432 6
22.000000 12.124356 23.000000 12.124356 6
19.500000 12.990381 20.000000 13.856406 6
21.500000 14.722432 22.500000 14.722432 6
19.000000 13.856406 19.500000 14.722432 6
23.000000 10.392305 22.500000 11.258330 6
23.000000 13.856406 23.500000 14.722432 6
20.500000 12.990381 21.500000 12.990381 6
19.000000 13.856406 20.000000 13.856406 6
23.000000 13.856406 22.500000 14.722432 6
22.000000 10.392305 22.500000 11.258330 6
26.000000 0.000000 25.500000 0.866025 7
25.500000 0.866025 26.000000 1.732051 7
26.000000 0.000000 26.500000 0.866025 7
26.500000 0.866025 26.000000 1.732051 7
25.500000 0.866025 26.500000 0.866025 7
39.000000 15.588457 39.500000 16.454483 8
31.500000 26.846788 16.000000 0.000000 9
31.500000 26.846788 15.000000 0.000000 9
15.000000 0.000000 16.000000 0.000000 9
29.000000 17.320508 29.500000 18.186533 10
45.500000 26.846788 29.000000 0.000000 11
45.000000 24.248711 44.500000 25.114737 11
45.500000 26.846788 46.500000 26.846788 11
44.000000 24.248711 44.500000 25.114737 11
45.000000 25.980762 44.500000 26.846788 11
44.500000 26.846788 28.000000 0.000000 11
46.000000 25.980762 46.500000 26.846788 11
44.500000 25.114737 45.000000 25.980762 11
15.000000 25.980762 46.500000 26.846788 11
28.000000 0.000000 29.000000 0.000000 11
43.500000 26.846788 44.500000 26.846788 11
44.000000 24.248711 43.500000 25.114737 11
43.000000 25.980762 44.000000 25.980762 11
43.500000 25.114737 44.500000 25.114737 11
43.500000 25.114737 43.000000 25.980762 11
44.000000 25.980762 43.500000 26.846788 11
46.000000 25.980762 15.000000 25.980762 11
45.000000 25.980762 45.500000 26.846788 11
45.500000 25.114737 46.000000 25.980762 11
43.500000 25.114737 44.000000 25.980762 11
44.000000 25.980762 45.000000 25.980762 11
46.000000 25.980762 45.500000 26.846788 11
43.500000 26.846788 28.000000 0.000000 11
44.000000 24.248711 45.000000 24.248711 11
44.500000 25.114737 45.500000 25.114737 11
45.000000 24.248711 45.500000 25.114737 11
44.500000 26.846788 29.000000 0.000000 11
45.000000 25.980762 46.000000 25.980762 11
44.000000 25.980762 44.500000 26.846788 11
25.000000 19.052559 25.500000 19.918584 12
25.000000 19.052559 26.000000 19.052559 12
26.000000 19.052559 25.500000 19.918584 12
26.000000 19.052559 26.500000 19.918584 12
25.500000 19.918584 26.500000 19.918584 12
31.500000 16.454483 32.000000 17.320508 13
31.000000 17.320508 32.000000 17.320508 13
30.500000 16.454483 31.000000 17.320508 13
30.500000 16.454483 31.500000 16.454483 13
31.500000 16.454483 31.000000 17.320508 13
36.000000 24.248711 37.000000 24.248711 14
36.500000 23.382686 36.000000 24.248711 14
35.500000 25.114737 36.500000 25.114737 14
36.500000 25.114737 37.500000 25.114737 14
36.500000 23.382686 37.500000 23.382686 14
34.500000 23.382686 35.500000 23.382686 14
35.500000 23.382686 35.000000 24.248711 14
35.000000 24.248711 34.500000 25.114737 14
35.000000 22.516660 35.500000 23.382686 14
36.000000 25.980762 37.000000 25.980762 14
36.500000 25.114737 36.000000 25.980762 14
35.000000 25.980762 35.500000 26.846788 14
35.500000 23.382686 36.500000 23.382686 14
36.500000 25.114737 37.000000 25.980762 14
35.000000 25.980762 36.000000 25.980762 14
37.000000 24.248711 36.500000 25.114737 14
35.000000 24.248711 35.500000 25.114737 14
35.500000 26.846788 19.000000 0.000000 14
36.000000 24.248711 36.500000 25.114737 14
36.000000 25.980762 35.500000 26.846788 14
37.500000 25.114737 37.000000 25.980762 14
35.000000 22.516660 34.500000 23.382686 14
35.500000 23.382686 36.000000 24.248711 14
37.000000 25.980762 36.500000 26.846788 14
37.000000 24.248711 37.500000 25.114737 14
34.000000 22.516660 35.000000 22.516660 14
35.000000 25.980762 34.500000 26.846788 14
37.500000 25.114737 38.000000 25.980762 14
37.500000 23.382686 37.000000 24.248711 14
34.500000 25.114737 35.500000 25.114737 14
37.000000 25.980762 38.000000 25.980762 14
36.000000 24.248711 35.500000 25.114737 14
34.000000 24.248711 35.000000 24.248711 14
35.500000 25.114737 36.000000 25.980762 14
35.500000 26.846788 36.500000 26.846788 14
36.000000 25.980762 36.500000 26.846788 14
34.500000 23.382686 35.000000 24.248711 14
34.500000 26.846788 19.000000 0.000000 14
34.000000 22.516660 34.500000 23.382686 14
34.500000 23.382686 34.000000 24.248711 14
35.000000 24.248711 36.000000 24.248711 14
34.500000 26.846788 35.500000 26.846788 14
39.000000 24.248711 38.500000 25.114737 15
39.000000 24.248711 39.500000 25.114737 15
38.000000 24.248711 39.000000 24.248711 15
38.500000 23.382686 38.000000 24.248711 15
38.500000 25.114737 39.500000 25.114737 15
38.500000 23.382686 39.000000 24.248711 15
38.000000 24.248711 38.500000 25.114737 15
39.500000 14.722432 8.500000 14.722432 16
38.500000 12.990381 7.500000 12.990381 16
39.000000 13.856406 8.000000 13.856406 16
38.500000 12.990381 38.000000 13.856406 16
39.500000 14.722432 39.000000 15.588457 16
8.000000 12.124356 7.500000 12.990381 16
9.000000 13.856406 8.500000 14.722432 16
7.500000 12.990381 8.000000 13.856406 16
39.000000 15.588457 40.000000 15.588457 16
8.000000 13.856406 39.500000 14.722432 16
38.000000 13.856406 38.500000 14.722432 16
8.500000 12.990381 8.000000 13.856406 16
8.000000 13.856406 9.000000 13.856406 16
7.500000 12.990381 8.500000 12.990381 16
39.500000 14.722432 40.000000 15.588457 16
8.500000 12.990381 9.000000 13.856406 16
38.000000 13.856406 39.000000 13.856406 16
8.500000 14.722432 40.000000 15.588457 16
38.500000 12.990381 39.000000 13.856406 16
39.000000 13.856406 39.500000 14.722432 16
39.000000 13.856406 38.500000 14.722432 16
8.000000 13.856406 8.500000 14.722432 16
8.000000 12.124356 8.500000 12.990381 16
28.000000 22.516660 28.500000 23.382686 17
27.500000 23.382686 28.500000 23.382686 17
28.000000 22.516660 27.500000 23.382686 17
37.000000 24.248711 38.000000 24.248711 18
24.000000 5.196152 23.500000 6.062178 19
15.500000 7.794229 16.500000 7.794229 20
16.000000 0.000000 16.500000 0.866025 21
17.000000 0.000000 16.500000 0.866025 21
16.000000 0.000000 17.000000 0.000000 21
39.500000 19.918584 40.000000 20.784610 22
39.500000 16.454483 40.500000 16.454483 22
39.000000 19.052559 40.000000 19.052559 22
40.500000 18.186533 40.000000 19.052559 22
42.000000 20.784610 41.500000 21.650635 22
41.000000 17.320508 40.500000 18.186533 22
40.000000 20.784610 41.000000 20.784610 22
42.000000 19.052559 42.500000 19.918584 22
41.500000 19.918584 41.000000 20.784610 22
39.500000 18.186533 39.000000 19.052559 22
42.500000 19.918584 42.000000 20.784610 22
40.000000 19.052559 40.500000 19.918584 22
38.000000 19.052559 39.000000 19.052559 22
40.500000 18.186533 41.000000 19.052559 22
40.500000 19.918584 41.500000 19.918584 22
41.000000 20.784610 42.000000 20.784610 22
38.000000 19.052559 38.500000 19.918584 22
40.500000 19.918584 41.000000 20.784610 22
39.500000 21.650635 40.500000 21.650635 22
39.500000 19.918584 39.000000 20.784610 22
40.000000 17.320508 41.000000 17.320508 22
38.500000 18.186533 39.000000 19.052559 22
42.500000 19.918584 43.000000 20.784610 22
41.000000 20.784610 41.500000 21.650635 22
41.500000 18.186533 41.000000 19.052559 22
40.500000 16.454483 41.000000 17.320508 22
39.000000 19.052559 38.500000 19.918584 22
42.000000 19.052559 11.000000 19.052559 22
41.000000 19.052559 40.500000 19.918584 22
40.500000 19.918584 40.000000 20.784610 22
11.000000 19.052559 42.500000 19.918584 22
38.500000 19.918584 39.000000 20.784610 22
41.500000 19.918584 42.500000 19.918584 22
42.000000 20.784610 43.000000 20.784610 22
39.500000 18.186533 40.000000 19.052559 22
12.500000 19.918584 13.000000 20.784610 22
41.500000 18.186533 10.500000 18.186533 22
12.500000 19.918584 12.000000 20.784610 22
11.500000 19.918584 12.000000 20.784610 22
39.000000 19.052559 39.500000 19.918584 22
40.500000 16.454483 40.000000 17.320508 22
41.500000 18.186533 42.000000 19.052559 22
41.000000 20.784610 40.500000 21.650635 22
39.500000 16.454483 40.000000 17.320508 22
10.500000 18.186533 42.000000 19.052559 22
42.000000 19.052559 41.500000 19.918584 22
11.500000 19.918584 12.500000 19.918584 22
43.000000 20.784610 12.000000 20.784610 22
40.000000 20.784610 40.500000 21.650635 22
38.500000 19.918584 39.500000 19.918584 22
38.500000 18.186533 38.000000 19.052559 22
40.500000 18.186533 41.500000 18.186533 22
40.000000 17.320508 39.500000 18.186533 22
41.000000 19.052559 41.500000 19.918584 22
39.000000 20.784610 40.000000 20.784610 22
12.000000 20.784610 13.000000 20.784610 22
40.000000 19.052559 41.000000 19.052559 22
10.500000 18.186533 11.000000 19.052559 22
40.000000 20.784610 39.500000 21.650635 22
40.000000 19.052559 39.500000 19.918584 22
41.000000 17.320508 41.500000 18.186533 22
11.000000 19.052559 11.500000 19.918584 22
42.500000 19.918584 11.500000 19.918584 22
43.500000 21.650635 12.500000 21.650635 23
24.500000 12.990381 25.500000 12.990381 24
25.000000 12.124356 25.500000 12.990381 24
25.000000 12.124356 24.500000 12.990381 24
41.500000 23.382686 41.000000 24.248711 25
40.500000 23.382686 41.500000 23.382686 25
40.500000 23.382686 41.000000 24.248711 25
41.000000 24.248711 42.000000 24.248711 25
41.500000 23.382686 42.000000 24.248711 25
27.000000 13.856406 27.500000 14.722432 26
27.500000 14.722432 28.000000 15.588457 26
30.000000 13.856406 30.500000 14.722432 26
27.000000 15.588457 28.000000 15.588457 26
29.500000 14.722432 29.000000 15.588457 26
29.000000 13.856406 28.500000 14.722432 26
28.000000 13.856406 29.000000 13.856406 26
29.000000 13.856406 30.000000 13.856406 26
30.000000 13.856406 29.500000 14.722432 26
29.000000 13.856406 29.500000 14.722432 26
28.500000 14.722432 28.000000 15.588457 26
27.000000 15.588457 27.500000 16.454483 26
28.000000 15.588457 28.500000 16.454483 26
28.500000 14.722432 29.500000 14.722432 26
28.000000 13.856406 28.500000 14.722432 26
27.500000 14.722432 27.000000 15.588457 26
27.500000 16.454483 28.500000 16.454483 26
29.500000 14.722432 30.500000 14.722432 26
27.000000 13.856406 28.000000 13.856406 26
29.000000 15.588457 28.500000 16.454483 26
28.000000 15.588457 27.500000 16.454483 26
28.500000 14.722432 29.000000 15.588457 26
28.000000 13.856406 27.500000 14.722432 26
20.000000 19.052559 20.500000 19.918584 27
21.000000 19.052559 20.500000 19.918584 27
20.000000 19.052559 21.000000 19.052559 27
21.000000 19.052559 22.000000 19.052559 27
22.000000 19.052559 21.500000 19.918584 27
21.000000 19.052559 21.500000 19.918584 27
20.500000 19.918584 21.500000 19.918584 27
26.000000 12.124356 27.000000 12.124356 28
26.500000 11.258330 26.000000 12.124356 28
27.000000 12.124356 26.500000 12.990381 28
25.500000 11.258330 26.000000 12.124356 28
25.500000 11.258330 26.500000 11.258330 28
26.000000 12.124356 26.500000 12.990381 28
26.500000 11.258330 27.000000 12.124356 28
33.000000 22.516660 34.000000 22.516660 29
39.000000 25.980762 39.500000 26.846788 30
38.500000 26.846788 39.500000 26.846788 30
39.000000 25.980762 38.500000 26.846788 30
36.500000 9.526279 37.000000 10.392305 31
30.500000 6.062178 31.000000 6.928203 31
34.000000 10.392305 34.500000 11.258330 31
35.000000 8.660254 35.500000 9.526279 31
32.000000 10.392305 33.000000 10.392305 31
34.000000 8.660254 33.500000 9.526279 31
33.000000 8.660254 33.500000 9.526279 31
31.500000 7.794229 32.500000 7.794229 31
32.500000 6.062178 32.000000 6.928203 31
35.000000 8.660254 36.000000 8.660254 31
32.500000 9.526279 33.500000 9.526279 31
32.000000 8.660254 31.500000 9.526279 31
31.500000 6.062178 31.000000 6.928203 31
32.000000 6.928203 31.500000 7.794229 31
33.500000 6.062178 34.000000 6.928203 31
4.500000 6.062178 5.000000 6.928203 31
30.000000 6.928203 29.500000 7.794229 31
36.000000 8.660254 5.000000 8.660254 31
34.500000 7.794229 35.500000 7.794229 31
32.000000 6.928203 33.000000 6.928203 31
33.000000 5.196152 32.500000 6.062178 31
34.500000 9.526279 34.000000 10.392305 31
36.500000 9.526279 36.000000 10.392305 31
6.000000 8.660254 5.500000 9.526279 31
35.000000 8.660254 34.500000 9.526279 31
33.500000 7.794229 34.000000 8.660254 31
29.500000 7.794229 30.500000 7.794229 31
31.500000 7.794229 32.000000 8.660254 31
32.000000 5.196152 32.500000 6.062178 31
30.500000 6.062178 31.500000 6.062178 31
4.500000 7.794229 5.000000 8.660254 31
32.500000 7.794229 33.000000 8.660254 31
34.500000 9.526279 35.000000 10.392305 31
31.500000 6.062178 32.000000 6.928203 31
30.000000 6.928203 31.000000 6.928203 31
34.000000 6.928203 33.500000 7.794229 31
30.500000 7.794229 31.500000 7.794229 31
35.500000 9.526279 36.000000 10.392305 31
4.000000 6.928203 5.000000 6.928203 31
33.500000 6.062178 34.500000 6.062178 31
4.500000 7.794229 36.000000 8.660254 31
35.500000 7.794229 36.000000 8.660254 31
33.500000 7.794229 33.000000 8.660254 31
35.500000 7.794229 35.000000 8.660254 31
35.500000 7.794229 4.500000 7.794229 31
4.500000 6.062178 4.000000 6.928203 31
34.500000 6.062178 34.000000 6.928203 31
32.000000 8.660254 32.500000 9.526279 31
36.000000 8.660254 35.500000 9.526279 31
33.000000 10.392305 34.000000 10.392305 31
34.000000 10.392305 35.000000 10.392305 31
31.000000 5.196152 32.000000 5.196152 31
32.500000 9.526279 33.000000 10.392305 31
31.000000 5.196152 31.500000 6.062178 31
34.000000 6.928203 34.500000 7.794229 31
5.000000 8.660254 36.500000 9.526279 31
4.000000 6.928203 4.500000 7.794229 31
31.000000 6.928203 30.500000 7.794229 31
34.500000 9.526279 35.500000 9.526279 31
4.000000 6.928203 35.500000 7.794229 31
5.500000 9.526279 37.000000 10.392305 31
34.500000 6.062178 3.500000 6.062178 31
32.500000 6.062178 33.500000 6.062178 31
30.500000 6.062178 30.000000 6.928203 31
31.500000 9.526279 32.500000 9.526279 31
32.500000 7.794229 32.000000 8.660254 31
33.000000 6.928203 34.000000 6.928203 31
33.000000 6.928203 33.500000 7.794229 31
32.500000 6.062178 33.000000 6.928203 31
34.000000 5.196152 33.500000 6.062178 31
35.000000 10.392305 36.000000 10.392305 31
33.000000 5.196152 33.500000 6.062178 31
32.000000 8.660254 33.000000 8.660254 31
35.500000 9.526279 36.500000 9.526279 31
5.500000 7.794229 5.000000 8.660254 31
3.500000 6.062178 4.000000 6.928203 31
36.500000 9.526279 5.500000 9.526279 31
5.000000 6.928203 5.500000 7.794229 31
33.500000 9.526279 34.000000 10.392305 31
5.500000 7.794229 6.000000 8.660254 31
35.000000 6.928203 34.500000 7.794229 31
30.000000 6.928203 30.500000 7.794229 31
31.500000 6.062178 32.500000 6.062178 31
31.000000 6.928203 31.500000 7.794229 31
31.500000 9.526279 32.000000 10.392305 31
31.000000 5.196152 30.500000 6.062178 31
32.500000 9.526279 32.000000 10.392305 31
34.000000 8.660254 35.000000 8.660254 31
34.500000 6.062178 35.000000 6.928203 31
35.000000 10.392305 34.500000 11.258330 31
32.000000 5.196152 31.500000 6.062178 31
33.500000 6.062178 33.000000 6.928203 31
33.500000 9.526279 34.500000 9.526279 31
4.500000 7.794229 5.500000 7.794229 31
33.500000 7.794229 34.500000 7.794229 31
5.000000 8.660254 5.500000 9.526279 31
33.000000 5.196152 34.000000 5.196152 31
35.000000 6.928203 4.000000 6.928203 31
23.000000 5.196152 24.000000 5.196152 32
26.500000 2.598076 26.000000 3.464102 32
27.500000 2.598076 28.000000 3.464102 32
23.500000 4.330127 24.000000 5.196152 32
25.500000 7.794229 26.500000 7.794229 32
26.000000 6.928203 25.500000 7.794229 32
23.500000 2.598076 23.000000 3.464102 32
24.500000 6.062178 25.500000 6.062178 32
25.500000 2.598076 25.000000 3.464102 32
26.500000 2.598076 27.000000 3.464102 32
26.500000 6.062178 26.000000 6.928203 32
24.500000 6.062178 25.000000 6.928203 32
25.000000 3.464102 24.500000 4.330127 32
22.500000 4.330127 22.000000 5.196152 32
24.000000 3.464102 24.500000 4.330127 32
24.500000 2.598076 24.000000 3.464102 32
27.000000 5.196152 26.500000 6.062178 32
25.000000 6.928203 26.000000 6.928203 32
26.500000 4.330127 26.000000 5.196152 32
22.500000 2.598076 23.500000 2.598076 32
25.500000 2.598076 26.500000 2.598076 32
26.500000 2.598076 27.500000 2.598076 32
27.000000 5.196152 27.500000 6.062178 32
27.500000 2.598076 28.500000 2.598076 32
21.000000 3.464102 22.000000 3.464102 32
21.500000 4.330127 22.000000 5.196152 32
26.000000 1.732051 25.500000 2.598076 32
22.500000 2.598076 23.000000 3.464102 32
25.500000 4.330127 26.000000 5.196152 32
26.000000 3.464102 25.500000 4.330127 32
25.000000 5.196152 26.000000 5.196152 32
26.000000 5.196152 25.500000 6.062178 32
26.500000 4.330127 27.000000 5.196152 32
26.000000 6.928203 26.500000 7.794229 32
25.000000 3.464102 25.500000 4.330127 32
27.500000 2.598076 27.000000 3.464102 32
25.500000 4.330127 26.500000 4.330127 32
21.500000 2.598076 22.000000 3.464102 32
25.500000 4.330127 25.000000 5.196152 32
21.500000 2.598076 21.000000 3.464102 32
27.000000 3.464102 27.500000 4.330127 32
26.500000 6.062178 27.500000 6.062178 32
26.500000 4.330127 27.500000 4.330127 32
26.500000 7.794229 26.000000 8.660254 32
25.500000 6.062178 26.000000 6.928203 32
26.000000 5.196152 26.500000 6.062178 32
23.500000 2.598076 24.500000 2.598076 32
21.000000 3.464102 21.500000 4.330127 32
24.000000 5.196152 24.500000 6.062178 32
25.500000 2.598076 26.000000 3.464102 32
26.000000 3.464102 26.500000 4.330127 32
24.500000 4.330127 25.000000 5.196152 32
24.500000 2.598076 25.000000 3.464102 32
24.000000 3.464102 25.000000 3.464102 32
28.000000 3.464102 27.500000 4.330127 32
21.500000 4.330127 22.500000 4.330127 32
25.500000 7.794229 26.000000 8.660254 32
26.000000 5.196152 27.000000 5.196152 32
23.500000 2.598076 24.000000 3.464102 32
25.000000 5.196152 24.500000 6.062178 32
28.500000 2.598076 28.000000 3.464102 32
22.000000 5.196152 23.000000 5.196152 32
23.000000 3.464102 22.500000 4.330127 32
25.000000 3.464102 26.000000 3.464102 32
22.000000 3.464102 22.500000 4.330127 32
22.500000 4.330127 23.500000 4.330127 32
25.000000 6.928203 25.500000 7.794229 32
21.500000 2.598076 22.500000 2.598076 32
24.000000 5.196152 25.000000 5.196152 32
22.500000 2.598076 22.000000 3.464102 32
22.500000 4.330127 23.000000 5.196152 32
26.000000 1.732051 26.500000 2.598076 32
22.000000 3.464102 23.000000 3.464102 32
27.000000 3.464102 28.000000 3.464102 32
25.500000 6.062178 26.500000 6.062178 32
20.000000 3.464102 19.500000 4.330127 33
19.500000 2.598076 19.000000 3.464102 33
19.500000 4.330127 20.500000 4.330127 33
20.000000 3.464102 20.500000 4.330127 33
19.000000 3.464102 20.000000 3.464102 33
19.000000 3.464102 19.500000 4.330127 33
19.500000 2.598076 20.000000 3.464102 33
29.000000 5.196152 28.500000 6.062178 34
29.000000 5.196152 29.500000 6.062178 34
28.500000 6.062178 29.500000 6.062178 34
20.500000 16.454483 21.500000 16.454483 35
21.000000 17.320508 20.500000 18.186533 35
21.000000 17.320508 21.500000 18.186533 35
21.500000 18.186533 22.500000 18.186533 35
20.500000 16.454483 21.000000 17.320508 35
22.000000 17.320508 21.500000 18.186533 35
22.000000 17.320508 22.500000 18.186533 35
21.500000 16.454483 22.000000 17.320508 35
20.500000 18.186533 21.500000 18.186533 35
21.500000 16.454483 21.000000 17.320508 35
21.000000 17.320508 22.000000 17.320508 35
14.500000 7.794229 14.000000 8.660254 36
16.500000 2.598076 16.000000 3.464102 37
12.000000 19.052559 11.500000 19.918584 38
16.500000 12.990381 17.000000 13.856406 39
16.000000 13.856406 17.000000 13.856406 39
16.500000 12.990381 16.000000 13.856406 39
28.500000 12.990381 29.000000 13.856406 40
10.500000 16.454483 11.500000 16.454483 41
29.500000 16.454483 29.000000 17.320508 42
15.500000 9.526279 16.000000 10.392305 43
22.500000 19.918584 23.500000 19.918584 44
42.000000 25.980762 43.000000 25.980762 45
33.500000 19.918584 34.000000 20.784610 46
34.000000 19.052559 33.500000 19.918584 46
34.000000 19.052559 34.500000 19.918584 46
34.500000 19.918584 34.000000 20.784610 46
33.500000 19.918584 34.500000 19.918584 46
10.500000 2.598076 11.000000 3.464102 47
35.500000 21.650635 36.000000 22.516660 48
14.500000 4.330127 15.000000 5.196152 49
26.000000 22.516660 26.500000 23.382686 50
29.000000 22.516660 30.000000 22.516660 51
29.000000 22.516660 29.500000 23.382686 51
29.000000 22.516660 28.500000 23.382686 51
28.500000 23.382686 29.500000 23.382686 51
30.000000 22.516660 29.500000 23.382686 51
17.000000 15.588457 16.500000 16.454483 52
15.500000 16.454483 16.500000 16.454483 52
16.000000 15.588457 15.500000 16.454483 52
16.000000 15.588457 16.500000 16.454483 52
16.500000 16.454483 17.000000 17.320508 52
16.000000 17.320508 16.500000 18.186533 52
16.500000 16.454483 16.000000 17.320508 52
16.500000 16.454483 17.500000 16.454483 52
15.500000 16.454483 16.000000 17.320508 52
16.000000 17.320508 15.500000 18.186533 52
16.000000 15.588457 17.000000 15.588457 52
17.000000 17.320508 16.500000 18.186533 52
17.000000 15.588457 17.500000 16.454483 52
17.500000 16.454483 17.000000 17.320508 52
15.500000 18.186533 16.500000 18.186533 52
23.500000 7.794229 24.500000 7.794229 53
13.500000 21.650635 13.000000 22.516660 54
32.000000 17.320508 32.500000 18.186533 55
32.500000 16.454483 33.000000 17.320508 55
32.500000 16.454483 32.000000 17.320508 55
32.000000 17.320508 33.000000 17.320508 55
33.000000 17.320508 32.500000 18.186533 55
27.000000 8.660254 26.500000 9.526279 56
26.500000 9.526279 27.500000 9.526279 56
27.000000 8.660254 27.500000 9.526279 56
44.500000 23.382686 13.500000 23.382686 57
15.000000 3.464102 16.000000 3.464102 58
15.000000 3.464102 15.500000 4.330127 58
16.000000 3.464102 15.500000 4.330127 58
6.500000 7.794229 7.500000 7.794229 59
37.000000 17.320508 38.000000 17.320508 60
36.500000 18.186533 37.500000 18.186533 60
37.000000 17.320508 37.500000 18.186533 60
37.500000 16.454483 37.000000 17.320508 60
37.500000 16.454483 38.000000 17.320508 60
38.000000 17.320508 37.500000 18.186533 60
37.000000 17.320508 36.500000 18.186533 60
16.000000 10.392305 16.500000 11.258330 61
17.000000 10.392305 16.500000 11.258330 61
16.000000 10.392305 15.500000 11.258330 61
15.500000 11.258330 16.500000 11.258330 61
16.000000 10.392305 17.000000 10.392305 61
28.000000 19.052559 27.500000 19.918584 62
38.500000 16.454483 38.000000 17.320508 63
17.000000 13.856406 17.500000 14.722432 64
18.500000 14.722432 18.000000 15.588457 64
17.500000 14.722432 18.500000 14.722432 64
18.000000 13.856406 17.500000 14.722432 64
17.000000 13.856406 18.000000 13.856406 64
18.000000 13.856406 18.500000 14.722432 64
17.500000 14.722432 18.000000 15.588457 64
18.000000 19.052559 17.500000 19.918584 65
16.000000 8.660254 16.500000 9.526279 66
15.500000 9.526279 16.500000 9.526279 66
15.000000 8.660254 15.500000 9.526279 66
15.000000 8.660254 16.000000 8.660254 66
16.000000 8.660254 15.500000 9.526279 66
35.500000 14.722432 36.500000 14.722432 67
15.500000 18.186533 16.000000 19.052559 68
14.500000 18.186533 15.000000 19.052559 68
15.000000 19.052559 16.000000 19.052559 68
15.500000 18.186533 15.000000 19.052559 68
14.500000 18.186533 15.500000 18.186533 68
15.500000 6.062178 15.000000 6.928203 69
29.500000 11.258330 30.000000 12.124356 70
29.500000 11.258330 30.500000 11.258330 70
30.500000 11.258330 30.000000 12.124356 70
13.000000 5.196152 13.500000 6.062178 71
14.000000 0.000000 14.500000 0.866025 72
15.000000 0.000000 14.500000 0.866025 72
14.000000 0.000000 15.000000 0.000000 72
24.000000 6.928203 25.000000 6.928203 73
27.000000 10.392305 26.500000 11.258330 74
30.500000 25.114737 31.500000 25.114737 75
31.000000 25.980762 32.000000 25.980762 75
30.500000 23.382686 30.000000 24.248711 75
31.500000 25.114737 32.500000 25.114737 75
30.500000 25.114737 30.000000 25.980762 75
32.500000 25.114737 32.000000 25.980762 75
30.500000 23.382686 31.000000 24.248711 75
31.000000 24.248711 30.500000 25.114737 75
29.500000 25.114737 30.000000 25.980762 75
30.500000 25.114737 31.000000 25.980762 75
31.500000 25.114737 32.000000 25.980762 75
30.000000 24.248711 29.500000 25.114737 75
29.500000 25.114737 30.500000 25.114737 75
29.000000 24.248711 30.000000 24.248711 75
30.000000 24.248711 30.500000 25.114737 75
30.000000 24.248711 31.000000 24.248711 75
32.000000 25.980762 31.500000 26.846788 75
31.500000 25.114737 31.000000 25.980762 75
31.000000 24.248711 31.500000 25.114737 75
29.000000 24.248711 29.500000 25.114737 75
31.000000 25.980762 31.500000 26.846788 75
31.000000 24.248711 32.000000 24.248711 75
30.000000 25.980762 31.000000 25.980762 75
32.000000 24.248711 32.500000 25.114737 75
25.500000 14.722432 25.000000 15.588457 76
24.500000 14.722432 25.500000 14.722432 76
24.500000 14.722432 25.000000 15.588457 76
13.500000 4.330127 13.000000 5.196152 77
12.500000 4.330127 13.000000 5.196152 77
12.500000 4.330127 13.500000 4.330127 77
12.000000 5.196152 13.000000 5.196152 77
12.500000 4.330127 12.000000 5.196152 77
26.500000 7.794229 27.000000 8.660254 78
35.500000 18.186533 35.000000 19.052559 79
44.500000 23.382686 44.000000 24.248711 80
23.500000 18.186533 23.000000 19.052559 81
31.000000 15.588457 31.500000 16.454483 82
23.500000 16.454483 23.000000 17.320508 83
38.000000 12.124356 38.500000 12.990381 84
31.000000 0.000000 30.500000 0.866025 85
30.500000 0.866025 31.000000 1.732051 85
30.000000 0.000000 31.000000 0.000000 85
29.500000 0.866025 30.000000 1.732051 85
30.000000 0.000000 29.500000 0.866025 85
29.500000 0.866025 30.500000 0.866025 85
30.000000 1.732051 31.000000 1.732051 85
31.000000 0.000000 31.500000 0.866025 85
30.000000 0.000000 30.500000 0.866025 85
30.500000 0.866025 31.500000 0.866025 85
30.500000 0.866025 30.000000 1.732051 85
30.500000 2.598076 31.000000 3.464102 86
30.000000 3.464102 30.500000 4.330127 86
29.500000 2.598076 30.500000 2.598076 86
30.500000 2.598076 30.000000 3.464102 86
31.000000 3.464102 30.500000 4.330127 86
30.000000 3.464102 31.000000 3.464102 86
29.500000 2.598076 30.000000 3.464102 86
15.500000 9.526279 15.000000 10.392305 87
36.000000 15.588457 35.500000 16.454483 88
26.000000 20.784610 27.000000 20.784610 89
31.000000 22.516660 32.000000 22.516660 90
31.500000 21.650635 31.000000 22.516660 90
31.500000 21.650635 32.000000 22.516660 90
29.500000 4.330127 30.500000 4.330127 91
30.500000 14.722432 31.000000 15.588457 92
20.500000 7.794229 21.000000 8.660254 93
21.000000 6.928203 20.500000 7.794229 93
20.500000 7.794229 21.500000 7.794229 93
21.000000 6.928203 21.500000 7.794229 93
21.000000 8.660254 22.000000 8.660254 93
21.500000 7.794229 21.000000 8.660254 93
21.500000 7.794229 22.000000 8.660254 93
25.500000 18.186533 26.000000 19.052559 94
17.500000 16.454483 18.500000 16.454483 95
32.500000 2.598076 33.000000 3.464102 96
1.500000 2.598076 33.000000 3.464102 96
32.500000 2.598076 1.500000 2.598076 96
3.000000 3.464102 3.500000 4.330127 97
3.000000 3.464102 2.500000 4.330127 97
2.500000 4.330127 3.500000 4.330127 97
16.500000 2.598076 17.000000 3.464102 98
27.500000 18.186533 28.500000 18.186533 99
28.000000 17.320508 28.500000 18.186533 99
28.000000 17.320508 27.500000 18.186533 99
29.000000 3.464102 28.500000 4.330127 100
29.000000 3.464102 29.500000 4.330127 100
28.500000 4.330127 29.500000 4.330127 100
23.500000 0.866025 24.500000 0.866025 101
24.500000 0.866025 24.000000 1.732051 101
25.000000 0.000000 24.500000 0.866025 101
24.000000 0.000000 25.000000 0.000000 101
23.500000 0.866025 24.000000 1.732051 101
25.000000 0.000000 25.500000 0.866025 101
24.500000 0.866025 25.500000 0.866025 101
24.000000 0.000000 23.500000 0.866025 101
24.000000 0.000000 24.500000 0.866025 101
26.000000 19.052559 27.000000 19.052559 102
27.000000 1.732051 26.500000 2.598076 103
12.000000 3.464102 11.500000 4.330127 104
32.000000 12.124356 31.500000 12.990381 105
13.000000 0.000000 14.000000 0.000000 106
32.500000 4.330127 33.000000 5.196152 107
33.500000 4.330127 33.000000 5.196152 107
32.500000 4.330127 33.500000 4.330127 107
21.000000 5.196152 21.500000 6.062178 108
22.000000 5.196152 21.500000 6.062178 108
21.500000 6.062178 22.500000 6.062178 108
22.000000 5.196152 22.500000 6.062178 108
21.000000 5.196152 22.000000 5.196152 108
19.000000 15.588457 20.000000 15.588457 109
45.500000 25.114737 14.500000 25.114737 110
28.000000 8.660254 29.000000 8.660254 111
28.500000 7.794229 29.500000 7.794229 111
29.000000 6.928203 28.500000 7.794229 111
29.500000 7.794229 29.000000 8.660254 111
28.500000 7.794229 28.000000 8.660254 111
28.500000 7.794229 29.000000 8.660254 111
29.000000 6.928203 29.500000 7.794229 111
38.000000 20.784610 37.500000 21.650635 112
37.500000 21.650635 38.500000 21.650635 112
38.000000 20.784610 38.500000 21.650635 112
37.000000 20.784610 38.000000 20.784610 112
37.000000 20.784610 37.500000 21.650635 112
37.000000 20.784610 36.500000 21.650635 112
36.500000 21.650635 37.500000 21.650635 112
33.000000 3.464102 2.000000 3.464102 113
36.500000 14.722432 37.500000 14.722432 114
27.000000 20.784610 26.500000 21.650635 115
28.000000 20.784610 29.000000 20.784610 116
30.500000 18.186533 31.500000 18.186533 117
31.000000 17.320508 31.500000 18.186533 117
31.000000 17.320508 30.500000 18.186533 117
24.500000 21.650635 25.500000 21.650635 118
25.500000 21.650635 25.000000 22.516660 118
24.500000 21.650635 25.000000 22.516660 118
4.500000 4.330127 4.000000 5.196152 119
38.000000 25.980762 39.000000 25.980762 120
14.000000 10.392305 14.500000 11.258330 121
26.500000 12.990381 27.500000 12.990381 122
26.500000 12.990381 27.000000 13.856406 122
27.500000 12.990381 27.000000 13.856406 122
16.500000 14.722432 17.500000 14.722432 123
17.500000 14.722432 17.000000 15.588457 123
16.500000 14.722432 17.000000 15.588457 123
36.000000 17.320508 37.000000 17.320508 124
6.500000 9.526279 7.000000 10.392305 125
30.000000 22.516660 31.000000 22.516660 126
28.500000 0.866025 29.000000 1.732051 127
29.500000 0.866025 29.000000 1.732051 127
28.500000 0.866025 29.500000 0.866025 127
34.500000 11.258330 35.000000 12.124356 128
36.000000 12.124356 36.500000 12.990381 128
36.000000 12.124356 37.000000 12.124356 128
36.500000 12.990381 37.500000 12.990381 128
37.000000 12.124356 37.500000 12.990381 128
35.000000 12.124356 36.000000 12.124356 128
34.500000 11.258330 35.500000 11.258330 128
36.000000 12.124356 35.500000 12.990381 128
35.500000 12.990381 36.500000 12.990381 128
35.000000 12.124356 34.500000 12.990381 128
35.500000 11.258330 36.000000 12.124356 128
34.500000 12.990381 35.500000 12.990381 128
35.000000 12.124356 35.500000 12.990381 128
37.000000 12.124356 36.500000 12.990381 128
35.500000 11.258330 35.000000 12.124356 128
24.500000 7.794229 24.000000 8.660254 129
35.500000 18.186533 36.500000 18.186533 130
31.000000 20.784610 32.000000 20.784610 131
31.500000 21.650635 32.500000 21.650635 131
31.000000 19.052559 31.500000 19.918584 131
31.000000 19.052559 30.500000 19.918584 131
30.500000 19.918584 31.000000 20.784610 131
30.500000 19.918584 31.500000 19.918584 131
30.000000 19.052559 31.000000 19.052559 131
30.000000 20.784610 31.000000 20.784610 131
30.500000 19.918584 30.000000 20.784610 131
32.000000 20.784610 32.500000 21.650635 131
31.500000 19.918584 32.000000 20.784610 131
31.000000 20.784610 31.500000 21.650635 131
31.500000 19.918584 31.000000 20.784610 131
32.000000 20.784610 31.500000 21.650635 131
30.000000 19.052559 30.500000 19.918584 131
26.500000 0.866025 27.000000 1.732051 132
27.000000 10.392305 28.000000 10.392305 133
15.500000 26.846788 31.000000 0.000000 134
15.500000 26.846788 0.000000 0.000000 134
31.000000 0.000000 0.000000 0.000000 134
29.000000 10.392305 29.500000 11.258330 135
20.500000 0.866025 21.000000 1.732051 136
20.500000 0.866025 21.500000 0.866025 136
21.500000 0.866025 21.000000 1.732051 136
43.000000 24.248711 43.500000 25.114737 137
42.500000 23.382686 42.000000 24.248711 137
42.000000 24.248711 43.000000 24.248711 137
43.000000 24.248711 42.500000 25.114737 137
42.500000 23.382686 43.000000 24.248711 137
42.500000 25.114737 43.500000 25.114737 137
42.000000 24.248711 42.500000 25.114737 137
14.000000 5.196152 14.500000 6.062178 138
14.000000 5.196152 13.500000 6.062178 138
13.500000 6.062178 14.500000 6.062178 138
38.500000 21.650635 38.000000 22.516660 139
9.500000 2.598076 9.000000 3.464102 140
9.000000 3.464102 10.000000 3.464102 140
9.500000 2.598076 10.000000 3.464102 140
32.500000 18.186533 32.000000 19.052559 141
15.000000 5.196152 14.500000 6.062178 142
22.500000 16.454483 23.500000 16.454483 143
23.000000 15.588457 23.500000 16.454483 143
23.000000 15.588457 22.500000 16.454483 143
30.500000 11.258330 31.000000 12.124356 144
31.500000 11.258330 32.000000 12.124356 144
31.000000 12.124356 32.000000 12.124356 144
30.500000 11.258330 31.500000 11.258330 144
31.500000 11.258330 31.000000 12.124356 144
26.000000 8.660254 26.500000 9.526279 145
16.000000 24.248711 15.500000 25.114737 146
28.500000 12.990381 29.500000 12.990381 147
29.000000 12.124356 28.500000 12.990381 147
29.000000 12.124356 29.500000 12.990381 147
14.500000 16.454483 15.500000 16.454483 148
14.500000 11.258330 15.000000 12.124356 149
39.500000 25.114737 40.500000 25.114737 150
5.000000 6.928203 6.000000 6.928203 151
11.500000 16.454483 12.500000 16.454483 152
33.500000 21.650635 34.500000 21.650635 153
34.500000 21.650635 34.000000 22.516660 153
33.500000 21.650635 34.000000 22.516660 153
41.000000 25.980762 40.500000 26.846788 154
39.500000 26.846788 40.500000 26.846788 154
40.000000 25.980762 41.000000 25.980762 154
40.000000 25.980762 40.500000 26.846788 154
40.500000 25.114737 40.000000 25.980762 154
40.000000 25.980762 39.500000 26.846788 154
40.500000 25.114737 41.000000 25.980762 154
20.500000 11.258330 21.500000 11.258330 155
21.000000 10.392305 22.000000 10.392305 156
21.500000 9.526279 21.000000 10.392305 156
21.500000 9.526279 22.000000 10.392305 156
15.000000 10.392305 14.500000 11.258330 157
22.500000 0.866025 23.000000 1.732051 158
17.000000 6.928203 16.500000 7.794229 159
17.000000 6.928203 17.500000 7.794229 159
16.500000 7.794229 17.500000 7.794229 159
28.000000 5.196152 28.500000 6.062178 160
34.000000 12.124356 33.500000 12.990381 161
15.500000 4.330127 15.000000 5.196152 162
15.500000 4.330127 16.000000 5.196152 162
15.000000 5.196152 16.000000 5.196152 162
14.500000 6.062178 14.000000 6.928203 163
2.000000 3.464102 2.500000 4.330127 164
15.000000 24.248711 14.500000 25.114737 165
14.500000 7.794229 15.000000 8.660254 166
14.000000 6.928203 14.500000 7.794229 166
15.000000 6.928203 15.500000 7.794229 166
15.000000 6.928203 14.500000 7.794229 166
14.000000 6.928203 15.000000 6.928203 166
14.500000 7.794229 15.500000 7.794229 166
15.500000 7.794229 15.000000 8.660254 166
28.500000 9.526279 29.000000 10.392305 167
27.000000 15.588457 26.500000 16.454483 168
26.500000 16.454483 26.000000 17.320508 168
26.000000 15.588457 26.500000 16.454483 168
26.000000 15.588457 27.000000 15.588457 168
25.500000 16.454483 26.500000 16.454483 168
26.000000 15.588457 25.500000 16.454483 168
25.500000 16.454483 26.000000 17.320508 168
23.500000 9.526279 24.000000 10.392305 169
23.500000 9.526279 23.000000 10.392305 169
23.000000 10.392305 24.000000 10.392305 169
27.500000 0.866025 28.000000 1.732051 170
18.000000 8.660254 17.500000 9.526279 171
12.000000 5.196152 11.500000 6.062178 172
11.000000 5.196152 11.500000 6.062178 172
11.000000 5.196152 12.000000 5.196152 172
14.000000 19.052559 14.500000 19.918584 173
15.000000 19.052559 14.500000 19.918584 173
14.000000 19.052559 15.000000 19.052559 173
27.000000 0.000000 27.500000 0.866025 174
27.500000 16.454483 27.000000 17.320508 175
39.000000 22.516660 39.500000 23.382686 176
38.500000 21.650635 39.500000 21.650635 176
40.000000 22.516660 39.500000 23.382686 176
39.500000 21.650635 40.000000 22.516660 176
39.000000 22.516660 40.000000 22.516660 176
38.500000 21.650635 39.000000 22.516660 176
39.500000 21.650635 39.000000 22.516660 176
32.000000 1.732051 1.000000 1.732051 177
33.500000 25.114737 34.000000 25.980762 178
26.500000 6.062178 27.000000 6.928203 179
32.500000 19.918584 33.000000 20.784610 180
17.500000 6.062178 18.500000 6.062178 181
17.500000 4.330127 17.000000 5.196152 181
18.000000 5.196152 19.000000 5.196152 181
17.500000 4.330127 18.500000 4.330127 181
18.000000 5.196152 17.500000 6.062178 181
18.500000 4.330127 18.000000 5.196152 181
17.000000 5.196152 18.000000 5.196152 181
19.000000 5.196152 18.500000 6.062178 181
17.000000 5.196152 17.500000 6.062178 181
18.500000 4.330127 19.000000 5.196152 181
17.500000 4.330127 18.000000 5.196152 181
24.500000 16.454483 25.000000 17.320508 182
24.500000 16.454483 25.500000 16.454483 182
25.000000 15.588457 25.500000 16.454483 182
25.500000 16.454483 25.000000 17.320508 182
25.000000 15.588457 24.500000 16.454483 182
18.500000 16.454483 18.000000 17.320508 183
16.500000 11.258330 17.500000 11.258330 184
17.500000 11.258330 18.000000 12.124356 184
16.500000 11.258330 17.000000 12.124356 184
17.000000 12.124356 18.000000 12.124356 184
17.500000 11.258330 17.000000 12.124356 184
20.500000 2.598076 20.000000 3.464102 185
20.000000 3.464102 21.000000 3.464102 185
20.500000 2.598076 21.000000 3.464102 185
28.000000 5.196152 27.500000 6.062178 186
5.500000 6.062178 6.000000 6.928203 187
36.000000 19.052559 36.500000 19.918584 188
19.000000 20.784610 20.000000 20.784610 189
20.000000 8.660254 20.500000 9.526279 190
19.500000 9.526279 20.500000 9.526279 190
20.000000 8.660254 19.500000 9.526279 190
20.500000 11.258330 21.000000 12.124356 191
19.500000 11.258330 20.000000 12.124356 191
20.000000 12.124356 21.000000 12.124356 191
20.500000 11.258330 20.000000 12.124356 191
20.000000 10.392305 19.500000 11.258330 191
19.500000 11.258330 20.500000 11.258330 191
20.000000 10.392305 20.500000 11.258330 191
26.500000 21.650635 27.000000 22.516660 192
26.500000 21.650635 26.000000 22.516660 192
26.000000 22.516660 27.000000 22.516660 192
35.000000 15.588457 36.000000 15.588457 193
6.500000 6.062178 7.500000 6.062178 194
36.000000 13.856406 37.000000 13.856406 195
37.000000 15.588457 36.500000 16.454483 196
16.500000 18.186533 17.000000 19.052559 197
25.000000 13.856406 25.500000 14.722432 198
12.500000 16.454483 12.000000 17.320508 199
6.000000 10.392305 37.500000 11.258330 200
19.000000 0.000000 19.500000 0.866025 201
31.000000 8.660254 30.500000 9.526279 202
30.500000 9.526279 31.500000 9.526279 202
31.000000 8.660254 31.500000 9.526279 202
40.000000 15.588457 40.500000 16.454483 203
31.500000 4.330127 32.000000 5.196152 204
26.000000 13.856406 26.500000 14.722432 205
41.000000 22.516660 42.000000 22.516660 206
41.500000 21.650635 41.000000 22.516660 206
41.000000 22.516660 41.500000 23.382686 206
41.500000 21.650635 42.000000 22.516660 206
42.000000 22.516660 41.500000 23.382686 206
25.000000 8.660254 24.500000 9.526279 207
25.000000 8.660254 25.500000 9.526279 207
24.000000 8.660254 24.500000 9.526279 207
24.500000 9.526279 25.500000 9.526279 207
25.000000 8.660254 26.000000 8.660254 207
24.000000 8.660254 25.000000 8.660254 207
26.000000 8.660254 25.500000 9.526279 207
5.500000 4.330127 6.500000 4.330127 208
5.000000 5.196152 6.000000 5.196152 208
5.500000 4.330127 6.000000 5.196152 208
5.500000 4.330127 5.000000 5.196152 208
6.500000 4.330127 6.000000 5.196152 208
6.500000 4.330127 7.500000 4.330127 208
6.000000 5.196152 7.000000 5.196152 208
7.500000 4.330127 7.000000 5.196152 208
6.500000 4.330127 7.000000 5.196152 208
18.000000 10.392305 18.500000 11.258330 209
13.500000 18.186533 14.500000 18.186533 210
36.500000 21.650635 36.000000 22.516660 211
14.500000 9.526279 15.000000 10.392305 212
35.000000 19.052559 35.500000 19.918584 213
35.000000 19.052559 36.000000 19.052559 213
36.000000 19.052559 35.500000 19.918584 213
23.500000 19.918584 24.500000 19.918584 214
28.000000 1.732051 27.500000 2.598076 215
24.000000 17.320508 25.000000 17.320508 216
25.000000 17.320508 24.500000 18.186533 216
24.000000 17.320508 24.500000 18.186533 216
4.500000 2.598076 5.500000 2.598076 217
25.500000 19.918584 25.000000 20.784610 218
33.000000 24.248711 32.500000 25.114737 219
35.000000 20.784610 34.500000 21.650635 220
6.000000 6.928203 7.000000 6.928203 221
15.000000 17.320508 16.000000 17.320508 222
15.500000 6.062178 16.000000 6.928203 223
34.000000 19.052559 35.000000 19.052559 224
34.500000 18.186533 35.000000 19.052559 224
34.500000 18.186533 34.000000 19.052559 224
5.000000 5.196152 5.500000 6.062178 225
20.500000 18.186533 21.000000 19.052559 226
32.000000 3.464102 32.500000 4.330127 227
32.000000 3.464102 31.500000 4.330127 227
32.000000 3.464102 33.000000 3.464102 227
33.000000 3.464102 32.500000 4.330127 227
31.500000 4.330127 32.500000 4.330127 227
15.500000 25.114737 15.000000 25.980762 228
21.500000 9.526279 22.500000 9.526279 229
22.000000 6.928203 23.000000 6.928203 230
23.000000 6.928203 22.500000 7.794229 230
22.500000 6.062178 23.000000 6.928203 230
22.500000 6.062178 22.000000 6.928203 230
22.000000 6.928203 22.500000 7.794229 230
40.000000 22.516660 41.000000 22.516660 231
17.500000 6.062178 18.000000 6.928203 232
18.500000 11.258330 19.000000 12.124356 233
18.000000 12.124356 17.500000 12.990381 233
19.000000 12.124356 18.500000 12.990381 233
18.000000 12.124356 18.500000 12.990381 233
18.500000 11.258330 18.000000 12.124356 233
17.500000 12.990381 18.500000 12.990381 233
18.000000 12.124356 19.000000 12.124356 233
22.500000 9.526279 23.500000 9.526279 234
37.500000 19.918584 38.000000 20.784610 235
23.000000 1.732051 22.500000 2.598076 236
15.000000 13.856406 15.500000 14.722432 237
16.000000 13.856406 16.500000 14.722432 237
16.000000 13.856406 15.500000 14.722432 237
15.000000 13.856406 16.000000 13.856406 237
15.500000 14.722432 16.500000 14.722432 237
18.000000 15.588457 18.500000 16.454483 238
4.000000 3.464102 3.500000 4.330127 239
13.000000 20.784610 13.500000 21.650635 240
14.000000 20.784610 13.500000 21.650635 240
12.500000 21.650635 13.500000 21.650635 240
13.000000 20.784610 14.000000 20.784610 240
13.000000 20.784610 12.500000 21.650635 240
19.000000 8.660254 18.500000 9.526279 241
18.000000 8.660254 19.000000 8.660254 241
18.500000 7.794229 19.000000 8.660254 241
18.500000 7.794229 18.000000 8.660254 241
18.000000 8.660254 18.500000 9.526279 241
17.000000 3.464102 18.000000 3.464102 242
44.000000 22.516660 43.500000 23.382686 243
43.000000 22.516660 43.500000 23.382686 243
43.000000 22.516660 44.000000 22.516660 243
15.500000 11.258330 16.000000 12.124356 244
2.500000 0.866025 3.000000 1.732051 245
19.000000 6.928203 19.500000 7.794229 246
18.000000 6.928203 18.500000 7.794229 246
18.500000 7.794229 19.500000 7.794229 246
19.000000 6.928203 18.500000 7.794229 246
18.000000 6.928203 19.000000 6.928203 246
11.000000 3.464102 12.000000 3.464102 247
11.500000 2.598076 11.000000 3.464102 247
11.500000 2.598076 12.000000 3.464102 247
15.000000 1.732051 14.500000 2.598076 248
14.000000 1.732051 15.000000 1.732051 248
14.000000 1.732051 14.500000 2.598076 248
30.000000 15.588457 30.500000 16.454483 249
1.000000 1.732051 2.000000 1.732051 250
22.500000 7.794229 23.000000 8.660254 251
17.000000 1.732051 16.500000 2.598076 252
13.000000 3.464102 14.000000 3.464102 253
13.500000 2.598076 13.000000 3.464102 253
13.500000 2.598076 14.000000 3.464102 253
32.000000 25.980762 33.000000 25.980762 254
33.500000 18.186533 33.000000 19.052559 255
33.000000 19.052559 34.000000 19.052559 255
33.500000 18.186533 34.000000 19.052559 255
32.500000 19.918584 33.500000 19.918584 256
28.500000 26.846788 13.000000 0.000000 257
6.000000 6.928203 6.500000 7.794229 258
26.000000 20.784610 25.500000 21.650635 259
12.000000 17.320508 12.500000 18.186533 260
12.000000 17.320508 11.500000 18.186533 260
13.000000 17.320508 12.500000 18.186533 260
12.000000 17.320508 13.000000 17.320508 260
11.500000 18.186533 12.500000 18.186533 260
3.500000 4.330127 3.000000 5.196152 261
3.500000 4.330127 4.000000 5.196152 261
3.000000 5.196152 4.000000 5.196152 261
39.500000 23.382686 39.000000 24.248711 262
39.500000 23.382686 40.000000 24.248711 262
39.000000 24.248711 40.000000 24.248711 262
27.000000 20.784610 27.500000 21.650635 263
29.500000 2.598076 29.000000 3.464102 264
17.000000 12.124356 16.500000 12.990381 265
16.000000 12.124356 16.500000 12.990381 265
16.000000 12.124356 17.000000 12.124356 265
32.500000 23.382686 33.500000 23.382686 266
18.500000 14.722432 19.000000 15.588457 267
22.000000 1.732051 21.500000 2.598076 268
37.000000 19.052559 37.500000 19.918584 269
23.000000 0.000000 24.000000 0.000000 270
39.500000 26.846788 24.000000 0.000000 270
39.500000 26.846788 23.000000 0.000000 270
15.500000 2.598076 16.500000 2.598076 271
15.000000 1.732051 16.000000 1.732051 271
15.500000 0.866025 16.000000 1.732051 271
15.000000 1.732051 15.500000 2.598076 271
16.000000 1.732051 16.500000 2.598076 271
15.500000 0.866025 15.000000 1.732051 271
16.000000 1.732051 15.500000 2.598076 271
29.000000 19.052559 29.500000 19.918584 272
17.500000 18.186533 18.500000 18.186533 273
37.500000 26.846788 22.000000 0.000000 274
24.000000 15.588457 23.500000 16.454483 275
24.000000 15.588457 24.500000 16.454483 275
23.500000 16.454483 24.500000 16.454483 275
32.500000 18.186533 33.500000 18.186533 276
31.000000 15.588457 32.000000 15.588457 277
6.500000 9.526279 7.500000 9.526279 278
32.500000 12.990381 33.500000 12.990381 279
10.500000 16.454483 10.000000 17.320508 280
0.000000 0.000000 1.000000 0.000000 281
34.000000 24.248711 33.500000 25.114737 282
33.500000 26.846788 17.000000 0.000000 283
1.500000 2.598076 2.500000 2.598076 284
42.500000 25.114737 42.000000 25.980762 285
41.500000 25.114737 42.500000 25.114737 285
41.500000 25.114737 42.000000 25.980762 285
23.500000 6.062178 23.000000 6.928203 286
23.000000 6.928203 24.000000 6.928203 286
23.000000 6.928203 23.500000 7.794229 286
23.500000 6.062178 24.000000 6.928203 286
24.000000 6.928203 23.500000 7.794229 286
31.500000 23.382686 32.500000 23.382686 287
14.500000 4.330127 14.000000 5.196152 288
13.500000 4.330127 14.500000 4.330127 288
13.500000 4.330127 14.000000 5.196152 288
15.000000 17.320508 14.500000 18.186533 289
17.000000 3.464102 16.500000 4.330127 290
18.000000 10.392305 17.500000 11.258330 291
7.500000 11.258330 8.000000 12.124356 292
38.000000 19.052559 37.500000 19.918584 293
28.000000 8.660254 27.500000 9.526279 294
38.000000 22.516660 38.500000 23.382686 295
38.000000 22.516660 37.500000 23.382686 295
37.500000 23.382686 38.500000 23.382686 295
24.000000 10.392305 25.000000 10.392305 296
18.000000 25.980762 17.500000 26.846788 297
30.000000 10.392305 29.500000 11.258330 298
37.000000 19.052559 36.500000 19.918584 299
20.000000 5.196152 21.000000 5.196152 300
9.000000 1.732051 9.500000 2.598076 301
9.000000 1.732051 8.500000 2.598076 301
8.500000 2.598076 9.500000 2.598076 301
13.000000 19.052559 13.500000 19.918584 302
37.000000 15.588457 38.000000 15.588457 303
22.000000 8.660254 23.000000 8.660254 304
45.500000 26.846788 30.000000 0.000000 305
36.000000 15.588457 37.000000 15.588457 306
36.500000 14.722432 36.000000 15.588457 306
36.500000 14.722432 37.000000 15.588457 306
13.500000 19.918584 14.000000 20.784610 307
14.500000 19.918584 14.000000 20.784610 307
13.500000 19.918584 14.500000 19.918584 307
17.000000 17.320508 18.000000 17.320508 308
40.000000 15.588457 9.000000 15.588457 309
4.000000 5.196152 5.000000 5.196152 310
2.000000 0.000000 3.000000 0.000000 311
5.500000 2.598076 6.500000 2.598076 312
5.500000 2.598076 6.000000 3.464102 312
6.500000 2.598076 7.000000 3.464102 312
6.500000 2.598076 6.000000 3.464102 312
6.000000 3.464102 7.000000 3.464102 312
29.000000 1.732051 28.500000 2.598076 313
31.000000 22.516660 31.500000 23.382686 314
6.500000 11.258330 7.000000 12.124356 315
19.500000 6.062178 20.500000 6.062178 316
20.000000 5.196152 20.500000 6.062178 316
20.000000 5.196152 19.500000 6.062178 316
42.500000 21.650635 43.500000 21.650635 317
30.500000 12.990381 31.000000 13.856406 318
42.500000 26.846788 27.000000 0.000000 319
5.500000 9.526279 6.000000 10.392305 320
31.500000 0.866025 0.500000 0.866025 321
6.500000 7.794229 6.000000 8.660254 322
28.500000 18.186533 29.000000 19.052559 323
28.500000 18.186533 29.500000 18.186533 323
29.500000 18.186533 29.000000 19.052559 323
35.500000 19.918584 35.000000 20.784610 324
25.000000 10.392305 26.000000 10.392305 325
36.500000 18.186533 36.000000 19.052559 326
2.500000 2.598076 3.000000 3.464102 327
30.500000 12.990381 30.000000 13.856406 328
28.000000 12.124356 27.500000 12.990381 329
19.000000 17.320508 18.500000 18.186533 330
30.000000 12.124356 29.500000 12.990381 331
30.000000 12.124356 30.500000 12.990381 331
29.500000 12.990381 30.500000 12.990381 331
28.500000 21.650635 29.500000 21.650635 332
29.500000 21.650635 29.000000 22.516660 332
28.500000 21.650635 29.000000 22.516660 332
1.000000 1.732051 32.500000 2.598076 333
8.500000 2.598076 8.000000 3.464102 334
12.000000 3.464102 13.000000 3.464102 335
12.500000 2.598076 12.000000 3.464102 335
12.500000 2.598076 13.000000 3.464102 335
20.000000 1.732051 20.500000 2.598076 336
28.000000 12.124356 29.000000 12.124356 337
29.500000 19.918584 30.500000 19.918584 338
27.000000 10.392305 27.500000 11.258330 339
35.500000 16.454483 36.000000 17.320508 340
28.000000 10.392305 29.000000 10.392305 341
29.500000 26.846788 30.500000 26.846788 342
22.500000 0.866025 23.500000 0.866025 343
34.500000 12.990381 34.000000 13.856406 344
37.000000 13.856406 36.500000 14.722432 345
9.500000 14.722432 10.500000 14.722432 346
10.500000 14.722432 10.000000 15.588457 346
9.500000 14.722432 10.000000 15.588457 346
32.500000 26.846788 17.000000 0.000000 347
36.500000 19.918584 37.000000 20.784610 348
24.000000 20.784610 25.000000 20.784610 349
45.000000 24.248711 14.000000 24.248711 350
2.000000 0.000000 1.500000 0.866025 351
41.000000 24.248711 40.500000 25.114737 352
26.500000 9.526279 27.000000 10.392305 353
19.500000 16.454483 19.000000 17.320508 354
19.500000 16.454483 20.000000 17.320508 354
19.000000 17.320508 20.000000 17.320508 354
0.500000 0.866025 1.000000 1.732051 355
28.000000 1.732051 29.000000 1.732051 356
19.000000 19.052559 18.500000 19.918584 357
16.000000 19.052559 17.000000 19.052559 358
18.000000 19.052559 19.000000 19.052559 359
32.000000 12.124356 33.000000 12.124356 360
24.500000 11.258330 24.000000 12.124356 361
19.000000 3.464102 18.500000 4.330127 362
42.000000 25.980762 42.500000 26.846788 363
22.000000 0.000000 22.500000 0.866025 364
24.000000 13.856406 25.000000 13.856406 365
16.500000 7.794229 16.000000 8.660254 366
30.500000 4.330127 31.000000 5.196152 367
27.000000 6.928203 28.000000 6.928203 368
24.500000 12.990381 25.000000 13.856406 369
38.000000 15.588457 38.500000 16.454483 370
38.000000 15.588457 39.000000 15.588457 370
39.000000 15.588457 38.500000 16.454483 370
27.000000 19.052559 28.000000 19.052559 371
17.500000 2.598076 18.000000 3.464102 372
6.000000 10.392305 7.000000 10.392305 373
23.500000 7.794229 23.000000 8.660254 374
43.500000 23.382686 43.000000 24.248711 375
27.500000 19.918584 27.000000 20.784610 376
27.000000 17.320508 27.500000 18.186533 377
37.500000 18.186533 37.000000 19.052559 378
5.500000 9.526279 6.500000 9.526279 379
10.000000 15.588457 11.000000 15.588457 380
10.000000 3.464102 10.500000 4.330127 381
10.000000 3.464102 11.000000 3.464102 381
11.000000 3.464102 10.500000 4.330127 381
29.000000 20.784610 30.000000 20.784610 382
29.000000 20.784610 29.500000 21.650635 382
29.500000 21.650635 30.500000 21.650635 382
30.000000 20.784610 30.500000 21.650635 382
30.000000 20.784610 29.500000 21.650635 382
13.500000 0.866025 13.000000 1.732051 383
13.500000 0.866025 14.000000 1.732051 383
13.000000 1.732051 14.000000 1.732051 383
27.500000 19.918584 28.000000 20.784610 384
19.000000 6.928203 20.000000 6.928203 385
7.000000 10.392305 6.500000 11.258330 386
42.000000 20.784610 42.500000 21.650635 387
16.500000 26.846788 17.500000 26.846788 388
33.000000 20.784610 34.000000 20.784610 389
19.000000 19.052559 19.500000 19.918584 390
17.000000 17.320508 17.500000 18.186533 391
23.000000 19.052559 23.500000 19.918584 392
18.000000 13.856406 19.000000 13.856406 393
16.500000 4.330127 16.000000 5.196152 394
34.500000 25.114737 34.000000 25.980762 395
3.500000 0.866025 3.000000 1.732051 396
26.500000 18.186533 27.000000 19.052559 397
20.000000 15.588457 19.500000 16.454483 398
10.000000 15.588457 10.500000 16.454483 399
16.000000 6.928203 15.500000 7.794229 400
29.500000 25.114737 29.000000 25.980762 401
34.000000 12.124356 35.000000 12.124356 402
25.500000 9.526279 26.000000 10.392305 403
28.000000 6.928203 27.500000 7.794229 404
9.500000 0.866025 9.000000 1.732051 405
27.500000 21.650635 27.000000 22.516660 406
36.500000 16.454483 36.000000 17.320508 407
19.000000 8.660254 19.500000 9.526279 408
20.000000 10.392305 21.000000 10.392305 409
33.000000 12.124356 34.000000 12.124356 410
24.000000 10.392305 24.500000 11.258330 411
37.500000 12.990381 37.000000 13.856406 412
37.500000 11.258330 37.000000 12.124356 413
29.500000 16.454483 30.500000 16.454483 414
16.000000 5.196152 16.500000 6.062178 415
12.000000 5.196152 12.500000 6.062178 416
19.500000 26.846788 3.000000 0.000000 417
18.500000 26.846788 3.000000 0.000000 417
18.500000 26.846788 19.500000 26.846788 417
18.500000 9.526279 18.000000 10.392305 418
38.500000 26.846788 22.000000 0.000000 419
27.500000 9.526279 28.000000 10.392305 420
23.000000 8.660254 24.000000 8.660254 421
16.500000 0.866025 17.000000 1.732051 422
20.000000 1.732051 21.000000 1.732051 423
14.500000 2.598076 14.000000 3.464102 424
19.500000 11.258330 19.000000 12.124356 425
13.000000 6.928203 13.500000 7.794229 426
31.000000 13.856406 32.000000 13.856406 427
16.000000 3.464102 16.500000 4.330127 428
42.500000 21.650635 42.000000 22.516660 429
29.500000 16.454483 30.000000 17.320508 430
34.000000 20.784610 33.500000 21.650635 431
26.000000 13.856406 27.000000 13.856406 432
20.000000 8.660254 21.000000 8.660254 433
24.500000 18.186533 25.000000 19.052559 434
24.000000 19.052559 23.500000 19.918584 435
31.000000 1.732051 32.000000 1.732051 436
14.500000 25.114737 15.500000 25.114737 437
16.500000 9.526279 17.500000 9.526279 438
17.500000 26.846788 18.500000 26.846788 439
27.500000 21.650635 28.500000 21.650635 440
30.500000 18.186533 31.000000 19.052559 441
13.500000 23.382686 14.500000 23.382686 442
14.500000 23.382686 14.000000 24.248711 442
13.500000 23.382686 14.000000 24.248711 442
23.000000 12.124356 24.000000 12.124356 443
2.000000 0.000000 2.500000 0.866025 444
13.500000 6.062178 13.000000 6.928203 445
36.500000 16.454483 37.500000 16.454483 446
21.000000 6.928203 22.000000 6.928203 447
36.000000 17.320508 35.500000 18.186533 448
30.000000 1.732051 29.500000 2.598076 449
2.500000 2.598076 2.000000 3.464102 450
3.000000 5.196152 3.500000 6.062178 451
17.500000 18.186533 17.000000 19.052559 452
11.000000 15.588457 11.500000 16.454483 453
33.500000 23.382686 34.000000 24.248711 454
19.500000 19.918584 20.500000 19.918584 455
24.000000 1.732051 24.500000 2.598076 456
35.000000 22.516660 36.000000 22.516660 457
33.000000 17.320508 34.000000 17.320508 458
5.000000 3.464102 4.500000 4.330127 459
4.000000 3.464102 4.500000 4.330127 459
5.000000 3.464102 5.500000 4.330127 459
4.500000 4.330127 5.500000 4.330127 459
4.000000 3.464102 5.000000 3.464102 459
36.500000 21.650635 37.000000 22.516660 460
22.500000 19.918584 23.000000 20.784610 461
21.000000 20.784610 20.500000 21.650635 462
28.000000 0.000000 27.500000 0.866025 463
30.000000 25.980762 30.500000 26.846788 464
22.500000 16.454483 22.000000 17.320508 465
43.500000 26.846788 27.000000 0.000000 466
19.000000 0.000000 20.000000 0.000000 467
30.000000 5.196152 29.500000 6.062178 468
29.000000 8.660254 30.000000 8.660254 469
3.000000 1.732051 2.500000 2.598076 470
15.500000 11.258330 15.000000 12.124356 471
20.500000 4.330127 21.500000 4.330127 472
13.000000 1.732051 12.500000 2.598076 473
31.500000 14.722432 32.500000 14.722432 474
15.500000 14.722432 16.000000 15.588457 475
28.500000 23.382686 29.000000 24.248711 476
20.000000 17.320508 21.000000 17.320508 477
12.500000 19.918584 13.500000 19.918584 478
33.000000 22.516660 32.500000 23.382686 479
22.000000 15.588457 23.000000 15.588457 480
25.000000 1.732051 25.500000 2.598076 481
7.500000 9.526279 8.000000 10.392305 482
32.000000 15.588457 33.000000 15.588457 483
11.500000 16.454483 11.000000 17.320508 484
31.500000 2.598076 32.000000 3.464102 485
41.500000 26.846788 42.500000 26.846788 486
28.500000 25.114737 29.500000 25.114737 487
32.000000 19.052559 33.000000 19.052559 488
20.500000 6.062178 21.500000 6.062178 489
2.500000 4.330127 34.000000 5.196152 490
29.000000 0.000000 28.500000 0.866025 491
28.000000 24.248711 27.500000 25.114737 492
31.000000 13.856406 30.500000 14.722432 493
17.500000 26.846788 1.000000 0.000000 494
6.500000 11.258330 38.000000 12.124356 495
19.500000 4.330127 19.000000 5.196152 496
28.500000 16.454483 29.500000 16.454483 497
13.500000 16.454483 13.000000 17.320508 498
21.000000 12.124356 22.000000 12.124356 499
21.500000 19.918584 22.000000 20.784610 500
36.500000 11.258330 37.000000 12.124356 501
6.000000 3.464102 5.500000 4.330127 502
19.500000 7.794229 20.000000 8.660254 503
28.500000 11.258330 28.000000 12.124356 504
27.000000 22.516660 27.500000 23.382686 505
32.500000 11.258330 33.500000 11.258330 506
35.000000 13.856406 34.500000 14.722432 507
22.000000 8.660254 22.500000 9.526279 508
19.500000 19.918584 20.000000 20.784610 509
2.000000 3.464102 33.500000 4.330127 510
14.000000 3.464102 14.500000 4.330127 511
31.500000 18.186533 32.000000 19.052559 512
15.500000 12.990381 15.000000 13.856406 513
14.000000 17.320508 15.000000 17.320508 514
26.000000 12.124356 25.500000 12.990381 515
13.500000 21.650635 14.000000 22.516660 516
19.000000 12.124356 19.500000 12.990381 517
33.000000 15.588457 32.500000 16.454483 518
10.500000 14.722432 11.500000 14.722432 519
27.000000 24.248711 26.500000 25.114737 520
19.500000 6.062178 19.000000 6.928203 521
16.000000 5.196152 15.500000 6.062178 522
29.000000 19.052559 30.000000 19.052559 523
17.000000 8.660254 18.000000 8.660254 524
17.000000 19.052559 17.500000 19.918584 525
15.000000 10.392305 15.500000 11.258330 526
25.000000 20.784610 24.500000 21.650635 527
25.500000 14.722432 26.000000 15.588457 528
2.000000 1.732051 1.500000 2.598076 529
23.000000 1.732051 24.000000 1.732051 530
9.500000 16.454483 10.000000 17.320508 531
19.500000 7.794229 20.500000 7.794229 532
38.000000 17.320508 39.000000 17.320508 533
28.500000 11.258330 29.500000 11.258330 534
7.500000 11.258330 7.000000 12.124356 535
21.500000 0.866025 22.500000 0.866025 536
12.500000 6.062178 12.000000 6.928203 537
14.000000 17.320508 13.500000 18.186533 538
27.000000 0.000000 26.500000 0.866025 539
30.500000 14.722432 31.500000 14.722432 540
27.500000 23.382686 27.000000 24.248711 541
26.500000 19.918584 27.500000 19.918584 542
32.500000 21.650635 33.500000 21.650635 543
13.000000 3.464102 13.500000 4.330127 544
31.000000 1.732051 31.500000 2.598076 545
31.000000 1.732051 30.500000 2.598076 545
30.500000 2.598076 31.500000 2.598076 545
27.500000 23.382686 28.000000 24.248711 546
26.500000 7.794229 27.500000 7.794229 547
28.500000 6.062178 29.000000 6.928203 548
28.500000 19.918584 29.000000 20.784610 549
24.500000 19.918584 24.000000 20.784610 550
16.500000 0.866025 16.000000 1.732051 551
40.000000 24.248711 41.000000 24.248711 552
23.500000 18.186533 24.000000 19.052559 553
32.000000 12.124356 32.500000 12.990381 554
3.500000 2.598076 3.000000 3.464102 555
11.500000 18.186533 11.000000 19.052559 556
31.000000 12.124356 30.500000 12.990381 557
29.500000 4.330127 30.000000 5.196152 558
26.000000 17.320508 27.000000 17.320508 559
2.000000 1.732051 3.000000 1.732051 560
33.000000 25.980762 33.500000 26.846788 561
42.000000 22.516660 43.000000 22.516660 562
28.000000 19.052559 29.000000 19.052559 563
6.000000 8.660254 7.000000 8.660254 564
5.500000 6.062178 6.500000 6.062178 565
17.000000 0.000000 17.500000 0.866025 566
17.000000 8.660254 16.500000 9.526279 567
30.500000 7.794229 30.000000 8.660254 568
35.500000 12.990381 35.000000 13.856406 569
33.000000 13.856406 32.500000 14.722432 570
18.500000 14.722432 19.500000 14.722432 571
42.000000 22.516660 42.500000 23.382686 572
31.000000 10.392305 31.500000 11.258330 573
29.000000 25.980762 29.500000 26.846788 574
33.500000 16.454483 34.000000 17.320508 575
44.000000 22.516660 13.000000 22.516660 576
13.000000 19.052559 14.000000 19.052559 577
35.000000 17.320508 36.000000 17.320508 578
28.500000 21.650635 28.000000 22.516660 579
3.000000 1.732051 3.500000 2.598076 580
37.500000 18.186533 38.000000 19.052559 581
20.500000 9.526279 21.500000 9.526279 582
31.000000 3.464102 32.000000 3.464102 583
25.000000 20.784610 26.000000 20.784610 584
20.000000 6.928203 20.500000 7.794229 585
29.500000 9.526279 30.000000 10.392305 586
33.500000 11.258330 34.500000 11.258330 587
12.000000 1.732051 11.500000 2.598076 588
33.500000 11.258330 33.000000 12.124356 589
4.500000 2.598076 5.000000 3.464102 590
11.000000 17.320508 12.000000 17.320508 591
31.500000 19.918584 32.500000 19.918584 592
7.000000 8.660254 7.500000 9.526279 593
28.000000 24.248711 29.000000 24.248711 594
37.000000 10.392305 37.500000 11.258330 595
12.500000 18.186533 13.500000 18.186533 596
33.500000 26.846788 18.000000 0.000000 597
37.000000 25.980762 37.500000 26.846788 598
37.500000 12.990381 38.000000 13.856406 599
41.500000 26.846788 25.000000 0.000000 600
13.000000 6.928203 14.000000 6.928203 601
31.500000 12.990381 32.000000 13.856406 602
38.000000 12.124356 37.500000 12.990381 603
25.000000 13.856406 26.000000 13.856406 604
24.000000 8.660254 23.500000 9.526279 605
29.500000 19.918584 29.000000 20.784610 606
34.000000 17.320508 35.000000 17.320508 607
20.000000 0.000000 20.500000 0.866025 608
21.000000 0.000000 22.000000 0.000000 609
27.500000 7.794229 28.000000 8.660254 610
30.000000 5.196152 31.000000 5.196152 611
13.500000 7.794229 14.500000 7.794229 612
18.500000 9.526279 19.000000 10.392305 613
41.000000 25.980762 41.500000 26.846788 614
5.000000 5.196152 4.500000 6.062178 615
31.500000 26.846788 32.500000 26.846788 616
15.000000 12.124356 15.500000 12.990381 617
1.000000 0.000000 1.500000 0.866025 618
30.500000 21.650635 31.000000 22.516660 619
28.000000 6.928203 28.500000 7.794229 620
44.000000 22.516660 44.500000 23.382686 621
18.500000 16.454483 19.500000 16.454483 622
21.500000 19.918584 21.000000 20.784610 623
32.000000 20.784610 33.000000 20.784610 624
28.500000 6.062178 28.000000 6.928203 625
14.000000 3.464102 15.000000 3.464102 626
12.000000 19.052559 13.000000 19.052559 627
19.500000 9.526279 19.000000 10.392305 628
41.500000 26.846788 26.000000 0.000000 629
15.000000 25.980762 15.500000 26.846788 630
18.500000 18.186533 19.500000 18.186533 631
30.000000 17.320508 29.500000 18.186533 632
31.500000 14.722432 32.000000 15.588457 633
31.000000 19.052559 32.000000 19.052559 634
31.000000 10.392305 32.000000 10.392305 635
25.500000 0.866025 25.000000 1.732051 636
43.500000 23.382686 44.000000 24.248711 637
37.500000 14.722432 38.500000 14.722432 638
18.000000 17.320508 18.500000 18.186533 639
43.000000 20.784610 43.500000 21.650635 640
12.500000 18.186533 12.000000 19.052559 641
17.500000 18.186533 18.000000 19.052559 642
34.500000 19.918584 35.500000 19.918584 643
19.500000 16.454483 20.500000 16.454483 644
15.000000 12.124356 14.500000 12.990381 645
19.000000 10.392305 20.000000 10.392305 646
33.000000 24.248711 34.000000 24.248711 647
28.000000 3.464102 29.000000 3.464102 648
32.000000 19.052559 32.500000 19.918584 649
36.000000 10.392305 36.500000 11.258330 650
11.000000 15.588457 12.000000 15.588457 651
13.500000 18.186533 13.000000 19.052559 652
30.500000 26.846788 14.000000 0.000000 653
34.000000 20.784610 35.000000 20.784610 654
28.000000 19.052559 28.500000 19.918584 655
38.000000 15.588457 37.500000 16.454483 656
32.000000 22.516660 32.500000 23.382686 657
41.000000 25.980762 42.000000 25.980762 658
