32 32 32 32 32
28.000000 19.052559 29.000000 19.052559 1
28.000000 17.320508 27.500000 18.186533 1
28.000000 19.052559 27.500000 19.918584 1
26.500000 18.186533 27.500000 18.186533 1
28.500000 18.186533 28.000000 19.052559 1
28.000000 19.052559 28.500000 19.918584 1
27.500000 19.918584 28.500000 19.918584 1
29.000000 19.052559 28.500000 19.918584 1
26.500000 18.186533 27.000000 19.052559 1
27.500000 18.186533 28.500000 18.186533 1
27.500000 18.186533 28.000000 19.052559 1
27.000000 19.052559 27.500000 19.918584 1
28.500000 19.918584 28.000000 20.784610 1
27.500000 18.186533 27.000000 19.052559 1
28.500000 18.186533 29.000000 19.052559 1
27.500000 19.918584 28.000000 20.784610 1
28.000000 17.320508 28.500000 18.186533 1
22.500000 9.526279 22.000000 10.392305 2
29.500000 23.382686 29.000000 24.248711 3
28.000000 24.248711 27.500000 25.114737 3
29.000000 24.248711 28.500000 25.114737 3
26.500000 25.114737 27.000000 25.980762 3
27.000000 24.248711 27.500000 25.114737 3
30.000000 24.248711 30.500000 25.114737 3
26.500000 25.114737 26.000000 25.980762 3
26.000000 24.248711 25.500000 25.114737 3
28.500000 23.382686 29.000000 24.248711 3
26.000000 24.248711 26.500000 25.114737 3
27.500000 25.114737 28.000000 25.980762 3
30.500000 25.114737 30.000000 25.980762 3
29.500000 25.114737 30.000000 25.980762 3
29.000000 25.980762 30.000000 25.980762 3
27.500000 23.382686 28.500000 23.382686 3
30.000000 24.248711 29.500000 25.114737 3
29.000000 24.248711 29.500000 25.114737 3
30.000000 25.980762 31.000000 25.980762 3
28.500000 25.114737 29.000000 25.980762 3
27.000000 24.248711 26.500000 25.114737 3
28.500000 23.382686 29.500000 23.382686 3
27.500000 23.382686 27.000000 24.248711 3
29.000000 24.248711 30.000000 24.248711 3
25.500000 25.114737 26.500000 25.114737 3
31.500000 25.114737 31.000000 25.980762 3
26.000000 25.980762 27.000000 25.980762 3
28.500000 25.114737 29.500000 25.114737 3
27.000000 25.980762 28.000000 25.980762 3
29.500000 25.114737 29.000000 25.980762 3
29.000000 22.516660 28.500000 23.382686 3
27.500000 25.114737 27.000000 25.980762 3
28.000000 24.248711 28.500000 25.114737 3
28.000000 24.248711 29.000000 24.248711 3
27.000000 24.248711 28.000000 24.248711 3
26.500000 25.114737 27.500000 25.114737 3
25.500000 25.114737 26.000000 25.980762 3
28.500000 23.382686 28.000000 24.248711 3
30.500000 25.114737 31.000000 25.980762 3
27.500000 25.114737 28.500000 25.114737 3
30.500000 25.114737 31.500000 25.114737 3
29.000000 22.516660 29.500000 23.382686 3
11.000000 15.588457 10.500000 16.454483 4
10.000000 15.588457 11.000000 15.588457 4
10.000000 15.588457 10.500000 16.454483 4
29.500000 6.062178 30.500000 6.062178 5
29.500000 6.062178 30.000000 6.928203 5
29.000000 6.928203 30.000000 6.928203 5
29.500000 6.062178 29.000000 6.928203 5
30.500000 6.062178 30.000000 6.928203 5
28.500000 7.794229 29.500000 7.794229 6
29.000000 6.928203 28.500000 7.794229 6
29.000000 6.928203 29.500000 7.794229 6
23.500000 2.598076 23.000000 3.464102 7
22.500000 2.598076 23.000000 3.464102 7
23.000000 1.732051 22.500000 2.598076 7
22.500000 2.598076 22.000000 3.464102 7
22.500000 0.866025 22.000000 1.732051 7
22.500000 2.598076 23.500000 2.598076 7
23.500000 2.598076 24.000000 3.464102 7
23.000000 3.464102 24.000000 3.464102 7
22.000000 1.732051 22.500000 2.598076 7
22.000000 1.732051 23.000000 1.732051 7
24.000000 1.732051 23.500000 2.598076 7
22.500000 0.866025 23.000000 1.732051 7
22.500000 0.866025 23.500000 0.866025 7
23.500000 0.866025 23.000000 1.732051 7
22.000000 3.464102 23.000000 3.464102 7
23.500000 0.866025 24.000000 1.732051 7
23.000000 1.732051 23.500000 2.598076 7
23.000000 1.732051 24.000000 1.732051 7
40.500000 26.846788 24.000000 0.000000 8
40.500000 16.454483 40.000000 17.320508 9
25.500000 25.114737 25.000000 25.980762 10
31.000000 3.464102 32.000000 3.464102 11
0.000000 0.000000 1.000000 0.000000 11
29.500000 0.866025 30.500000 0.866025 11
31.000000 0.000000 0.000000 0.000000 11
1.000000 1.732051 2.000000 1.732051 11
32.000000 1.732051 1.000000 1.732051 11
33.000000 3.464102 2.000000 3.464102 11
0.500000 0.866025 32.000000 1.732051 11
30.000000 0.000000 31.000000 0.000000 11
30.500000 0.866025 31.500000 0.866025 11
2.500000 2.598076 2.000000 3.464102 11
29.500000 0.866025 30.000000 1.732051 11
32.500000 2.598076 1.500000 2.598076 11
1.500000 2.598076 33.000000 3.464102 11
31.500000 0.866025 32.000000 1.732051 11
2.000000 1.732051 2.500000 2.598076 11
30.000000 0.000000 30.500000 0.866025 11
32.000000 1.732051 31.500000 2.598076 11
31.500000 2.598076 32.000000 3.464102 11
0.500000 0.866025 1.000000 1.732051 11
0.000000 0.000000 0.500000 0.866025 11
1.000000 0.000000 1.500000 0.866025 11
1.000000 1.732051 1.500000 2.598076 11
1.500000 2.598076 2.000000 3.464102 11
0.500000 0.866025 1.500000 0.866025 11
32.000000 3.464102 33.000000 3.464102 11
31.000000 0.000000 30.500000 0.866025 11
1.000000 1.732051 32.500000 2.598076 11
0.000000 0.000000 31.500000 0.866025 11
31.500000 0.866025 0.500000 0.866025 11
31.500000 2.598076 32.500000 2.598076 11
2.000000 1.732051 1.500000 2.598076 11
31.500000 2.598076 31.000000 3.464102 11
32.500000 2.598076 33.000000 3.464102 11
31.000000 0.000000 31.500000 0.866025 11
30.000000 0.000000 29.500000 0.866025 11
30.500000 0.866025 30.000000 1.732051 11
1.000000 0.000000 0.500000 0.866025 11
32.000000 1.732051 32.500000 2.598076 11
10.500000 12.990381 11.500000 12.990381 12
16.000000 5.196152 15.500000 6.062178 12
11.000000 10.392305 11.500000 11.258330 12
11.500000 12.990381 12.500000 12.990381 12
11.000000 10.392305 12.000000 10.392305 12
10.000000 1.732051 10.500000 2.598076 12
11.000000 5.196152 12.000000 5.196152 12
11.000000 6.928203 10.500000 7.794229 12
15.000000 6.928203 16.000000 6.928203 12
11.000000 3.464102 10.500000 4.330127 12
10.500000 11.258330 10.000000 12.124356 12
10.500000 2.598076 11.000000 3.464102 12
16.500000 9.526279 16.000000 10.392305 12
14.500000 6.062178 15.000000 6.928203 12
14.000000 3.464102 13.500000 4.330127 12
11.000000 6.928203 12.000000 6.928203 12
11.000000 8.660254 11.500000 9.526279 12
10.000000 1.732051 9.500000 2.598076 12
14.000000 12.124356 15.000000 12.124356 12
16.000000 10.392305 17.000000 10.392305 12
15.500000 4.330127 16.000000 5.196152 12
17.500000 7.794229 18.000000 8.660254 12
10.500000 9.526279 11.500000 9.526279 12
12.500000 7.794229 13.000000 8.660254 12
13.500000 7.794229 14.000000 8.660254 12
10.000000 12.124356 10.500000 12.990381 12
12.000000 6.928203 11.500000 7.794229 12
16.000000 10.392305 15.500000 11.258330 12
13.500000 9.526279 14.000000 10.392305 12
14.500000 9.526279 14.000000 10.392305 12
16.500000 7.794229 17.500000 7.794229 12
11.500000 9.526279 12.000000 10.392305 12
17.000000 8.660254 16.500000 9.526279 12
14.500000 7.794229 15.500000 7.794229 12
12.500000 9.526279 13.000000 10.392305 12
10.000000 10.392305 11.000000 10.392305 12
13.000000 6.928203 12.500000 7.794229 12
10.500000 6.062178 11.500000 6.062178 12
15.000000 5.196152 15.500000 6.062178 12
16.000000 8.660254 15.500000 9.526279 12
13.500000 11.258330 14.500000 11.258330 12
14.500000 11.258330 15.000000 12.124356 12
16.500000 9.526279 17.000000 10.392305 12
12.500000 4.330127 13.000000 5.196152 12
15.000000 3.464102 15.500000 4.330127 12
10.000000 6.928203 9.500000 7.794229 12
17.000000 8.660254 17.500000 9.526279 12
14.000000 3.464102 14.500000 4.330127 12
11.500000 6.062178 12.500000 6.062178 12
11.000000 12.124356 12.000000 12.124356 12
10.000000 10.392305 10.500000 11.258330 12
10.500000 7.794229 11.000000 8.660254 12
12.500000 12.990381 13.500000 12.990381 12
12.000000 6.928203 13.000000 6.928203 12
12.500000 4.330127 12.000000 5.196152 12
16.500000 4.330127 16.000000 5.196152 12
12.000000 10.392305 12.500000 11.258330 12
13.000000 5.196152 13.500000 6.062178 12
14.000000 5.196152 14.500000 6.062178 12
9.500000 2.598076 10.500000 2.598076 12
16.000000 12.124356 17.000000 12.124356 12
15.500000 9.526279 16.000000 10.392305 12
13.500000 4.330127 14.000000 5.196152 12
15.500000 9.526279 15.000000 10.392305 12
15.500000 4.330127 16.500000 4.330127 12
10.500000 7.794229 11.500000 7.794229 12
13.000000 10.392305 14.000000 10.392305 12
13.000000 10.392305 12.500000 11.258330 12
15.000000 8.660254 14.500000 9.526279 12
12.000000 10.392305 13.000000 10.392305 12
15.000000 8.660254 16.000000 8.660254 12
11.000000 6.928203 11.500000 7.794229 12
16.500000 11.258330 17.000000 12.124356 12
15.500000 11.258330 16.000000 12.124356 12
16.000000 3.464102 16.500000 4.330127 12
17.000000 6.928203 18.000000 6.928203 12
10.500000 2.598076 10.000000 3.464102 12
10.000000 8.660254 9.500000 9.526279 12
9.500000 11.258330 10.500000 11.258330 12
14.000000 3.464102 15.000000 3.464102 12
12.500000 9.526279 12.000000 10.392305 12
15.000000 3.464102 16.000000 3.464102 12
12.500000 6.062178 13.500000 6.062178 12
13.000000 5.196152 12.500000 6.062178 12
17.000000 6.928203 16.500000 7.794229 12
10.000000 6.928203 10.500000 7.794229 12
16.500000 11.258330 16.000000 12.124356 12
18.000000 8.660254 17.500000 9.526279 12
14.000000 12.124356 14.500000 12.990381 12
10.000000 8.660254 11.000000 8.660254 12
10.000000 3.464102 11.000000 3.464102 12
10.500000 4.330127 11.500000 4.330127 12
13.500000 11.258330 14.000000 12.124356 12
12.000000 8.660254 12.500000 9.526279 12
15.000000 10.392305 16.000000 10.392305 12
13.000000 8.660254 12.500000 9.526279 12
9.500000 7.794229 10.000000 8.660254 12
15.000000 8.660254 15.500000 9.526279 12
15.000000 3.464102 14.500000 4.330127 12
10.000000 8.660254 10.500000 9.526279 12
10.000000 3.464102 9.500000 4.330127 12
9.500000 4.330127 10.500000 4.330127 12
12.500000 11.258330 12.000000 12.124356 12
11.500000 4.330127 11.000000 5.196152 12
13.000000 12.124356 13.500000 12.990381 12
16.500000 7.794229 16.000000 8.660254 12
9.000000 1.732051 9.500000 2.598076 12
16.000000 5.196152 16.500000 6.062178 12
15.000000 10.392305 15.500000 11.258330 12
12.000000 6.928203 12.500000 7.794229 12
16.000000 6.928203 15.500000 7.794229 12
13.000000 12.124356 14.000000 12.124356 12
11.000000 5.196152 11.500000 6.062178 12
15.500000 11.258330 15.000000 12.124356 12
10.000000 10.392305 9.500000 11.258330 12
13.500000 7.794229 14.500000 7.794229 12
10.500000 4.330127 10.000000 5.196152 12
11.000000 5.196152 10.500000 6.062178 12
15.000000 12.124356 14.500000 12.990381 12
9.500000 9.526279 10.000000 10.392305 12
15.500000 7.794229 16.500000 7.794229 12
13.000000 8.660254 13.500000 9.526279 12
14.500000 4.330127 15.000000 5.196152 12
16.000000 8.660254 17.000000 8.660254 12
12.000000 5.196152 13.000000 5.196152 12
9.500000 4.330127 10.000000 5.196152 12
17.500000 7.794229 17.000000 8.660254 12
10.500000 11.258330 11.500000 11.258330 12
12.500000 7.794229 13.500000 7.794229 12
10.500000 6.062178 10.000000 6.928203 12
16.500000 7.794229 17.000000 8.660254 12
10.500000 9.526279 11.000000 10.392305 12
15.500000 6.062178 16.000000 6.928203 12
13.000000 6.928203 14.000000 6.928203 12
16.500000 9.526279 17.500000 9.526279 12
9.500000 9.526279 9.000000 10.392305 12
11.000000 3.464102 11.500000 4.330127 12
10.000000 5.196152 10.500000 6.062178 12
9.000000 10.392305 10.000000 10.392305 12
16.000000 10.392305 16.500000 11.258330 12
11.500000 7.794229 12.000000 8.660254 12
14.000000 6.928203 14.500000 7.794229 12
11.500000 11.258330 11.000000 12.124356 12
12.500000 4.330127 13.500000 4.330127 12
9.000000 10.392305 9.500000 11.258330 12
9.500000 2.598076 10.000000 3.464102 12
16.000000 6.928203 17.000000 6.928203 12
14.000000 5.196152 13.500000 6.062178 12
17.000000 10.392305 16.500000 11.258330 12
14.500000 7.794229 14.000000 8.660254 12
15.000000 6.928203 14.500000 7.794229 12
12.500000 9.526279 13.500000 9.526279 12
11.500000 7.794229 11.000000 8.660254 12
14.000000 6.928203 15.000000 6.928203 12
14.000000 10.392305 13.500000 11.258330 12
15.500000 4.330127 15.000000 5.196152 12
12.500000 11.258330 13.500000 11.258330 12
14.500000 7.794229 15.000000 8.660254 12
16.000000 6.928203 16.500000 7.794229 12
12.000000 12.124356 11.500000 12.990381 12
15.500000 6.062178 16.500000 6.062178 12
9.000000 1.732051 10.000000 1.732051 12
10.000000 12.124356 11.000000 12.124356 12
13.500000 4.330127 14.500000 4.330127 12
15.500000 11.258330 16.500000 11.258330 12
12.500000 6.062178 13.000000 6.928203 12
16.000000 8.660254 16.500000 9.526279 12
13.500000 11.258330 13.000000 12.124356 12
13.000000 10.392305 13.500000 11.258330 12
15.000000 10.392305 14.500000 11.258330 12
9.500000 9.526279 10.500000 9.526279 12
15.000000 5.196152 14.500000 6.062178 12
15.500000 7.794229 15.000000 8.660254 12
12.500000 7.794229 12.000000 8.660254 12
13.500000 9.526279 14.500000 9.526279 12
10.500000 9.526279 10.000000 10.392305 12
16.500000 6.062178 17.000000 6.928203 12
18.000000 6.928203 17.500000 7.794229 12
11.000000 8.660254 12.000000 8.660254 12
11.000000 10.392305 10.500000 11.258330 12
14.000000 12.124356 13.500000 12.990381 12
14.500000 4.330127 15.500000 4.330127 12
10.000000 3.464102 10.500000 4.330127 12
11.500000 11.258330 12.000000 12.124356 12
14.000000 5.196152 15.000000 5.196152 12
11.500000 6.062178 12.000000 6.928203 12
14.500000 9.526279 15.000000 10.392305 12
13.000000 12.124356 12.500000 12.990381 12
11.500000 4.330127 12.000000 5.196152 12
13.500000 9.526279 13.000000 10.392305 12
13.500000 7.794229 13.000000 8.660254 12
16.500000 6.062178 16.000000 6.928203 12
10.500000 6.062178 11.000000 6.928203 12
7.000000 3.464102 7.500000 4.330127 13
9.000000 5.196152 8.500000 6.062178 13
8.500000 4.330127 9.000000 5.196152 13
6.000000 5.196152 7.000000 5.196152 13
8.000000 3.464102 7.500000 4.330127 13
8.000000 5.196152 8.500000 6.062178 13
6.000000 3.464102 6.500000 4.330127 13
6.500000 4.330127 7.000000 5.196152 13
6.000000 3.464102 5.500000 4.330127 13
7.500000 4.330127 8.500000 4.330127 13
6.000000 3.464102 7.000000 3.464102 13
8.000000 5.196152 9.000000 5.196152 13
8.000000 5.196152 7.500000 6.062178 13
8.000000 3.464102 9.000000 3.464102 13
6.500000 4.330127 6.000000 5.196152 13
7.500000 4.330127 8.000000 5.196152 13
9.000000 3.464102 8.500000 4.330127 13
7.500000 6.062178 8.500000 6.062178 13
5.500000 4.330127 6.000000 5.196152 13
7.000000 5.196152 7.500000 6.062178 13
5.500000 4.330127 6.500000 4.330127 13
7.000000 5.196152 8.000000 5.196152 13
6.500000 4.330127 7.500000 4.330127 13
7.500000 4.330127 7.000000 5.196152 13
7.000000 3.464102 8.000000 3.464102 13
31.500000 16.454483 32.500000 16.454483 14
32.000000 15.588457 31.500000 16.454483 14
32.000000 15.588457 32.500000 16.454483 14
15.500000 21.650635 16.000000 22.516660 15
41.500000 26.846788 26.000000 0.000000 16
42.500000 26.846788 26.000000 0.000000 16
25.000000 0.000000 26.000000 0.000000 16
40.500000 26.846788 41.500000 26.846788 16
41.500000 26.846788 25.000000 0.000000 16
40.500000 26.846788 25.000000 0.000000 16
41.500000 26.846788 42.500000 26.846788 16
33.500000 12.990381 33.000000 13.856406 17
34.000000 12.124356 33.500000 12.990381 17
33.500000 12.990381 34.000000 13.856406 17
34.500000 12.990381 34.000000 13.856406 17
34.000000 12.124356 34.500000 12.990381 17
33.000000 13.856406 34.000000 13.856406 17
33.500000 12.990381 34.500000 12.990381 17
7.500000 0.866025 7.000000 1.732051 18
6.500000 2.598076 7.500000 2.598076 18
7.000000 1.732051 8.000000 1.732051 18
6.500000 0.866025 7.000000 1.732051 18
6.500000 0.866025 6.000000 1.732051 18
5.500000 0.866025 6.500000 0.866025 18
7.000000 1.732051 7.500000 2.598076 18
6.500000 0.866025 7.500000 0.866025 18
7.000000 1.732051 6.500000 2.598076 18
5.500000 0.866025 6.000000 1.732051 18
6.000000 1.732051 6.500000 2.598076 18
7.000000 0.000000 6.500000 0.866025 18
7.500000 0.866025 8.000000 1.732051 18
7.000000 0.000000 7.500000 0.866025 18
8.000000 1.732051 7.500000 2.598076 18
17.500000 0.866025 17.000000 1.732051 19
17.000000 0.000000 16.500000 0.866025 19
16.000000 0.000000 16.500000 0.866025 19
18.500000 0.866025 19.000000 1.732051 19
32.500000 26.846788 16.000000 0.000000 19
18.000000 0.000000 19.000000 0.000000 19
32.500000 26.846788 33.500000 26.846788 19
16.500000 0.866025 17.500000 0.866025 19
33.000000 25.980762 32.500000 26.846788 19
19.500000 0.866025 19.000000 1.732051 19
17.000000 0.000000 18.000000 0.000000 19
17.500000 0.866025 18.500000 0.866025 19
16.500000 0.866025 16.000000 1.732051 19
33.500000 26.846788 17.000000 0.000000 19
15.500000 0.866025 16.000000 1.732051 19
32.500000 26.846788 17.000000 0.000000 19
19.000000 0.000000 18.500000 0.866025 19
16.000000 0.000000 17.000000 0.000000 19
15.500000 0.866025 16.500000 0.866025 19
33.500000 26.846788 18.000000 0.000000 19
19.000000 0.000000 19.500000 0.866025 19
16.500000 0.866025 17.000000 1.732051 19
18.000000 0.000000 17.500000 0.866025 19
16.000000 0.000000 15.500000 0.866025 19
16.000000 1.732051 17.000000 1.732051 19
18.000000 0.000000 18.500000 0.866025 19
33.000000 25.980762 33.500000 26.846788 19
18.500000 0.866025 19.500000 0.866025 19
36.000000 15.588457 36.500000 16.454483 20
32.000000 5.196152 31.500000 6.062178 21
31.500000 23.382686 32.000000 24.248711 22
31.500000 23.382686 32.500000 23.382686 22
32.500000 23.382686 32.000000 24.248711 22
33.500000 9.526279 33.000000 10.392305 23
17.500000 26.846788 2.000000 0.000000 24
1.000000 0.000000 2.000000 0.000000 24
17.500000 26.846788 1.000000 0.000000 24
28.500000 4.330127 29.000000 5.196152 25
4.000000 1.732051 5.000000 1.732051 26
4.500000 0.866025 5.000000 1.732051 26
4.500000 0.866025 4.000000 1.732051 26
38.000000 15.588457 39.000000 15.588457 27
39.000000 15.588457 39.500000 16.454483 27
38.500000 16.454483 39.500000 16.454483 27
38.000000 15.588457 37.500000 16.454483 27
38.000000 15.588457 38.500000 16.454483 27
39.000000 15.588457 38.500000 16.454483 27
37.500000 16.454483 38.500000 16.454483 27
31.500000 16.454483 31.000000 17.320508 28
30.000000 19.052559 31.000000 19.052559 29
34.000000 20.784610 34.500000 21.650635 30
34.000000 22.516660 33.500000 23.382686 31
33.000000 22.516660 33.500000 23.382686 31
33.000000 22.516660 34.000000 22.516660 31
34.000000 22.516660 34.500000 23.382686 31
33.500000 23.382686 34.500000 23.382686 31
35.500000 14.722432 36.000000 15.588457 32
36.500000 14.722432 36.000000 15.588457 32
35.500000 14.722432 36.500000 14.722432 32
36.000000 13.856406 35.500000 14.722432 32
35.000000 15.588457 36.000000 15.588457 32
36.000000 13.856406 36.500000 14.722432 32
35.500000 14.722432 35.000000 15.588457 32
45.500000 26.846788 30.000000 0.000000 33
27.000000 8.660254 27.500000 9.526279 34
27.000000 6.928203 27.500000 7.794229 34
27.000000 8.660254 26.500000 9.526279 34
27.500000 7.794229 27.000000 8.660254 34
27.500000 7.794229 28.000000 8.660254 34
26.000000 6.928203 25.500000 7.794229 34
26.500000 7.794229 27.000000 8.660254 34
26.000000 6.928203 26.500000 7.794229 34
27.500000 9.526279 28.500000 9.526279 34
28.500000 7.794229 28.000000 8.660254 34
25.500000 7.794229 26.500000 7.794229 34
28.000000 8.660254 27.500000 9.526279 34
26.000000 8.660254 27.000000 8.660254 34
26.000000 8.660254 26.500000 9.526279 34
25.000000 6.928203 25.500000 7.794229 34
27.500000 7.794229 28.500000 7.794229 34
27.000000 8.660254 28.000000 8.660254 34
25.000000 6.928203 26.000000 6.928203 34
26.500000 7.794229 27.500000 7.794229 34
27.000000 6.928203 26.500000 7.794229 34
26.500000 7.794229 26.000000 8.660254 34
28.000000 8.660254 28.500000 9.526279 34
26.000000 6.928203 27.000000 6.928203 34
32.000000 22.516660 33.000000 22.516660 35
32.500000 21.650635 33.000000 22.516660 35
33.000000 22.516660 32.500000 23.382686 35
32.000000 22.516660 32.500000 23.382686 35
32.500000 21.650635 32.000000 22.516660 35
29.500000 7.794229 30.500000 7.794229 36
42.500000 25.114737 43.000000 25.980762 37
42.000000 25.980762 43.000000 25.980762 37
42.500000 25.114737 42.000000 25.980762 37
10.000000 13.856406 10.500000 14.722432 38
9.500000 14.722432 9.000000 15.588457 38
9.000000 15.588457 10.000000 15.588457 38
9.500000 14.722432 10.000000 15.588457 38
9.500000 14.722432 10.500000 14.722432 38
10.000000 13.856406 9.500000 14.722432 38
10.500000 14.722432 10.000000 15.588457 38
42.500000 19.918584 43.000000 20.784610 39
42.500000 19.918584 11.500000 19.918584 39
11.500000 19.918584 43.000000 20.784610 39
11.000000 19.052559 42.500000 19.918584 39
11.000000 19.052559 11.500000 19.918584 39
15.000000 19.052559 14.500000 19.918584 40
15.000000 19.052559 15.500000 19.918584 40
14.500000 19.918584 15.500000 19.918584 40
12.000000 19.052559 12.500000 19.918584 41
34.000000 6.928203 34.500000 7.794229 42
24.500000 25.114737 25.500000 25.114737 43
7.000000 6.928203 6.500000 7.794229 44
29.500000 11.258330 29.000000 12.124356 45
30.000000 12.124356 31.000000 12.124356 45
30.000000 12.124356 30.500000 12.990381 45
29.500000 11.258330 30.000000 12.124356 45
29.500000 11.258330 30.500000 11.258330 45
30.500000 11.258330 31.500000 11.258330 45
30.500000 11.258330 30.000000 12.124356 45
31.500000 11.258330 31.000000 12.124356 45
30.500000 11.258330 31.000000 12.124356 45
31.000000 12.124356 31.500000 12.990381 45
29.000000 12.124356 30.000000 12.124356 45
31.000000 12.124356 30.500000 12.990381 45
30.500000 12.990381 31.500000 12.990381 45
17.500000 19.918584 18.500000 19.918584 46
18.500000 19.918584 19.500000 19.918584 46
19.000000 20.784610 18.500000 21.650635 46
19.500000 19.918584 19.000000 20.784610 46
18.000000 20.784610 17.500000 21.650635 46
17.500000 19.918584 18.000000 20.784610 46
18.500000 21.650635 18.000000 22.516660 46
17.500000 21.650635 18.000000 22.516660 46
17.500000 21.650635 18.500000 21.650635 46
18.000000 20.784610 19.000000 20.784610 46
18.000000 20.784610 18.500000 21.650635 46
18.500000 19.918584 19.000000 20.784610 46
18.500000 19.918584 18.000000 20.784610 46
22.500000 11.258330 23.500000 11.258330 47
22.000000 12.124356 23.000000 12.124356 47
22.500000 11.258330 22.000000 12.124356 47
22.500000 11.258330 23.000000 12.124356 47
23.500000 11.258330 23.000000 12.124356 47
37.500000 18.186533 37.000000 19.052559 48
35.000000 22.516660 34.500000 23.382686 49
39.000000 24.248711 40.000000 24.248711 50
38.500000 25.114737 39.500000 25.114737 50
40.000000 24.248711 39.500000 25.114737 50
39.000000 24.248711 38.500000 25.114737 50
39.000000 24.248711 39.500000 25.114737 50
15.500000 12.990381 16.000000 13.856406 51
24.500000 2.598076 25.500000 2.598076 52
25.000000 1.732051 24.500000 2.598076 52
25.000000 1.732051 25.500000 2.598076 52
39.000000 20.784610 38.500000 21.650635 53
40.000000 20.784610 39.500000 21.650635 53
39.000000 20.784610 39.500000 21.650635 53
38.500000 21.650635 39.500000 21.650635 53
39.000000 20.784610 40.000000 20.784610 53
19.500000 18.186533 20.000000 19.052559 54
23.000000 17.320508 22.500000 18.186533 55
23.000000 19.052559 24.000000 19.052559 55
22.000000 19.052559 23.000000 19.052559 55
24.000000 17.320508 24.500000 18.186533 55
23.000000 17.320508 24.000000 17.320508 55
26.000000 19.052559 25.500000 19.918584 55
22.500000 19.918584 23.000000 20.784610 55
24.000000 17.320508 23.500000 18.186533 55
24.500000 18.186533 24.000000 19.052559 55
23.500000 18.186533 24.500000 18.186533 55
24.000000 19.052559 23.500000 19.918584 55
23.500000 19.918584 23.000000 20.784610 55
22.500000 18.186533 23.000000 19.052559 55
21.500000 18.186533 22.500000 18.186533 55
23.000000 19.052559 22.500000 19.918584 55
22.500000 18.186533 23.500000 18.186533 55
24.500000 19.918584 24.000000 20.784610 55
23.000000 17.320508 23.500000 18.186533 55
24.500000 18.186533 25.000000 19.052559 55
24.000000 19.052559 24.500000 19.918584 55
25.000000 19.052559 24.500000 19.918584 55
24.500000 19.918584 25.500000 19.918584 55
23.500000 19.918584 24.000000 20.784610 55
23.500000 19.918584 24.500000 19.918584 55
22.500000 19.918584 23.500000 19.918584 55
25.000000 19.052559 26.000000 19.052559 55
23.500000 18.186533 23.000000 19.052559 55
22.000000 19.052559 22.500000 19.918584 55
25.000000 19.052559 25.500000 19.918584 55
24.000000 19.052559 25.000000 19.052559 55
21.500000 18.186533 22.000000 19.052559 55
4.000000 5.196152 3.500000 6.062178 56
2.500000 4.330127 3.500000 4.330127 56
3.000000 5.196152 4.000000 5.196152 56
3.000000 3.464102 3.500000 4.330127 56
2.500000 4.330127 3.000000 5.196152 56
4.500000 4.330127 4.000000 5.196152 56
3.500000 4.330127 4.500000 4.330127 56
3.500000 4.330127 3.000000 5.196152 56
3.000000 3.464102 2.500000 4.330127 56
3.500000 4.330127 4.000000 5.196152 56
3.000000 5.196152 3.500000 6.062178 56
10.000000 0.000000 9.500000 0.866025 57
23.500000 14.722432 23.000000 15.588457 58
37.500000 19.918584 38.000000 20.784610 59
38.500000 19.918584 38.000000 20.784610 59
37.500000 19.918584 38.500000 19.918584 59
3.500000 6.062178 35.000000 6.928203 60
26.500000 26.846788 11.000000 0.000000 61
15.500000 16.454483 16.000000 17.320508 62
16.000000 15.588457 16.500000 16.454483 62
17.500000 16.454483 17.000000 17.320508 62
17.000000 15.588457 16.500000 16.454483 62
16.000000 15.588457 17.000000 15.588457 62
17.000000 15.588457 17.500000 16.454483 62
16.500000 16.454483 17.500000 16.454483 62
16.500000 16.454483 16.000000 17.320508 62
16.000000 15.588457 15.500000 16.454483 62
18.000000 15.588457 17.500000 16.454483 62
15.500000 16.454483 16.500000 16.454483 62
17.000000 15.588457 18.000000 15.588457 62
16.000000 17.320508 17.000000 17.320508 62
39.500000 26.846788 23.000000 0.000000 63
22.500000 9.526279 23.000000 10.392305 64
22.000000 8.660254 23.000000 8.660254 64
23.000000 8.660254 23.500000 9.526279 64
21.500000 7.794229 22.500000 7.794229 64
22.500000 7.794229 23.000000 8.660254 64
23.500000 9.526279 23.000000 10.392305 64
22.500000 7.794229 22.000000 8.660254 64
22.500000 9.526279 23.500000 9.526279 64
22.000000 8.660254 22.500000 9.526279 64
21.500000 7.794229 22.000000 8.660254 64
23.000000 10.392305 24.000000 10.392305 64
23.500000 9.526279 24.000000 10.392305 64
23.000000 8.660254 22.500000 9.526279 64
29.500000 26.846788 30.500000 26.846788 65
30.000000 25.980762 29.500000 26.846788 65
14.000000 0.000000 15.000000 0.000000 65
29.500000 26.846788 14.000000 0.000000 65
30.500000 26.846788 15.000000 0.000000 65
30.000000 25.980762 30.500000 26.846788 65
13.000000 0.000000 14.000000 0.000000 65
30.500000 26.846788 14.000000 0.000000 65
29.500000 26.846788 13.000000 0.000000 65
33.500000 16.454483 34.000000 17.320508 66
36.500000 18.186533 37.000000 19.052559 66
36.500000 19.918584 36.000000 20.784610 66
34.000000 17.320508 33.500000 18.186533 66
36.000000 17.320508 36.500000 18.186533 66
34.000000 19.052559 35.000000 19.052559 66
35.000000 19.052559 35.500000 19.918584 66
35.000000 17.320508 36.000000 17.320508 66
33.500000 19.918584 34.500000 19.918584 66
33.000000 17.320508 34.000000 17.320508 66
33.000000 17.320508 33.500000 18.186533 66
33.500000 16.454483 33.000000 17.320508 66
35.500000 18.186533 36.000000 19.052559 66
32.500000 18.186533 33.000000 19.052559 66
34.500000 19.918584 35.500000 19.918584 66
34.500000 18.186533 35.500000 18.186533 66
34.000000 17.320508 35.000000 17.320508 66
33.000000 19.052559 34.000000 19.052559 66
35.500000 19.918584 36.000000 20.784610 66
37.000000 17.320508 36.500000 18.186533 66
35.500000 18.186533 35.000000 19.052559 66
33.500000 18.186533 34.000000 19.052559 66
32.500000 18.186533 33.500000 18.186533 66
35.500000 18.186533 36.500000 18.186533 66
34.500000 18.186533 34.000000 19.052559 66
33.500000 18.186533 33.000000 19.052559 66
36.000000 17.320508 37.000000 17.320508 66
35.000000 19.052559 34.500000 19.918584 66
36.000000 19.052559 36.500000 19.918584 66
33.500000 18.186533 34.500000 18.186533 66
35.000000 19.052559 36.000000 19.052559 66
35.500000 19.918584 36.500000 19.918584 66
34.000000 19.052559 33.500000 19.918584 66
34.000000 19.052559 34.500000 19.918584 66
35.000000 17.320508 35.500000 18.186533 66
34.500000 18.186533 35.000000 19.052559 66
36.000000 17.320508 35.500000 18.186533 66
35.000000 17.320508 34.500000 18.186533 66
34.000000 17.320508 34.500000 18.186533 66
36.500000 18.186533 36.000000 19.052559 66
36.000000 19.052559 37.000000 19.052559 66
24.500000 7.794229 24.000000 8.660254 67
33.500000 11.258330 33.000000 12.124356 68
32.500000 11.258330 33.500000 11.258330 68
32.500000 11.258330 33.000000 12.124356 68
33.500000 11.258330 34.500000 11.258330 68
33.000000 10.392305 34.000000 10.392305 68
33.000000 12.124356 34.000000 12.124356 68
34.500000 11.258330 34.000000 12.124356 68
33.000000 10.392305 33.500000 11.258330 68
33.500000 11.258330 34.000000 12.124356 68
34.000000 10.392305 33.500000 11.258330 68
33.000000 10.392305 32.500000 11.258330 68
18.000000 25.980762 18.500000 26.846788 69
15.500000 26.846788 16.500000 26.846788 70
7.500000 2.598076 8.500000 2.598076 71
7.500000 2.598076 8.000000 3.464102 71
8.500000 2.598076 8.000000 3.464102 71
30.000000 13.856406 31.000000 13.856406 72
30.500000 12.990381 30.000000 13.856406 72
30.500000 12.990381 31.000000 13.856406 72
25.000000 5.196152 24.500000 6.062178 73
25.000000 5.196152 25.500000 6.062178 73
24.500000 6.062178 25.500000 6.062178 73
5.500000 6.062178 5.000000 6.928203 74
21.000000 22.516660 22.000000 22.516660 75
22.500000 21.650635 22.000000 22.516660 75
21.000000 22.516660 20.500000 23.382686 75
21.500000 21.650635 22.500000 21.650635 75
20.000000 22.516660 21.000000 22.516660 75
21.500000 21.650635 22.000000 22.516660 75
20.000000 22.516660 20.500000 23.382686 75
20.500000 21.650635 21.000000 22.516660 75
20.500000 21.650635 21.500000 21.650635 75
19.500000 23.382686 20.500000 23.382686 75
20.500000 21.650635 20.000000 22.516660 75
21.500000 21.650635 21.000000 22.516660 75
20.000000 22.516660 19.500000 23.382686 75
21.000000 22.516660 21.500000 23.382686 75
22.000000 22.516660 21.500000 23.382686 75
17.500000 4.330127 17.000000 5.196152 76
18.000000 3.464102 18.500000 4.330127 76
18.000000 3.464102 17.500000 4.330127 76
16.500000 4.330127 17.000000 5.196152 76
18.500000 4.330127 18.000000 5.196152 76
17.000000 5.196152 18.000000 5.196152 76
17.500000 4.330127 18.500000 4.330127 76
16.500000 4.330127 17.500000 4.330127 76
17.000000 3.464102 18.000000 3.464102 76
17.500000 4.330127 18.000000 5.196152 76
17.000000 3.464102 16.500000 4.330127 76
7.000000 8.660254 8.000000 8.660254 77
21.000000 3.464102 21.500000 4.330127 78
41.500000 23.382686 42.000000 24.248711 79
40.500000 23.382686 41.000000 24.248711 79
40.500000 23.382686 41.500000 23.382686 79
41.500000 23.382686 41.000000 24.248711 79
41.500000 23.382686 42.500000 23.382686 79
41.000000 22.516660 41.500000 23.382686 79
41.000000 22.516660 40.500000 23.382686 79
42.500000 23.382686 42.000000 24.248711 79
41.000000 24.248711 42.000000 24.248711 79
44.500000 26.846788 29.000000 0.000000 80
35.000000 22.516660 35.500000 23.382686 81
35.500000 23.382686 36.500000 23.382686 81
35.500000 23.382686 36.000000 24.248711 81
35.500000 21.650635 35.000000 22.516660 81
36.000000 22.516660 36.500000 23.382686 81
34.500000 21.650635 35.000000 22.516660 81
36.000000 22.516660 35.500000 23.382686 81
36.500000 23.382686 36.000000 24.248711 81
34.500000 21.650635 35.500000 21.650635 81
35.500000 21.650635 36.000000 22.516660 81
35.000000 22.516660 36.000000 22.516660 81
6.500000 11.258330 7.500000 11.258330 82
30.000000 15.588457 29.500000 16.454483 83
11.000000 1.732051 12.000000 1.732051 84
34.500000 7.794229 34.000000 8.660254 85
30.000000 8.660254 29.500000 9.526279 86
31.000000 13.856406 32.000000 13.856406 87
25.000000 22.516660 25.500000 23.382686 88
5.500000 4.330127 5.000000 5.196152 89
33.500000 16.454483 34.500000 16.454483 90
34.000000 15.588457 34.500000 16.454483 90
35.000000 15.588457 34.500000 16.454483 90
34.000000 15.588457 35.000000 15.588457 90
34.000000 15.588457 33.500000 16.454483 90
31.500000 14.722432 31.000000 15.588457 91
21.500000 14.722432 22.000000 15.588457 92
21.500000 14.722432 21.000000 15.588457 92
20.500000 14.722432 21.000000 15.588457 92
19.500000 14.722432 20.000000 15.588457 92
19.500000 14.722432 19.000000 15.588457 92
19.000000 15.588457 20.000000 15.588457 92
19.500000 14.722432 20.500000 14.722432 92
21.000000 15.588457 22.000000 15.588457 92
20.500000 14.722432 21.500000 14.722432 92
20.500000 14.722432 20.000000 15.588457 92
21.000000 13.856406 21.500000 14.722432 92
22.500000 14.722432 22.000000 15.588457 92
20.000000 15.588457 21.000000 15.588457 92
21.000000 13.856406 20.500000 14.722432 92
21.500000 14.722432 22.500000 14.722432 92
13.500000 16.454483 14.500000 16.454483 93
14.500000 16.454483 15.500000 16.454483 93
14.500000 16.454483 15.000000 17.320508 93
14.500000 16.454483 14.000000 17.320508 93
14.000000 17.320508 14.500000 18.186533 93
13.500000 16.454483 14.000000 17.320508 93
15.500000 16.454483 15.000000 17.320508 93
15.000000 17.320508 14.500000 18.186533 93
14.000000 17.320508 15.000000 17.320508 93
19.500000 12.990381 20.000000 13.856406 94
19.000000 13.856406 20.000000 13.856406 94
20.500000 12.990381 20.000000 13.856406 94
19.500000 12.990381 20.500000 12.990381 94
19.500000 12.990381 19.000000 13.856406 94
25.500000 6.062178 26.500000 6.062178 95
26.500000 6.062178 26.000000 6.928203 95
25.500000 6.062178 26.000000 6.928203 95
14.500000 25.114737 15.000000 25.980762 96
20.000000 8.660254 19.500000 9.526279 97
19.500000 9.526279 20.500000 9.526279 97
20.000000 8.660254 20.500000 9.526279 97
19.000000 12.124356 18.500000 12.990381 98
18.500000 11.258330 19.000000 12.124356 98
18.000000 12.124356 19.000000 12.124356 98
18.000000 12.124356 18.500000 12.990381 98
19.000000 10.392305 19.500000 11.258330 98
18.500000 11.258330 19.500000 11.258330 98
19.500000 11.258330 19.000000 12.124356 98
17.500000 11.258330 18.000000 12.124356 98
17.500000 11.258330 18.500000 11.258330 98
19.000000 10.392305 18.500000 11.258330 98
18.500000 11.258330 18.000000 12.124356 98
18.000000 19.052559 18.500000 19.918584 99
6.000000 8.660254 7.000000 8.660254 100
29.500000 9.526279 30.000000 10.392305 101
30.000000 10.392305 31.000000 10.392305 101
30.500000 9.526279 31.000000 10.392305 101
30.500000 9.526279 30.000000 10.392305 101
29.500000 9.526279 30.500000 9.526279 101
35.000000 25.980762 36.000000 25.980762 102
5.500000 7.794229 5.000000 8.660254 103
4.500000 0.866025 5.500000 0.866025 104
5.000000 0.000000 5.500000 0.866025 104
5.000000 0.000000 4.500000 0.866025 104
25.500000 11.258330 26.500000 11.258330 105
26.000000 10.392305 26.500000 11.258330 105
26.000000 10.392305 25.500000 11.258330 105
19.000000 5.196152 18.500000 6.062178 106
18.000000 5.196152 19.000000 5.196152 106
18.000000 5.196152 18.500000 6.062178 106
19.000000 17.320508 18.500000 18.186533 107
17.000000 25.980762 17.500000 26.846788 108
16.500000 25.114737 16.000000 25.980762 108
18.000000 25.980762 17.500000 26.846788 108
16.500000 25.114737 17.000000 25.980762 108
16.500000 26.846788 17.500000 26.846788 108
16.000000 24.248711 16.500000 25.114737 108
17.000000 25.980762 16.500000 26.846788 108
16.000000 25.980762 16.500000 26.846788 108
16.000000 25.980762 17.000000 25.980762 108
15.500000 25.114737 16.500000 25.114737 108
17.000000 25.980762 18.000000 25.980762 108
15.500000 25.114737 16.000000 25.980762 108
16.000000 24.248711 15.500000 25.114737 108
18.000000 15.588457 19.000000 15.588457 109
19.000000 15.588457 19.500000 16.454483 109
19.500000 16.454483 19.000000 17.320508 109
19.000000 17.320508 20.000000 17.320508 109
18.000000 15.588457 18.500000 16.454483 109
19.000000 17.320508 19.500000 18.186533 109
19.500000 16.454483 20.000000 17.320508 109
19.000000 15.588457 18.500000 16.454483 109
18.500000 16.454483 19.000000 17.320508 109
18.500000 16.454483 19.500000 16.454483 109
20.000000 17.320508 19.500000 18.186533 109
25.000000 10.392305 25.500000 11.258330 110
24.500000 11.258330 25.500000 11.258330 110
25.000000 10.392305 24.500000 11.258330 110
33.500000 4.330127 34.000000 5.196152 111
38.500000 16.454483 39.000000 17.320508 112
44.500000 25.114737 45.000000 25.980762 113
44.000000 24.248711 44.500000 25.114737 113
44.500000 25.114737 44.000000 25.980762 113
43.500000 25.114737 44.000000 25.980762 113
44.000000 25.980762 45.000000 25.980762 113
44.000000 24.248711 43.500000 25.114737 113
43.500000 25.114737 44.500000 25.114737 113
9.000000 3.464102 10.000000 3.464102 114
31.500000 4.330127 32.500000 4.330127 115
32.500000 4.330127 32.000000 5.196152 115
31.500000 4.330127 32.000000 5.196152 115
5.500000 9.526279 6.000000 10.392305 116
5.500000 9.526279 6.500000 9.526279 116
6.500000 9.526279 6.000000 10.392305 116
6.500000 9.526279 7.000000 10.392305 116
6.000000 10.392305 7.000000 10.392305 116
27.000000 20.784610 26.500000 21.650635 117
26.000000 20.784610 27.000000 20.784610 117
26.000000 20.784610 26.500000 21.650635 117
25.500000 21.650635 26.500000 21.650635 117
26.000000 20.784610 25.500000 21.650635 117
11.500000 18.186533 12.500000 18.186533 118
22.500000 6.062178 23.500000 6.062178 119
29.500000 18.186533 30.500000 18.186533 120
30.000000 17.320508 30.500000 18.186533 120
30.000000 17.320508 29.500000 18.186533 120
31.500000 26.846788 15.000000 0.000000 121
25.500000 0.866025 26.500000 0.866025 122
26.500000 0.866025 26.000000 1.732051 122
25.500000 0.866025 26.000000 1.732051 122
24.000000 24.248711 25.000000 24.248711 123
32.000000 5.196152 32.500000 6.062178 124
32.000000 5.196152 33.000000 5.196152 124
33.000000 5.196152 32.500000 6.062178 124
14.500000 21.650635 15.000000 22.516660 125
2.500000 2.598076 3.000000 3.464102 126
2.500000 2.598076 3.500000 2.598076 126
3.500000 2.598076 3.000000 3.464102 126
40.000000 19.052559 40.500000 19.918584 127
5.000000 5.196152 5.500000 6.062178 128
27.500000 11.258330 28.500000 11.258330 129
28.500000 11.258330 28.000000 12.124356 129
27.500000 11.258330 28.000000 12.124356 129
23.500000 14.722432 24.500000 14.722432 130
34.500000 9.526279 35.500000 9.526279 131
34.000000 8.660254 34.500000 9.526279 131
35.500000 9.526279 35.000000 10.392305 131
34.500000 9.526279 35.000000 10.392305 131
35.000000 8.660254 34.500000 9.526279 131
34.000000 8.660254 35.000000 8.660254 131
35.000000 8.660254 35.500000 9.526279 131
27.000000 12.124356 28.000000 12.124356 132
44.000000 25.980762 43.500000 26.846788 133
35.500000 25.114737 36.500000 25.114737 134
13.000000 17.320508 12.500000 18.186533 135
14.500000 18.186533 14.000000 19.052559 136
13.500000 18.186533 14.500000 18.186533 136
13.500000 18.186533 14.000000 19.052559 136
12.500000 21.650635 13.000000 22.516660 137
13.000000 17.320508 13.500000 18.186533 138
15.500000 0.866025 15.000000 1.732051 139
38.500000 18.186533 38.000000 19.052559 140
37.000000 10.392305 36.500000 11.258330 141
6.000000 10.392305 37.500000 11.258330 141
37.000000 10.392305 37.500000 11.258330 141
36.500000 11.258330 37.500000 11.258330 141
37.000000 10.392305 6.000000 10.392305 141
22.500000 4.330127 23.500000 4.330127 142
35.000000 20.784610 34.500000 21.650635 143
16.000000 19.052559 17.000000 19.052559 144
16.500000 18.186533 17.000000 19.052559 144
16.500000 18.186533 16.000000 19.052559 144
6.000000 0.000000 7.000000 0.000000 145
22.500000 26.846788 7.000000 0.000000 145
22.500000 26.846788 6.000000 0.000000 145
28.500000 6.062178 28.000000 6.928203 146
27.500000 6.062178 28.000000 6.928203 146
27.500000 6.062178 28.500000 6.062178 146
29.500000 16.454483 30.000000 17.320508 147
29.500000 16.454483 30.500000 16.454483 147
30.500000 16.454483 30.000000 17.320508 147
19.500000 26.846788 3.000000 0.000000 148
18.500000 26.846788 3.000000 0.000000 148
18.500000 26.846788 19.500000 26.846788 148
27.000000 1.732051 28.000000 1.732051 149
27.500000 0.866025 28.000000 1.732051 149
27.500000 0.866025 27.000000 1.732051 149
15.500000 21.650635 16.500000 21.650635 150
22.000000 24.248711 23.000000 24.248711 151
22.500000 23.382686 22.000000 24.248711 151
22.500000 23.382686 23.000000 24.248711 151
30.500000 7.794229 30.000000 8.660254 152
30.500000 7.794229 31.500000 7.794229 152
31.500000 7.794229 31.000000 8.660254 152
30.000000 8.660254 31.000000 8.660254 152
30.500000 7.794229 31.000000 8.660254 152
32.500000 16.454483 32.000000 17.320508 153
32.000000 17.320508 33.000000 17.320508 153
32.500000 16.454483 33.000000 17.320508 153
17.000000 19.052559 17.500000 19.918584 154
8.000000 10.392305 9.000000 10.392305 155
42.500000 23.382686 43.500000 23.382686 156
45.000000 25.980762 46.000000 25.980762 157
45.500000 26.846788 46.500000 26.846788 157
46.000000 25.980762 46.500000 26.846788 157
44.500000 26.846788 45.500000 26.846788 157
46.000000 25.980762 45.500000 26.846788 157
45.000000 25.980762 45.500000 26.846788 157
45.000000 25.980762 44.500000 26.846788 157
30.500000 19.918584 30.000000 20.784610 158
30.500000 19.918584 31.000000 20.784610 158
31.000000 19.052559 30.500000 19.918584 158
31.000000 19.052559 31.500000 19.918584 158
31.500000 19.918584 31.000000 20.784610 158
29.500000 19.918584 30.000000 20.784610 158
29.500000 19.918584 30.500000 19.918584 158
30.000000 20.784610 31.000000 20.784610 158
30.500000 19.918584 31.500000 19.918584 158
14.500000 12.990381 15.000000 13.856406 159
12.000000 17.320508 11.500000 18.186533 160
32.500000 7.794229 33.500000 7.794229 161
33.000000 6.928203 33.500000 7.794229 161
33.000000 6.928203 32.500000 7.794229 161
34.500000 6.062178 3.500000 6.062178 162
29.000000 19.052559 30.000000 19.052559 163
16.500000 14.722432 17.000000 15.588457 164
30.000000 13.856406 29.500000 14.722432 165
29.500000 14.722432 30.000000 15.588457 165
29.500000 14.722432 30.500000 14.722432 165
30.000000 13.856406 30.500000 14.722432 165
30.500000 14.722432 30.000000 15.588457 165
27.500000 2.598076 27.000000 3.464102 166
27.500000 2.598076 28.000000 3.464102 166
27.000000 3.464102 28.000000 3.464102 166
42.000000 22.516660 42.500000 23.382686 167
27.500000 0.866025 28.500000 0.866025 168
20.000000 19.052559 19.500000 19.918584 169
10.500000 16.454483 11.000000 17.320508 170
11.000000 17.320508 11.500000 18.186533 170
9.500000 16.454483 10.500000 16.454483 170
9.500000 16.454483 10.000000 17.320508 170
10.500000 16.454483 10.000000 17.320508 170
10.500000 18.186533 11.500000 18.186533 170
10.000000 17.320508 10.500000 18.186533 170
10.000000 17.320508 11.000000 17.320508 170
11.000000 17.320508 10.500000 18.186533 170
14.000000 1.732051 14.500000 2.598076 171
23.500000 21.650635 23.000000 22.516660 172
23.500000 21.650635 24.000000 22.516660 172
23.000000 22.516660 24.000000 22.516660 172
40.500000 25.114737 40.000000 25.980762 173
33.000000 13.856406 32.500000 14.722432 174
26.500000 11.258330 27.000000 12.124356 175
24.000000 0.000000 23.500000 0.866025 176
20.000000 8.660254 21.000000 8.660254 177
25.000000 20.784610 24.500000 21.650635 178
33.000000 12.124356 32.500000 12.990381 179
13.500000 0.866025 14.000000 1.732051 180
21.000000 24.248711 20.500000 25.114737 181
23.000000 6.928203 24.000000 6.928203 182
26.500000 16.454483 26.000000 17.320508 183
25.500000 16.454483 26.500000 16.454483 183
26.000000 17.320508 27.000000 17.320508 183
25.500000 16.454483 26.000000 17.320508 183
26.500000 16.454483 27.000000 17.320508 183
18.500000 7.794229 19.500000 7.794229 184
18.000000 6.928203 19.000000 6.928203 184
19.000000 6.928203 19.500000 7.794229 184
18.000000 6.928203 18.500000 7.794229 184
19.000000 6.928203 18.500000 7.794229 184
30.000000 5.196152 30.500000 6.062178 185
30.000000 5.196152 31.000000 5.196152 185
31.000000 5.196152 30.500000 6.062178 185
8.000000 12.124356 7.500000 12.990381 186
7.000000 12.124356 8.000000 12.124356 186
7.000000 12.124356 7.500000 12.990381 186
40.000000 19.052559 39.500000 19.918584 187
19.500000 4.330127 19.000000 5.196152 188
45.000000 24.248711 44.500000 25.114737 189
8.500000 2.598076 9.500000 2.598076 190
27.000000 15.588457 26.500000 16.454483 191
13.000000 15.588457 13.500000 16.454483 192
2.500000 0.866025 3.000000 1.732051 193
39.000000 17.320508 40.000000 17.320508 194
19.500000 25.114737 20.500000 25.114737 195
16.000000 22.516660 15.500000 23.382686 196
30.500000 9.526279 31.500000 9.526279 197
8.000000 13.856406 39.500000 14.722432 198
39.500000 14.722432 40.000000 15.588457 198
8.000000 13.856406 9.000000 13.856406 198
8.500000 14.722432 40.000000 15.588457 198
9.000000 13.856406 8.500000 14.722432 198
8.000000 13.856406 8.500000 14.722432 198
39.500000 14.722432 8.500000 14.722432 198
13.500000 19.918584 14.000000 20.784610 199
13.500000 19.918584 14.500000 19.918584 199
13.500000 19.918584 13.000000 20.784610 199
14.500000 19.918584 14.000000 20.784610 199
13.000000 20.784610 14.000000 20.784610 199
28.500000 26.846788 12.000000 0.000000 200
27.500000 26.846788 12.000000 0.000000 200
27.500000 26.846788 28.500000 26.846788 200
26.500000 14.722432 27.000000 15.588457 201
18.000000 8.660254 19.000000 8.660254 202
15.000000 25.980762 16.000000 25.980762 203
16.500000 19.918584 17.000000 20.784610 204
24.500000 26.846788 9.000000 0.000000 205
25.500000 26.846788 9.000000 0.000000 205
24.500000 26.846788 25.500000 26.846788 205
25.000000 25.980762 25.500000 26.846788 205
25.000000 25.980762 24.500000 26.846788 205
21.000000 12.124356 22.000000 12.124356 206
21.500000 25.114737 22.000000 25.980762 207
23.000000 25.980762 22.500000 26.846788 207
22.000000 24.248711 22.500000 25.114737 207
22.000000 25.980762 23.000000 25.980762 207
21.500000 25.114737 22.500000 25.114737 207
22.500000 25.114737 23.500000 25.114737 207
23.500000 25.114737 23.000000 25.980762 207
22.000000 25.980762 22.500000 26.846788 207
22.000000 24.248711 21.500000 25.114737 207
22.500000 25.114737 22.000000 25.980762 207
22.500000 25.114737 23.000000 25.980762 207
36.500000 26.846788 20.000000 0.000000 208
20.000000 0.000000 21.000000 0.000000 208
35.500000 26.846788 20.000000 0.000000 208
35.500000 26.846788 36.500000 26.846788 208
36.500000 26.846788 21.000000 0.000000 208
21.000000 10.392305 20.500000 11.258330 209
35.500000 23.382686 35.000000 24.248711 210
30.000000 6.928203 30.500000 7.794229 211
12.000000 15.588457 13.000000 15.588457 212
14.000000 1.732051 15.000000 1.732051 213
14.500000 0.866025 15.000000 1.732051 213
14.500000 0.866025 14.000000 1.732051 213
22.000000 22.516660 22.500000 23.382686 214
23.000000 22.516660 22.500000 23.382686 214
22.000000 22.516660 23.000000 22.516660 214
32.000000 6.928203 33.000000 6.928203 215
16.500000 23.382686 17.500000 23.382686 216
27.000000 5.196152 27.500000 6.062178 217
20.500000 7.794229 20.000000 8.660254 218
19.000000 12.124356 19.500000 12.990381 219
45.000000 24.248711 14.000000 24.248711 220
13.500000 23.382686 14.000000 24.248711 220
13.500000 23.382686 45.000000 24.248711 220
13.000000 13.856406 14.000000 13.856406 221
13.000000 13.856406 13.500000 14.722432 221
14.000000 13.856406 13.500000 14.722432 221
27.500000 12.990381 27.000000 13.856406 222
26.500000 12.990381 26.000000 13.856406 222
26.500000 12.990381 27.500000 12.990381 222
26.500000 12.990381 27.000000 13.856406 222
26.000000 13.856406 27.000000 13.856406 222
26.000000 0.000000 26.500000 0.866025 223
27.000000 17.320508 28.000000 17.320508 224
24.000000 25.980762 24.500000 26.846788 225
25.500000 4.330127 25.000000 5.196152 226
25.500000 4.330127 26.000000 5.196152 226
25.000000 5.196152 26.000000 5.196152 226
19.500000 11.258330 20.500000 11.258330 227
19.500000 11.258330 20.000000 12.124356 227
20.500000 11.258330 20.000000 12.124356 227
30.000000 22.516660 31.000000 22.516660 228
25.000000 15.588457 26.000000 15.588457 229
20.000000 19.052559 20.500000 19.918584 230
25.000000 13.856406 25.500000 14.722432 231
19.000000 8.660254 18.500000 9.526279 232
31.000000 3.464102 31.500000 4.330127 233
30.000000 3.464102 30.500000 4.330127 233
30.500000 4.330127 31.500000 4.330127 233
30.000000 3.464102 31.000000 3.464102 233
31.000000 3.464102 30.500000 4.330127 233
28.500000 2.598076 29.500000 2.598076 234
36.500000 14.722432 37.500000 14.722432 235
19.500000 0.866025 20.000000 1.732051 236
17.000000 12.124356 18.000000 12.124356 237
27.000000 10.392305 28.000000 10.392305 238
27.500000 9.526279 27.000000 10.392305 238
27.500000 9.526279 28.000000 10.392305 238
32.000000 20.784610 32.500000 21.650635 239
20.000000 1.732051 19.500000 2.598076 240
27.500000 12.990381 28.500000 12.990381 241
29.000000 12.124356 28.500000 12.990381 241
27.500000 12.990381 28.000000 13.856406 241
29.000000 12.124356 29.500000 12.990381 241
28.500000 12.990381 29.500000 12.990381 241
28.000000 12.124356 29.000000 12.124356 241
28.500000 12.990381 28.000000 13.856406 241
28.000000 12.124356 28.500000 12.990381 241
28.000000 12.124356 27.500000 12.990381 241
35.500000 11.258330 35.000000 12.124356 242
35.000000 12.124356 36.000000 12.124356 242
35.500000 11.258330 36.000000 12.124356 242
28.000000 5.196152 28.500000 6.062178 243
29.000000 5.196152 28.500000 6.062178 243
29.000000 5.196152 29.500000 6.062178 243
28.000000 5.196152 29.000000 5.196152 243
28.500000 6.062178 29.500000 6.062178 243
26.000000 3.464102 26.500000 4.330127 244
24.000000 3.464102 23.500000 4.330127 245
23.500000 4.330127 24.000000 5.196152 246
19.000000 25.980762 20.000000 25.980762 247
33.000000 8.660254 33.500000 9.526279 248
33.000000 8.660254 34.000000 8.660254 248
34.000000 8.660254 33.500000 9.526279 248
20.500000 11.258330 21.000000 12.124356 249
30.500000 6.062178 31.000000 6.928203 250
17.500000 12.990381 17.000000 13.856406 251
29.000000 10.392305 29.500000 11.258330 252
29.000000 10.392305 30.000000 10.392305 252
30.000000 10.392305 29.500000 11.258330 252
31.000000 24.248711 31.500000 25.114737 253
20.000000 17.320508 21.000000 17.320508 254
20.500000 16.454483 21.000000 17.320508 254
20.500000 16.454483 20.000000 17.320508 254
8.500000 0.866025 9.000000 1.732051 255
13.000000 0.000000 12.500000 0.866025 256
6.500000 7.794229 6.000000 8.660254 257
34.000000 25.980762 34.500000 26.846788 258
25.000000 17.320508 25.500000 18.186533 259
42.000000 25.980762 41.500000 26.846788 260
35.500000 11.258330 36.500000 11.258330 261
21.000000 17.320508 21.500000 18.186533 262
36.000000 13.856406 37.000000 13.856406 263
30.500000 14.722432 31.500000 14.722432 264
29.500000 12.990381 30.000000 13.856406 265
42.000000 20.784610 41.500000 21.650635 266
12.000000 17.320508 13.000000 17.320508 267
24.500000 7.794229 25.500000 7.794229 268
15.500000 19.918584 16.500000 19.918584 269
16.000000 19.052559 15.500000 19.918584 269
16.500000 19.918584 16.000000 20.784610 269
15.500000 19.918584 16.000000 20.784610 269
16.000000 19.052559 16.500000 19.918584 269
33.000000 24.248711 34.000000 24.248711 270
12.000000 1.732051 12.500000 2.598076 271
12.000000 1.732051 11.500000 2.598076 271
11.500000 2.598076 12.500000 2.598076 271
43.500000 21.650635 43.000000 22.516660 272
25.500000 2.598076 26.500000 2.598076 273
31.500000 19.918584 32.500000 19.918584 274
32.000000 19.052559 32.500000 19.918584 274
32.000000 19.052559 31.500000 19.918584 274
16.000000 13.856406 15.500000 14.722432 275
32.500000 25.114737 32.000000 25.980762 276
24.000000 5.196152 25.000000 5.196152 277
33.500000 7.794229 34.500000 7.794229 278
36.000000 24.248711 35.500000 25.114737 279
9.500000 0.866025 10.000000 1.732051 280
19.500000 9.526279 19.000000 10.392305 281
20.000000 20.784610 21.000000 20.784610 282
21.500000 19.918584 21.000000 20.784610 282
21.000000 19.052559 20.500000 19.918584 282
20.500000 19.918584 21.000000 20.784610 282
20.500000 19.918584 21.500000 19.918584 282
21.000000 19.052559 21.500000 19.918584 282
20.500000 19.918584 20.000000 20.784610 282
23.000000 25.980762 23.500000 26.846788 283
9.000000 6.928203 8.500000 7.794229 284
19.000000 3.464102 20.000000 3.464102 285
18.000000 13.856406 19.000000 13.856406 286
18.500000 12.990381 18.000000 13.856406 286
18.500000 12.990381 19.000000 13.856406 286
28.000000 13.856406 28.500000 14.722432 287
27.500000 14.722432 28.500000 14.722432 287
27.500000 14.722432 28.000000 15.588457 287
28.500000 14.722432 28.000000 15.588457 287
28.000000 13.856406 27.500000 14.722432 287
4.000000 0.000000 3.500000 0.866025 288
31.500000 18.186533 31.000000 19.052559 289
28.500000 14.722432 29.500000 14.722432 290
11.500000 14.722432 11.000000 15.588457 291
8.000000 6.928203 7.500000 7.794229 292
7.500000 6.062178 8.000000 6.928203 292
7.500000 6.062178 7.000000 6.928203 292
7.000000 6.928203 7.500000 7.794229 292
7.000000 6.928203 8.000000 6.928203 292
32.000000 10.392305 31.500000 11.258330 293
37.500000 19.918584 37.000000 20.784610 294
28.000000 1.732051 27.500000 2.598076 295
43.500000 21.650635 12.500000 21.650635 296
12.000000 20.784610 12.500000 21.650635 296
12.000000 20.784610 43.500000 21.650635 296
13.000000 20.784610 12.500000 21.650635 296
12.000000 20.784610 13.000000 20.784610 296
35.500000 7.794229 4.500000 7.794229 297
4.000000 6.928203 4.500000 7.794229 297
4.000000 6.928203 35.500000 7.794229 297
19.500000 25.114737 20.000000 25.980762 298
13.000000 1.732051 13.500000 2.598076 299
20.500000 9.526279 21.500000 9.526279 300
20.500000 9.526279 21.000000 10.392305 300
21.500000 9.526279 21.000000 10.392305 300
20.500000 9.526279 20.000000 10.392305 300
20.000000 10.392305 21.000000 10.392305 300
25.500000 14.722432 26.000000 15.588457 301
28.500000 4.330127 29.500000 4.330127 302
27.500000 4.330127 28.500000 4.330127 302
29.000000 3.464102 28.500000 4.330127 302
28.000000 3.464102 27.500000 4.330127 302
28.500000 2.598076 28.000000 3.464102 302
28.000000 3.464102 28.500000 4.330127 302
28.500000 2.598076 29.000000 3.464102 302
29.000000 3.464102 29.500000 4.330127 302
28.000000 3.464102 29.000000 3.464102 302
11.000000 13.856406 11.500000 14.722432 303
12.000000 13.856406 11.500000 14.722432 303
11.000000 13.856406 12.000000 13.856406 303
42.000000 20.784610 43.000000 20.784610 304
42.000000 20.784610 42.500000 21.650635 304
43.000000 20.784610 42.500000 21.650635 304
17.500000 23.382686 18.000000 24.248711 305
21.500000 19.918584 22.500000 19.918584 306
19.000000 13.856406 19.500000 14.722432 307
18.500000 2.598076 18.000000 3.464102 308
17.500000 2.598076 18.500000 2.598076 308
17.500000 2.598076 18.000000 3.464102 308
9.000000 0.000000 9.500000 0.866025 309
21.000000 0.000000 22.000000 0.000000 310
22.500000 16.454483 23.000000 17.320508 311
28.500000 26.846788 13.000000 0.000000 312
22.000000 0.000000 22.500000 0.866025 313
27.000000 13.856406 26.500000 14.722432 314
24.500000 12.990381 25.000000 13.856406 315
24.000000 13.856406 25.000000 13.856406 315
24.500000 12.990381 24.000000 13.856406 315
12.500000 0.866025 12.000000 1.732051 316
24.000000 22.516660 24.500000 23.382686 317
24.000000 22.516660 23.500000 23.382686 317
23.500000 23.382686 24.500000 23.382686 317
20.500000 18.186533 20.000000 19.052559 318
24.000000 12.124356 23.500000 12.990381 319
41.000000 25.980762 40.500000 26.846788 320
40.000000 25.980762 41.000000 25.980762 320
40.000000 25.980762 40.500000 26.846788 320
28.000000 10.392305 28.500000 11.258330 321
19.000000 1.732051 19.500000 2.598076 322
19.000000 1.732051 18.500000 2.598076 322
18.500000 2.598076 19.500000 2.598076 322
38.000000 13.856406 37.500000 14.722432 323
36.000000 20.784610 37.000000 20.784610 324
9.500000 6.062178 9.000000 6.928203 325
21.500000 23.382686 22.000000 24.248711 326
17.000000 10.392305 17.500000 11.258330 327
29.500000 18.186533 29.000000 19.052559 328
31.000000 1.732051 30.500000 2.598076 329
11.000000 1.732051 10.500000 2.598076 330
37.500000 23.382686 37.000000 24.248711 331
37.500000 16.454483 38.000000 17.320508 332
13.000000 22.516660 44.500000 23.382686 333
44.000000 22.516660 44.500000 23.382686 333
44.000000 22.516660 13.000000 22.516660 333
26.500000 2.598076 27.000000 3.464102 334
19.500000 2.598076 20.500000 2.598076 335
36.500000 19.918584 37.500000 19.918584 336
20.500000 12.990381 21.500000 12.990381 337
36.500000 12.990381 37.500000 12.990381 338
18.000000 22.516660 17.500000 23.382686 339
37.500000 26.846788 38.500000 26.846788 340
38.000000 25.980762 38.500000 26.846788 340
38.000000 25.980762 37.500000 26.846788 340
24.500000 9.526279 25.500000 9.526279 341
28.500000 0.866025 29.500000 0.866025 342
8.000000 8.660254 7.500000 9.526279 343
38.500000 23.382686 39.500000 23.382686 344
39.000000 22.516660 38.500000 23.382686 344
39.000000 22.516660 39.500000 23.382686 344
21.000000 25.980762 22.000000 25.980762 345
28.000000 20.784610 28.500000 21.650635 346
31.000000 22.516660 30.500000 23.382686 347
27.000000 19.052559 26.500000 19.918584 348
11.500000 0.866025 12.000000 1.732051 349
40.000000 15.588457 40.500000 16.454483 350
40.000000 15.588457 39.500000 16.454483 350
39.500000 16.454483 40.500000 16.454483 350
23.000000 15.588457 24.000000 15.588457 351
31.000000 20.784610 32.000000 20.784610 352
31.000000 20.784610 31.500000 21.650635 352
32.000000 20.784610 31.500000 21.650635 352
39.500000 25.114737 40.000000 25.980762 353
12.500000 12.990381 13.000000 13.856406 354
18.000000 24.248711 17.500000 25.114737 355
25.500000 0.866025 25.000000 1.732051 356
24.500000 0.866025 25.500000 0.866025 356
24.500000 0.866025 25.000000 1.732051 356
32.500000 25.114737 33.000000 25.980762 357
21.000000 1.732051 22.000000 1.732051 358
22.000000 1.732051 21.500000 2.598076 358
21.000000 1.732051 21.500000 2.598076 358
42.000000 24.248711 42.500000 25.114737 359
33.500000 4.330127 2.500000 4.330127 360
39.500000 21.650635 40.500000 21.650635 361
39.500000 21.650635 40.000000 22.516660 361
40.500000 21.650635 40.000000 22.516660 361
5.000000 3.464102 5.500000 4.330127 362
4.000000 3.464102 5.000000 3.464102 362
4.000000 3.464102 4.500000 4.330127 362
5.000000 3.464102 4.500000 4.330127 362
4.500000 4.330127 5.500000 4.330127 362
29.500000 2.598076 30.000000 3.464102 363
7.000000 5.196152 6.500000 6.062178 364
23.500000 11.258330 24.000000 12.124356 365
21.500000 6.062178 21.000000 6.928203 366
44.500000 26.846788 28.000000 0.000000 367
43.500000 26.846788 28.000000 0.000000 367
43.500000 26.846788 44.500000 26.846788 367
40.000000 22.516660 40.500000 23.382686 368
32.000000 17.320508 31.500000 18.186533 369
25.500000 23.382686 25.000000 24.248711 370
26.000000 17.320508 25.500000 18.186533 371
25.500000 18.186533 26.500000 18.186533 371
25.500000 18.186533 26.000000 19.052559 371
26.500000 18.186533 26.000000 19.052559 371
26.000000 17.320508 26.500000 18.186533 371
28.000000 13.856406 29.000000 13.856406 372
31.000000 22.516660 31.500000 23.382686 373
44.500000 23.382686 44.000000 24.248711 374
9.500000 12.990381 10.500000 12.990381 375
8.000000 0.000000 9.000000 0.000000 376
35.500000 7.794229 36.000000 8.660254 377
7.500000 11.258330 8.500000 11.258330 378
25.000000 0.000000 24.500000 0.866025 379
12.500000 18.186533 13.000000 19.052559 380
32.000000 19.052559 33.000000 19.052559 381
24.500000 6.062178 24.000000 6.928203 382
8.500000 6.062178 9.000000 6.928203 383
29.000000 20.784610 30.000000 20.784610 384
4.500000 2.598076 5.000000 3.464102 385
33.000000 8.660254 32.500000 9.526279 386
26.500000 0.866025 27.500000 0.866025 387
27.000000 0.000000 27.500000 0.866025 387
27.000000 0.000000 26.500000 0.866025 387
37.000000 17.320508 38.000000 17.320508 388
36.500000 9.526279 5.500000 9.526279 389
12.500000 2.598076 13.000000 3.464102 390
21.500000 6.062178 22.500000 6.062178 391
37.000000 12.124356 38.000000 12.124356 392
35.000000 10.392305 35.500000 11.258330 393
26.500000 4.330127 27.500000 4.330127 394
26.500000 4.330127 27.000000 5.196152 394
27.500000 4.330127 27.000000 5.196152 394
36.500000 16.454483 36.000000 17.320508 395
32.000000 12.124356 33.000000 12.124356 396
15.000000 20.784610 16.000000 20.784610 397
23.000000 0.000000 24.000000 0.000000 398
16.000000 24.248711 17.000000 24.248711 399
35.000000 6.928203 34.500000 7.794229 400
29.000000 1.732051 29.500000 2.598076 401
18.000000 22.516660 18.500000 23.382686 402
44.500000 25.114737 45.500000 25.114737 403
7.000000 0.000000 8.000000 0.000000 404
31.500000 7.794229 32.500000 7.794229 405
13.000000 19.052559 14.000000 19.052559 406
25.500000 9.526279 26.000000 10.392305 407
22.000000 15.588457 21.500000 16.454483 408
3.500000 6.062178 4.500000 6.062178 409
4.500000 6.062178 4.000000 6.928203 409
3.500000 6.062178 4.000000 6.928203 409
4.500000 6.062178 5.000000 6.928203 409
4.000000 6.928203 5.000000 6.928203 409
36.500000 9.526279 37.000000 10.392305 410
20.500000 18.186533 21.000000 19.052559 411
26.000000 12.124356 25.500000 12.990381 412
38.500000 23.382686 39.000000 24.248711 413
28.500000 14.722432 29.000000 15.588457 414
31.000000 8.660254 30.500000 9.526279 415
20.000000 3.464102 19.500000 4.330127 416
20.000000 3.464102 20.500000 4.330127 416
19.500000 4.330127 20.500000 4.330127 416
10.000000 17.320508 41.500000 18.186533 417
31.000000 22.516660 32.000000 22.516660 418
7.500000 7.794229 7.000000 8.660254 419
31.000000 17.320508 30.500000 18.186533 420
36.500000 21.650635 37.500000 21.650635 421
36.500000 21.650635 37.000000 22.516660 421
37.500000 21.650635 37.000000 22.516660 421
37.500000 21.650635 38.000000 22.516660 421
38.000000 22.516660 37.500000 23.382686 421
37.000000 22.516660 37.500000 23.382686 421
37.000000 22.516660 38.000000 22.516660 421
26.500000 14.722432 26.000000 15.588457 422
22.000000 13.856406 23.000000 13.856406 423
16.000000 12.124356 16.500000 12.990381 424
36.000000 15.588457 35.500000 16.454483 425
10.500000 0.866025 10.000000 1.732051 426
22.000000 10.392305 21.500000 11.258330 427
18.500000 6.062178 18.000000 6.928203 428
8.500000 7.794229 9.500000 7.794229 429
22.000000 3.464102 21.500000 4.330127 430
27.500000 19.918584 27.000000 20.784610 431
10.000000 0.000000 10.500000 0.866025 432
26.500000 21.650635 27.000000 22.516660 433
7.500000 11.258330 7.000000 12.124356 434
10.500000 12.990381 11.000000 13.856406 435
18.500000 0.866025 18.000000 1.732051 436
41.500000 19.918584 41.000000 20.784610 437
38.500000 21.650635 38.000000 22.516660 438
31.000000 13.856406 31.500000 14.722432 439
31.000000 25.980762 31.500000 26.846788 440
9.500000 16.454483 41.000000 17.320508 441
40.500000 16.454483 9.500000 16.454483 441
40.500000 16.454483 41.000000 17.320508 441
38.000000 22.516660 39.000000 22.516660 442
12.500000 14.722432 12.000000 15.588457 443
19.000000 22.516660 18.500000 23.382686 444
26.500000 19.918584 27.000000 20.784610 445
11.000000 3.464102 12.000000 3.464102 446
36.000000 25.980762 36.500000 26.846788 447
22.000000 6.928203 22.500000 7.794229 448
10.500000 18.186533 42.000000 19.052559 449
7.500000 0.866025 8.500000 0.866025 450
37.500000 26.846788 21.000000 0.000000 451
20.000000 0.000000 20.500000 0.866025 452
21.000000 17.320508 22.000000 17.320508 453
12.000000 19.052559 13.000000 19.052559 454
8.000000 12.124356 8.500000 12.990381 455
43.000000 24.248711 43.500000 25.114737 456
42.500000 21.650635 42.000000 22.516660 457
42.500000 21.650635 43.000000 22.516660 457
42.000000 22.516660 43.000000 22.516660 457
32.500000 14.722432 33.500000 14.722432 458
24.000000 8.660254 23.500000 9.526279 459
35.500000 26.846788 19.000000 0.000000 460
30.500000 18.186533 31.500000 18.186533 461
13.500000 14.722432 14.000000 15.588457 462
12.000000 0.000000 11.500000 0.866025 463
35.500000 19.918584 35.000000 20.784610 464
34.000000 13.856406 35.000000 13.856406 465
27.500000 26.846788 11.000000 0.000000 466
40.000000 15.588457 9.000000 15.588457 467
13.500000 0.866025 13.000000 1.732051 468
7.500000 9.526279 8.500000 9.526279 469
25.500000 19.918584 25.000000 20.784610 470
24.500000 23.382686 25.000000 24.248711 471
7.000000 8.660254 6.500000 9.526279 472
36.500000 14.722432 37.000000 15.588457 473
32.500000 9.526279 32.000000 10.392305 474
23.500000 25.114737 24.500000 25.114737 475
43.000000 22.516660 43.500000 23.382686 476
31.000000 6.928203 32.000000 6.928203 477
32.000000 6.928203 31.500000 7.794229 477
31.000000 6.928203 31.500000 7.794229 477
39.500000 23.382686 40.500000 23.382686 478
22.500000 19.918584 22.000000 20.784610 479
39.000000 17.320508 39.500000 18.186533 480
19.500000 21.650635 20.000000 22.516660 481
19.500000 21.650635 19.000000 22.516660 481
19.000000 22.516660 20.000000 22.516660 481
8.500000 9.526279 8.000000 10.392305 482
21.000000 5.196152 22.000000 5.196152 483
21.500000 4.330127 22.000000 5.196152 483
21.500000 4.330127 21.000000 5.196152 483
33.500000 25.114737 34.500000 25.114737 484
36.000000 12.124356 37.000000 12.124356 485
37.000000 12.124356 36.500000 12.990381 485
36.000000 12.124356 36.500000 12.990381 485
16.500000 19.918584 17.500000 19.918584 486
31.000000 8.660254 32.000000 8.660254 487
39.500000 23.382686 40.000000 24.248711 488
39.000000 13.856406 39.500000 14.722432 489
39.000000 13.856406 38.500000 14.722432 489
38.000000 13.856406 39.000000 13.856406 489
38.500000 14.722432 39.500000 14.722432 489
38.000000 13.856406 38.500000 14.722432 489
32.000000 8.660254 31.500000 9.526279 490
27.000000 15.588457 27.500000 16.454483 491
13.500000 21.650635 14.000000 22.516660 492
13.500000 21.650635 13.000000 22.516660 492
13.000000 22.516660 14.000000 22.516660 492
15.000000 22.516660 16.000000 22.516660 493
15.000000 25.980762 15.500000 26.846788 494
15.500000 14.722432 15.000000 15.588457 495
39.500000 19.918584 39.000000 20.784610 496
40.000000 20.784610 41.000000 20.784610 497
19.500000 23.382686 19.000000 24.248711 498
19.000000 24.248711 20.000000 24.248711 498
19.500000 23.382686 20.000000 24.248711 498
33.000000 20.784610 34.000000 20.784610 499
8.500000 9.526279 9.500000 9.526279 500
18.500000 9.526279 18.000000 10.392305 501
21.000000 24.248711 21.500000 25.114737 502
43.500000 26.846788 27.000000 0.000000 503
42.500000 26.846788 43.500000 26.846788 503
42.500000 26.846788 27.000000 0.000000 503
9.000000 12.124356 10.000000 12.124356 504
41.000000 25.980762 42.000000 25.980762 505
6.000000 6.928203 7.000000 6.928203 506
24.000000 17.320508 25.000000 17.320508 507
27.000000 1.732051 26.500000 2.598076 508
15.000000 25.980762 46.500000 26.846788 509
41.500000 18.186533 41.000000 19.052559 510
41.500000 18.186533 42.000000 19.052559 510
41.000000 19.052559 42.000000 19.052559 510
25.000000 3.464102 25.500000 4.330127 511
34.000000 24.248711 35.000000 24.248711 512
17.000000 19.052559 18.000000 19.052559 513
18.500000 18.186533 18.000000 19.052559 513
17.500000 18.186533 18.000000 19.052559 513
17.500000 18.186533 18.500000 18.186533 513
17.500000 18.186533 17.000000 19.052559 513
21.500000 26.846788 5.000000 0.000000 514
31.500000 6.062178 32.000000 6.928203 515
17.000000 5.196152 17.500000 6.062178 516
31.500000 9.526279 32.000000 10.392305 517
35.000000 25.980762 35.500000 26.846788 518
23.500000 26.846788 7.000000 0.000000 519
15.000000 22.516660 14.500000 23.382686 520
39.500000 25.114737 39.000000 25.980762 521
20.000000 6.928203 21.000000 6.928203 522
43.500000 23.382686 44.000000 24.248711 523
40.500000 18.186533 41.000000 19.052559 524
15.500000 14.722432 16.000000 15.588457 525
29.500000 21.650635 30.000000 22.516660 526
30.500000 21.650635 30.000000 22.516660 526
29.500000 21.650635 30.500000 21.650635 526
19.000000 25.980762 19.500000 26.846788 527
40.500000 19.918584 41.500000 19.918584 528
38.500000 12.990381 39.000000 13.856406 529
31.000000 1.732051 32.000000 1.732051 530
22.000000 6.928203 23.000000 6.928203 531
22.500000 6.062178 23.000000 6.928203 531
22.500000 6.062178 22.000000 6.928203 531
34.000000 13.856406 33.500000 14.722432 532
21.000000 6.928203 20.500000 7.794229 533
21.000000 6.928203 21.500000 7.794229 533
20.500000 7.794229 21.500000 7.794229 533
10.500000 12.990381 10.000000 13.856406 534
26.500000 9.526279 26.000000 10.392305 535
17.000000 13.856406 17.500000 14.722432 536
31.500000 26.846788 16.000000 0.000000 537
29.000000 0.000000 28.500000 0.866025 538
18.000000 17.320508 18.500000 18.186533 539
25.000000 3.464102 26.000000 3.464102 540
42.000000 24.248711 41.500000 25.114737 541
24.000000 20.784610 24.500000 21.650635 542
23.000000 13.856406 22.500000 14.722432 543
17.000000 17.320508 16.500000 18.186533 544
13.000000 19.052559 13.500000 19.918584 545
19.000000 19.052559 19.500000 19.918584 546
32.000000 10.392305 33.000000 10.392305 547
24.500000 14.722432 24.000000 15.588457 548
37.500000 12.990381 38.000000 13.856406 549
17.500000 9.526279 18.500000 9.526279 550
13.500000 2.598076 13.000000 3.464102 551
30.000000 20.784610 29.500000 21.650635 552
42.000000 19.052559 11.000000 19.052559 553
29.000000 0.000000 30.000000 0.000000 554
16.500000 25.114737 17.500000 25.114737 555
30.500000 6.062178 31.500000 6.062178 556
20.000000 3.464102 21.000000 3.464102 557
21.500000 16.454483 21.000000 17.320508 558
17.000000 20.784610 16.500000 21.650635 559
35.000000 10.392305 36.000000 10.392305 560
34.500000 26.846788 35.500000 26.846788 561
14.000000 15.588457 14.500000 16.454483 562
15.000000 15.588457 14.500000 16.454483 562
14.000000 15.588457 15.000000 15.588457 562
31.000000 10.392305 30.500000 11.258330 563
18.500000 26.846788 2.000000 0.000000 564
24.500000 14.722432 25.500000 14.722432 565
24.500000 6.062178 25.000000 6.928203 566
27.500000 21.650635 28.000000 22.516660 567
5.000000 6.928203 5.500000 7.794229 568
33.000000 24.248711 32.500000 25.114737 569
32.500000 23.382686 33.000000 24.248711 570
24.500000 11.258330 24.000000 12.124356 571
30.500000 16.454483 31.500000 16.454483 572
15.500000 14.722432 16.500000 14.722432 573
9.000000 15.588457 9.500000 16.454483 574
41.500000 21.650635 41.000000 22.516660 575
16.000000 17.320508 15.500000 18.186533 576
23.000000 6.928203 23.500000 7.794229 577
15.000000 13.856406 15.500000 14.722432 578
16.500000 2.598076 17.000000 3.464102 579
33.000000 3.464102 33.500000 4.330127 580
32.500000 4.330127 33.500000 4.330127 580
33.000000 3.464102 32.500000 4.330127 580
33.500000 25.114737 33.000000 25.980762 581
33.000000 25.980762 34.000000 25.980762 581
33.500000 25.114737 34.000000 25.980762 581
12.000000 15.588457 12.500000 16.454483 582
38.500000 25.114737 38.000000 25.980762 583
35.500000 25.114737 36.000000 25.980762 584
26.500000 11.258330 27.500000 11.258330 585
8.000000 10.392305 7.500000 11.258330 586
14.000000 13.856406 14.500000 14.722432 587
37.000000 24.248711 37.500000 25.114737 588
17.000000 20.784610 18.000000 20.784610 589
36.500000 25.114737 37.000000 25.980762 590
14.000000 13.856406 15.000000 13.856406 591
31.000000 20.784610 30.500000 21.650635 592
37.000000 24.248711 36.500000 25.114737 593
2.000000 1.732051 3.000000 1.732051 594
11.500000 2.598076 12.000000 3.464102 595
28.000000 0.000000 27.500000 0.866025 596
15.000000 1.732051 15.500000 2.598076 597
14.500000 2.598076 15.000000 3.464102 598
37.500000 11.258330 38.000000 12.124356 599
31.000000 24.248711 32.000000 24.248711 600
41.000000 24.248711 40.500000 25.114737 601
23.500000 16.454483 24.000000 17.320508 602
28.500000 11.258330 29.500000 11.258330 603
27.000000 22.516660 28.000000 22.516660 604
19.500000 26.846788 20.500000 26.846788 605
32.000000 24.248711 32.500000 25.114737 606
37.000000 15.588457 38.000000 15.588457 607
21.000000 20.784610 22.000000 20.784610 608
35.000000 12.124356 34.500000 12.990381 609
25.500000 19.918584 26.500000 19.918584 610
29.500000 16.454483 29.000000 17.320508 611
4.000000 5.196152 5.000000 5.196152 612
13.500000 14.722432 13.000000 15.588457 613
36.000000 10.392305 36.500000 11.258330 614
26.500000 11.258330 26.000000 12.124356 615
34.500000 23.382686 34.000000 24.248711 616
11.000000 15.588457 11.500000 16.454483 617
20.000000 0.000000 19.500000 0.866025 618
34.000000 10.392305 35.000000 10.392305 619
37.500000 23.382686 38.000000 24.248711 620
34.500000 19.918584 34.000000 20.784610 621
18.500000 14.722432 19.500000 14.722432 622
20.000000 5.196152 21.000000 5.196152 623
31.000000 10.392305 32.000000 10.392305 624
31.500000 11.258330 32.500000 11.258330 625
37.500000 25.114737 38.000000 25.980762 626
22.500000 21.650635 23.500000 21.650635 627
26.500000 2.598076 26.000000 3.464102 628
34.500000 14.722432 34.000000 15.588457 629
18.500000 21.650635 19.000000 22.516660 630
14.000000 20.784610 13.500000 21.650635 631
36.000000 20.784610 35.500000 21.650635 632
31.500000 18.186533 32.500000 18.186533 633
20.000000 20.784610 19.500000 21.650635 634
29.500000 23.382686 30.500000 23.382686 635
32.000000 13.856406 33.000000 13.856406 636
16.500000 2.598076 17.500000 2.598076 637
17.000000 1.732051 16.500000 2.598076 637
17.000000 1.732051 17.500000 2.598076 637
29.500000 0.866025 29.000000 1.732051 638
32.500000 21.650635 33.500000 21.650635 639
13.500000 23.382686 14.500000 23.382686 640
18.500000 25.114737 18.000000 25.980762 641
18.500000 23.382686 18.000000 24.248711 642
29.500000 4.330127 30.000000 5.196152 643
27.500000 16.454483 28.500000 16.454483 644
24.000000 10.392305 25.000000 10.392305 645
23.000000 25.980762 24.000000 25.980762 646
33.500000 14.722432 33.000000 15.588457 647
32.500000 19.918584 32.000000 20.784610 648
19.000000 20.784610 19.500000 21.650635 649
36.500000 11.258330 37.000000 12.124356 650
28.000000 1.732051 28.500000 2.598076 651
22.500000 7.794229 23.500000 7.794229 652
19.500000 26.846788 4.000000 0.000000 653
34.500000 16.454483 35.500000 16.454483 654
24.500000 16.454483 25.000000 17.320508 655
24.500000 16.454483 25.500000 16.454483 655
25.500000 16.454483 25.000000 17.320508 655
14.500000 14.722432 15.000000 15.588457 656
29.500000 21.650635 29.000000 22.516660 657
16.000000 20.784610 16.500000 21.650635 658
17.500000 14.722432 18.000000 15.588457 659
18.500000 14.722432 18.000000 15.588457 659
17.500000 14.722432 18.500000 14.722432 659
4.500000 7.794229 5.500000 7.794229 660
22.000000 5.196152 23.000000 5.196152 661
28.500000 9.526279 29.500000 9.526279 662
22.000000 3.464102 22.500000 4.330127 663
27.000000 12.124356 26.500000 12.990381 664
30.000000 1.732051 29.500000 2.598076 665
23.000000 15.588457 23.500000 16.454483 666
34.500000 14.722432 35.500000 14.722432 667
20.500000 2.598076 21.000000 3.464102 668
24.500000 4.330127 25.000000 5.196152 669
21.500000 12.990381 21.000000 13.856406 670
22.000000 12.124356 21.500000 12.990381 671
28.500000 16.454483 28.000000 17.320508 672
20.500000 2.598076 21.500000 2.598076 673
28.000000 22.516660 29.000000 22.516660 674
31.500000 12.990381 32.000000 13.856406 675
5.000000 1.732051 6.000000 1.732051 676
21.500000 12.990381 22.500000 12.990381 677
23.500000 16.454483 24.500000 16.454483 678
25.000000 8.660254 25.500000 9.526279 679
36.500000 12.990381 36.000000 13.856406 680
20.000000 24.248711 21.000000 24.248711 681
6.000000 10.392305 6.500000 11.258330 682
25.500000 26.846788 26.500000 26.846788 683
27.000000 10.392305 27.500000 11.258330 684
17.500000 6.062178 17.000000 6.928203 685
5.000000 8.660254 5.500000 9.526279 686
8.000000 12.124356 9.000000 12.124356 687
24.500000 2.598076 25.000000 3.464102 688
21.000000 25.980762 21.500000 26.846788 689
18.500000 23.382686 19.500000 23.382686 690
15.500000 23.382686 16.000000 24.248711 691
15.000000 24.248711 16.000000 24.248711 691
15.500000 23.382686 15.000000 24.248711 691
31.500000 12.990381 32.500000 12.990381 692
9.000000 13.856406 9.500000 14.722432 693
41.500000 19.918584 42.000000 20.784610 694
16.000000 22.516660 17.000000 22.516660 695
33.500000 23.382686 33.000000 24.248711 696
20.500000 6.062178 20.000000 6.928203 697
19.500000 6.062178 20.000000 6.928203 697
19.500000 6.062178 20.500000 6.062178 697
31.500000 14.722432 32.000000 15.588457 698
33.000000 20.784610 33.500000 21.650635 699
16.500000 12.990381 17.000000 13.856406 700
28.000000 25.980762 27.500000 26.846788 701
38.000000 12.124356 38.500000 12.990381 702
36.500000 23.382686 37.500000 23.382686 703
23.500000 2.598076 24.500000 2.598076 704
24.000000 1.732051 25.000000 1.732051 705
35.000000 24.248711 35.500000 25.114737 706
28.500000 21.650635 29.500000 21.650635 707
6.500000 2.598076 7.000000 3.464102 708
43.500000 21.650635 44.000000 22.516660 709
29.000000 8.660254 29.500000 9.526279 710
23.500000 21.650635 24.500000 21.650635 711
16.000000 22.516660 16.500000 23.382686 712
7.500000 9.526279 7.000000 10.392305 713
28.000000 6.928203 27.500000 7.794229 714
20.000000 13.856406 21.000000 13.856406 715
37.000000 15.588457 36.500000 16.454483 716
26.000000 8.660254 25.500000 9.526279 717
12.500000 19.918584 12.000000 20.784610 718
15.000000 12.124356 15.500000 12.990381 719
40.000000 24.248711 40.500000 25.114737 720
36.000000 20.784610 36.500000 21.650635 721
9.000000 0.000000 8.500000 0.866025 722
11.000000 0.000000 11.500000 0.866025 723
13.500000 2.598076 14.500000 2.598076 724
3.000000 1.732051 4.000000 1.732051 725
36.000000 8.660254 36.500000 9.526279 726
23.500000 0.866025 24.500000 0.866025 727
44.000000 22.516660 43.500000 23.382686 728
22.000000 17.320508 23.000000 17.320508 729
17.500000 12.990381 18.500000 12.990381 730
17.000000 24.248711 17.500000 25.114737 731
8.500000 12.990381 9.500000 12.990381 732
16.500000 14.722432 17.500000 14.722432 733
26.500000 4.330127 26.000000 5.196152 734
18.000000 1.732051 17.500000 2.598076 735
34.000000 5.196152 3.000000 5.196152 736
6.000000 6.928203 5.500000 7.794229 737
30.500000 4.330127 30.000000 5.196152 738
7.500000 12.990381 8.000000 13.856406 739
20.000000 12.124356 20.500000 12.990381 740
15.500000 18.186533 15.000000 19.052559 741
43.500000 23.382686 43.000000 24.248711 742
38.500000 23.382686 38.000000 24.248711 743
22.000000 20.784610 22.500000 21.650635 744
26.000000 12.124356 26.500000 12.990381 745
26.000000 1.732051 25.500000 2.598076 746
6.500000 6.062178 7.000000 6.928203 747
7.000000 10.392305 8.000000 10.392305 748
38.500000 14.722432 38.000000 15.588457 749
19.500000 18.186533 19.000000 19.052559 750
29.000000 20.784610 28.500000 21.650635 751
23.000000 24.248711 24.000000 24.248711 752
11.500000 18.186533 11.000000 19.052559 753
13.000000 13.856406 12.500000 14.722432 754
11.500000 16.454483 12.000000 17.320508 755
21.500000 9.526279 22.000000 10.392305 756
20.500000 0.866025 20.000000 1.732051 757
30.000000 15.588457 31.000000 15.588457 758
20.000000 10.392305 19.500000 11.258330 759
5.000000 1.732051 4.500000 2.598076 760
32.500000 6.062178 32.000000 6.928203 761
23.000000 12.124356 23.500000 12.990381 762
11.000000 19.052559 12.000000 19.052559 763
38.000000 20.784610 37.500000 21.650635 764
39.500000 21.650635 39.000000 22.516660 765
24.000000 5.196152 23.500000 6.062178 766
24.500000 9.526279 25.000000 10.392305 767
16.000000 1.732051 15.500000 2.598076 768
24.000000 12.124356 25.000000 12.124356 769
23.000000 0.000000 22.500000 0.866025 770
27.500000 21.650635 28.500000 21.650635 771
10.500000 14.722432 11.500000 14.722432 772
30.500000 2.598076 30.000000 3.464102 773
11.500000 16.454483 12.500000 16.454483 774
14.000000 24.248711 15.000000 24.248711 775
18.000000 10.392305 19.000000 10.392305 776
15.500000 2.598076 16.500000 2.598076 777
22.000000 10.392305 22.500000 11.258330 778
24.000000 8.660254 25.000000 8.660254 779
12.500000 0.866025 13.500000 0.866025 780
25.000000 24.248711 26.000000 24.248711 781
14.500000 23.382686 15.000000 24.248711 782
20.500000 4.330127 21.000000 5.196152 783
31.000000 25.980762 32.000000 25.980762 784
5.000000 1.732051 5.500000 2.598076 785
29.000000 15.588457 28.500000 16.454483 786
12.000000 1.732051 13.000000 1.732051 787
17.000000 10.392305 18.000000 10.392305 788
38.000000 25.980762 39.000000 25.980762 789
36.000000 24.248711 37.000000 24.248711 790
41.000000 19.052559 41.500000 19.918584 791
20.000000 5.196152 19.500000 6.062178 792
8.500000 7.794229 9.000000 8.660254 793
24.000000 8.660254 24.500000 9.526279 794
24.500000 25.114737 24.000000 25.980762 795
10.000000 0.000000 11.000000 0.000000 796
32.500000 7.794229 32.000000 8.660254 797
23.500000 4.330127 24.500000 4.330127 798
43.000000 24.248711 42.500000 25.114737 799
25.500000 11.258330 25.000000 12.124356 800
23.500000 6.062178 24.000000 6.928203 801
29.000000 15.588457 30.000000 15.588457 802
11.500000 14.722432 12.000000 15.588457 803
41.000000 17.320508 41.500000 18.186533 804
28.500000 19.918584 29.500000 19.918584 805
7.000000 12.124356 38.500000 12.990381 806
36.000000 8.660254 5.000000 8.660254 807
35.000000 13.856406 34.500000 14.722432 808
3.500000 0.866025 3.000000 1.732051 809
12.500000 19.918584 13.500000 19.918584 810
37.500000 18.186533 38.000000 19.052559 811
25.500000 23.382686 26.500000 23.382686 812
24.500000 21.650635 25.500000 21.650635 813
21.500000 0.866025 22.500000 0.866025 814
8.500000 11.258330 9.000000 12.124356 815
21.000000 10.392305 21.500000 11.258330 816
12.500000 12.990381 12.000000 13.856406 817
33.500000 6.062178 34.500000 6.062178 818
41.500000 25.114737 42.000000 25.980762 819
40.500000 21.650635 41.000000 22.516660 820
21.000000 6.928203 22.000000 6.928203 821
5.000000 8.660254 6.000000 8.660254 822
37.500000 12.990381 37.000000 13.856406 823
5.500000 2.598076 6.500000 2.598076 824
23.000000 13.856406 23.500000 14.722432 825
24.000000 24.248711 23.500000 25.114737 826
17.500000 16.454483 18.000000 17.320508 827
37.000000 13.856406 37.500000 14.722432 828
38.000000 24.248711 38.500000 25.114737 829
22.000000 15.588457 22.500000 16.454483 830
15.500000 26.846788 31.000000 0.000000 831
31.500000 18.186533 32.000000 19.052559 832
3.500000 2.598076 4.500000 2.598076 833
31.000000 15.588457 30.500000 16.454483 834
21.000000 20.784610 20.500000 21.650635 835
35.500000 12.990381 36.500000 12.990381 836
21.500000 7.794229 21.000000 8.660254 837
39.000000 19.052559 40.000000 19.052559 838
33.500000 7.794229 33.000000 8.660254 839
32.000000 8.660254 33.000000 8.660254 840
41.000000 20.784610 41.500000 21.650635 841
26.000000 13.856406 25.500000 14.722432 842
34.500000 25.114737 35.500000 25.114737 843
25.000000 12.124356 25.500000 12.990381 844
13.000000 17.320508 14.000000 17.320508 845
12.500000 16.454483 13.000000 17.320508 846
20.000000 6.928203 19.500000 7.794229 847
26.000000 25.980762 25.500000 26.846788 848
3.000000 0.000000 3.500000 0.866025 849
20.500000 25.114737 21.000000 25.980762 850
12.000000 3.464102 13.000000 3.464102 851
20.500000 26.846788 21.500000 26.846788 852
14.000000 22.516660 15.000000 22.516660 853
26.500000 23.382686 26.000000 24.248711 854
38.000000 17.320508 37.500000 18.186533 855
33.500000 14.722432 34.000000 15.588457 856
24.000000 3.464102 25.000000 3.464102 857
18.500000 16.454483 18.000000 17.320508 858
35.000000 12.124356 35.500000 12.990381 859
