32 32 32 32 32
39.000000 19.052559 39.500000 19.918584 1
41.000000 20.784610 42.000000 20.784610 1
39.500000 19.918584 40.500000 19.918584 1
39.000000 19.052559 38.500000 19.918584 1
41.000000 20.784610 41.500000 21.650635 1
40.000000 22.516660 41.000000 22.516660 1
40.500000 19.918584 40.000000 20.784610 1
42.000000 20.784610 41.500000 21.650635 1
39.500000 19.918584 39.000000 20.784610 1
40.500000 19.918584 41.500000 19.918584 1
41.500000 19.918584 42.000000 20.784610 1
38.500000 21.650635 39.500000 21.650635 1
41.500000 19.918584 41.000000 20.784610 1
39.000000 22.516660 40.000000 22.516660 1
41.000000 19.052559 41.500000 19.918584 1
40.000000 20.784610 40.500000 21.650635 1
39.500000 21.650635 40.500000 21.650635 1
40.500000 21.650635 41.500000 21.650635 1
39.000000 20.784610 39.500000 21.650635 1
40.000000 20.784610 39.500000 21.650635 1
41.000000 19.052559 40.500000 19.918584 1
39.000000 20.784610 38.500000 21.650635 1
38.500000 19.918584 39.000000 20.784610 1
38.500000 19.918584 39.500000 19.918584 1
40.000000 20.784610 41.000000 20.784610 1
39.500000 21.650635 40.000000 22.516660 1
41.500000 21.650635 41.000000 22.516660 1
41.000000 20.784610 40.500000 21.650635 1
40.500000 21.650635 41.000000 22.516660 1
39.500000 21.650635 39.000000 22.516660 1
38.500000 21.650635 39.000000 22.516660 1
39.000000 20.784610 40.000000 20.784610 1
22.500000 14.722432 23.500000 14.722432 2
23.000000 17.320508 23.500000 18.186533 2
22.000000 15.588457 22.500000 16.454483 2
23.000000 19.052559 23.500000 19.918584 2
25.000000 19.052559 24.500000 19.918584 2
21.500000 18.186533 22.000000 19.052559 2
22.500000 14.722432 22.000000 15.588457 2
21.000000 17.320508 20.500000 18.186533 2
21.000000 19.052559 22.000000 19.052559 2
23.500000 18.186533 23.000000 19.052559 2
23.500000 18.186533 24.000000 19.052559 2
22.500000 18.186533 23.500000 18.186533 2
20.500000 16.454483 21.000000 17.320508 2
23.000000 20.784610 24.000000 20.784610 2
21.500000 19.918584 22.500000 19.918584 2
23.500000 19.918584 24.500000 19.918584 2
20.000000 17.320508 20.500000 18.186533 2
23.500000 19.918584 23.000000 20.784610 2
23.500000 16.454483 23.000000 17.320508 2
21.500000 18.186533 21.000000 19.052559 2
24.000000 20.784610 23.500000 21.650635 2
22.500000 16.454483 22.000000 17.320508 2
22.000000 19.052559 23.000000 19.052559 2
21.000000 19.052559 20.500000 19.918584 2
22.500000 16.454483 23.000000 17.320508 2
22.500000 16.454483 23.500000 16.454483 2
23.500000 18.186533 24.500000 18.186533 2
23.500000 19.918584 24.000000 20.784610 2
24.500000 19.918584 25.500000 19.918584 2
24.500000 18.186533 25.000000 19.052559 2
22.000000 15.588457 23.000000 15.588457 2
25.000000 19.052559 25.500000 19.918584 2
21.000000 19.052559 21.500000 19.918584 2
22.500000 18.186533 22.000000 19.052559 2
20.500000 18.186533 21.000000 19.052559 2
24.000000 17.320508 23.500000 18.186533 2
22.000000 19.052559 22.500000 19.918584 2
20.500000 16.454483 21.500000 16.454483 2
22.500000 19.918584 23.000000 20.784610 2
21.500000 16.454483 22.000000 17.320508 2
22.000000 17.320508 22.500000 18.186533 2
21.500000 16.454483 21.000000 17.320508 2
20.000000 17.320508 21.000000 17.320508 2
22.000000 15.588457 21.500000 16.454483 2
24.000000 19.052559 24.500000 19.918584 2
21.000000 17.320508 21.500000 18.186533 2
23.000000 17.320508 24.000000 17.320508 2
23.500000 14.722432 23.000000 15.588457 2
23.000000 19.052559 24.000000 19.052559 2
21.500000 16.454483 22.500000 16.454483 2
22.500000 19.918584 23.500000 19.918584 2
21.000000 17.320508 22.000000 17.320508 2
20.500000 19.918584 21.500000 19.918584 2
23.000000 20.784610 23.500000 21.650635 2
22.500000 14.722432 23.000000 15.588457 2
24.500000 18.186533 24.000000 19.052559 2
22.000000 17.320508 21.500000 18.186533 2
20.500000 18.186533 21.500000 18.186533 2
23.500000 16.454483 24.000000 17.320508 2
24.000000 19.052559 25.000000 19.052559 2
23.000000 15.588457 22.500000 16.454483 2
36.500000 21.650635 37.500000 21.650635 3
5.000000 3.464102 6.000000 3.464102 4
14.000000 12.124356 13.500000 12.990381 5
22.500000 12.990381 23.500000 12.990381 6
19.500000 23.382686 20.000000 24.248711 7
14.500000 16.454483 15.000000 17.320508 8
15.500000 16.454483 15.000000 17.320508 8
14.500000 16.454483 15.500000 16.454483 8
25.500000 9.526279 26.000000 10.392305 9
25.500000 9.526279 26.500000 9.526279 9
26.500000 9.526279 26.000000 10.392305 9
17.500000 26.846788 18.500000 26.846788 10
16.500000 26.846788 1.000000 0.000000 10
16.500000 26.846788 17.500000 26.846788 10
0.500000 0.866025 1.500000 0.866025 10
1.000000 0.000000 1.500000 0.866025 10
1.000000 0.000000 2.000000 0.000000 10
18.500000 26.846788 2.000000 0.000000 10
1.000000 0.000000 0.500000 0.866025 10
17.500000 26.846788 2.000000 0.000000 10
2.000000 0.000000 1.500000 0.866025 10
17.500000 26.846788 1.000000 0.000000 10
38.500000 26.846788 39.500000 26.846788 11
23.500000 25.114737 24.000000 25.980762 12
23.000000 25.980762 24.000000 25.980762 12
24.500000 25.114737 25.000000 25.980762 12
23.500000 25.114737 23.000000 25.980762 12
24.000000 25.980762 25.000000 25.980762 12
24.500000 25.114737 24.000000 25.980762 12
23.500000 25.114737 24.500000 25.114737 12
31.000000 25.980762 32.000000 25.980762 13
31.500000 25.114737 32.500000 25.114737 13
31.500000 25.114737 31.000000 25.980762 13
31.500000 25.114737 32.000000 25.980762 13
32.500000 25.114737 32.000000 25.980762 13
32.500000 11.258330 32.000000 12.124356 14
31.500000 11.258330 31.000000 12.124356 14
31.000000 12.124356 32.000000 12.124356 14
31.500000 11.258330 32.000000 12.124356 14
31.500000 11.258330 32.500000 11.258330 14
28.000000 10.392305 27.500000 11.258330 15
26.000000 10.392305 27.000000 10.392305 15
25.500000 11.258330 26.500000 11.258330 15
27.000000 10.392305 26.500000 11.258330 15
26.500000 11.258330 27.000000 12.124356 15
25.500000 11.258330 26.000000 12.124356 15
26.000000 12.124356 27.000000 12.124356 15
26.500000 11.258330 26.000000 12.124356 15
27.000000 10.392305 28.000000 10.392305 15
27.000000 10.392305 27.500000 11.258330 15
26.500000 11.258330 27.500000 11.258330 15
26.000000 10.392305 25.500000 11.258330 15
26.000000 10.392305 26.500000 11.258330 15
8.500000 4.330127 9.000000 5.196152 16
10.000000 6.928203 9.500000 7.794229 16
9.000000 5.196152 9.500000 6.062178 16
9.500000 7.794229 10.500000 7.794229 16
8.500000 4.330127 8.000000 5.196152 16
9.500000 4.330127 9.000000 5.196152 16
9.000000 6.928203 9.500000 7.794229 16
11.000000 6.928203 10.500000 7.794229 16
9.000000 5.196152 8.500000 6.062178 16
9.500000 6.062178 10.000000 6.928203 16
9.500000 4.330127 10.000000 5.196152 16
10.000000 6.928203 11.000000 6.928203 16
10.000000 6.928203 10.500000 7.794229 16
7.500000 4.330127 8.500000 4.330127 16
8.000000 5.196152 8.500000 6.062178 16
9.500000 6.062178 9.000000 6.928203 16
8.000000 5.196152 9.000000 5.196152 16
10.000000 5.196152 9.500000 6.062178 16
9.000000 6.928203 10.000000 6.928203 16
8.500000 6.062178 9.000000 6.928203 16
9.000000 5.196152 10.000000 5.196152 16
7.500000 4.330127 8.000000 5.196152 16
8.500000 4.330127 9.500000 4.330127 16
14.000000 24.248711 45.500000 25.114737 17
3.000000 5.196152 4.000000 5.196152 18
3.500000 4.330127 3.000000 5.196152 18
3.500000 4.330127 4.000000 5.196152 18
22.500000 2.598076 23.500000 2.598076 19
23.500000 2.598076 23.000000 3.464102 19
22.500000 2.598076 23.000000 3.464102 19
16.000000 6.928203 16.500000 7.794229 20
16.000000 6.928203 15.500000 7.794229 20
15.500000 7.794229 16.500000 7.794229 20
36.500000 23.382686 37.000000 24.248711 21
37.500000 23.382686 37.000000 24.248711 21
36.500000 23.382686 37.500000 23.382686 21
14.000000 22.516660 15.000000 22.516660 22
14.500000 21.650635 14.000000 22.516660 22
14.500000 21.650635 15.000000 22.516660 22
31.000000 17.320508 31.500000 18.186533 23
31.000000 17.320508 30.500000 18.186533 23
31.500000 18.186533 32.000000 19.052559 23
31.000000 17.320508 32.000000 17.320508 23
32.000000 17.320508 32.500000 18.186533 23
32.500000 18.186533 32.000000 19.052559 23
31.500000 18.186533 32.500000 18.186533 23
32.000000 17.320508 31.500000 18.186533 23
30.500000 18.186533 31.500000 18.186533 23
23.500000 4.330127 24.000000 5.196152 24
24.000000 3.464102 24.500000 4.330127 24
24.000000 5.196152 25.000000 5.196152 24
22.000000 3.464102 22.500000 4.330127 24
24.000000 3.464102 25.000000 3.464102 24
23.500000 4.330127 24.500000 4.330127 24
23.000000 5.196152 24.000000 5.196152 24
25.500000 4.330127 25.000000 5.196152 24
22.500000 4.330127 23.000000 5.196152 24
23.000000 3.464102 22.500000 4.330127 24
23.000000 3.464102 23.500000 4.330127 24
22.500000 4.330127 23.500000 4.330127 24
25.000000 3.464102 25.500000 4.330127 24
24.500000 4.330127 25.000000 5.196152 24
23.000000 3.464102 24.000000 3.464102 24
22.000000 3.464102 23.000000 3.464102 24
24.500000 4.330127 24.000000 5.196152 24
25.000000 3.464102 24.500000 4.330127 24
23.500000 4.330127 23.000000 5.196152 24
35.000000 17.320508 35.500000 18.186533 25
35.500000 16.454483 35.000000 17.320508 25
35.000000 17.320508 36.000000 17.320508 25
35.500000 16.454483 36.000000 17.320508 25
36.000000 17.320508 35.500000 18.186533 25
31.500000 0.866025 32.000000 1.732051 26
31.000000 1.732051 32.000000 1.732051 26
31.500000 0.866025 0.500000 0.866025 26
0.500000 0.866025 32.000000 1.732051 26
31.500000 0.866025 31.000000 1.732051 26
30.000000 20.784610 30.500000 21.650635 27
30.500000 19.918584 31.500000 19.918584 27
31.000000 20.784610 30.500000 21.650635 27
31.500000 19.918584 31.000000 20.784610 27
30.000000 20.784610 31.000000 20.784610 27
30.500000 19.918584 30.000000 20.784610 27
30.500000 19.918584 31.000000 20.784610 27
33.500000 21.650635 33.000000 22.516660 28
25.500000 16.454483 26.500000 16.454483 29
26.500000 16.454483 27.000000 17.320508 29
26.000000 17.320508 27.000000 17.320508 29
26.000000 17.320508 26.500000 18.186533 29
25.500000 16.454483 26.000000 17.320508 29
27.000000 17.320508 26.500000 18.186533 29
26.500000 16.454483 26.000000 17.320508 29
16.500000 19.918584 16.000000 20.784610 30
15.500000 19.918584 16.000000 20.784610 30
15.500000 19.918584 16.500000 19.918584 30
12.000000 15.588457 13.000000 15.588457 31
13.000000 15.588457 12.500000 16.454483 31
12.000000 15.588457 12.500000 16.454483 31
17.000000 20.784610 17.500000 21.650635 32
17.500000 19.918584 18.000000 20.784610 32
18.500000 19.918584 18.000000 20.784610 32
18.000000 20.784610 17.500000 21.650635 32
17.000000 20.784610 16.500000 21.650635 32
17.500000 19.918584 17.000000 20.784610 32
16.500000 21.650635 17.500000 21.650635 32
17.500000 19.918584 18.500000 19.918584 32
17.000000 20.784610 18.000000 20.784610 32
28.500000 0.866025 29.500000 0.866025 33
45.500000 26.846788 46.500000 26.846788 33
45.000000 25.980762 45.500000 26.846788 33
45.000000 25.980762 46.000000 25.980762 33
29.000000 1.732051 28.500000 2.598076 33
28.500000 2.598076 29.500000 2.598076 33
30.000000 0.000000 29.500000 0.866025 33
28.000000 0.000000 28.500000 0.866025 33
28.000000 1.732051 27.500000 2.598076 33
46.000000 25.980762 46.500000 26.846788 33
27.500000 2.598076 28.500000 2.598076 33
46.500000 26.846788 30.000000 0.000000 33
28.500000 0.866025 29.000000 1.732051 33
44.000000 25.980762 44.500000 26.846788 33
45.500000 26.846788 29.000000 0.000000 33
44.500000 26.846788 45.500000 26.846788 33
43.500000 26.846788 44.500000 26.846788 33
27.500000 0.866025 28.500000 0.866025 33
27.500000 0.866025 28.000000 1.732051 33
44.500000 26.846788 28.000000 0.000000 33
28.500000 0.866025 28.000000 1.732051 33
29.000000 0.000000 30.000000 0.000000 33
29.500000 0.866025 29.000000 1.732051 33
29.000000 1.732051 29.500000 2.598076 33
28.000000 1.732051 29.000000 1.732051 33
44.500000 26.846788 29.000000 0.000000 33
44.000000 25.980762 45.000000 25.980762 33
28.000000 1.732051 28.500000 2.598076 33
28.000000 0.000000 27.500000 0.866025 33
28.000000 0.000000 29.000000 0.000000 33
45.500000 26.846788 30.000000 0.000000 33
43.500000 26.846788 28.000000 0.000000 33
44.000000 25.980762 43.500000 26.846788 33
24.500000 0.866025 25.000000 1.732051 34
23.000000 1.732051 24.000000 1.732051 34
24.500000 0.866025 24.000000 1.732051 34
24.000000 1.732051 25.000000 1.732051 34
23.500000 0.866025 24.000000 1.732051 34
23.500000 0.866025 24.500000 0.866025 34
23.500000 0.866025 23.000000 1.732051 34
37.500000 16.454483 38.500000 16.454483 35
38.500000 16.454483 39.000000 17.320508 35
39.000000 15.588457 38.500000 16.454483 35
39.500000 16.454483 39.000000 17.320508 35
38.000000 17.320508 39.000000 17.320508 35
39.000000 15.588457 39.500000 16.454483 35
38.500000 16.454483 38.000000 17.320508 35
38.500000 16.454483 39.500000 16.454483 35
37.500000 16.454483 38.000000 17.320508 35
21.000000 22.516660 20.500000 23.382686 36
30.000000 15.588457 31.000000 15.588457 37
39.500000 16.454483 40.500000 16.454483 38
40.500000 16.454483 40.000000 17.320508 38
39.500000 16.454483 40.000000 17.320508 38
32.000000 15.588457 31.500000 16.454483 39
33.000000 13.856406 32.500000 14.722432 39
34.500000 14.722432 35.500000 14.722432 39
33.500000 14.722432 33.000000 15.588457 39
35.000000 15.588457 34.500000 16.454483 39
32.000000 15.588457 32.500000 16.454483 39
33.000000 15.588457 32.500000 16.454483 39
34.500000 14.722432 34.000000 15.588457 39
34.000000 15.588457 34.500000 16.454483 39
34.500000 14.722432 35.000000 15.588457 39
32.000000 15.588457 33.000000 15.588457 39
31.500000 16.454483 32.500000 16.454483 39
32.500000 16.454483 33.500000 16.454483 39
35.500000 14.722432 35.000000 15.588457 39
34.000000 15.588457 35.000000 15.588457 39
33.500000 16.454483 34.000000 17.320508 39
32.500000 14.722432 33.000000 15.588457 39
32.500000 14.722432 33.500000 14.722432 39
33.500000 16.454483 34.500000 16.454483 39
33.000000 13.856406 33.500000 14.722432 39
34.500000 16.454483 34.000000 17.320508 39
34.000000 15.588457 33.500000 16.454483 39
33.000000 15.588457 34.000000 15.588457 39
33.500000 14.722432 34.500000 14.722432 39
32.500000 14.722432 32.000000 15.588457 39
19.000000 20.784610 18.500000 21.650635 40
15.000000 5.196152 16.000000 5.196152 41
30.000000 1.732051 31.000000 1.732051 42
30.500000 0.866025 31.000000 1.732051 42
30.500000 0.866025 30.000000 1.732051 42
8.000000 10.392305 8.500000 11.258330 43
7.500000 11.258330 8.500000 11.258330 43
8.000000 10.392305 7.500000 11.258330 43
7.500000 11.258330 8.000000 12.124356 43
8.500000 11.258330 8.000000 12.124356 43
34.000000 24.248711 35.000000 24.248711 44
35.500000 23.382686 35.000000 24.248711 44
34.500000 23.382686 35.500000 23.382686 44
34.500000 23.382686 34.000000 24.248711 44
34.500000 23.382686 35.000000 24.248711 44
18.000000 0.000000 19.000000 0.000000 45
16.000000 1.732051 15.500000 2.598076 45
16.500000 2.598076 17.500000 2.598076 45
17.000000 1.732051 17.500000 2.598076 45
15.500000 2.598076 16.500000 2.598076 45
17.500000 0.866025 18.500000 0.866025 45
18.000000 0.000000 18.500000 0.866025 45
17.000000 1.732051 18.000000 1.732051 45
18.500000 0.866025 18.000000 1.732051 45
17.500000 0.866025 17.000000 1.732051 45
17.500000 0.866025 18.000000 1.732051 45
18.000000 0.000000 17.500000 0.866025 45
16.000000 1.732051 17.000000 1.732051 45
17.000000 1.732051 16.500000 2.598076 45
19.000000 0.000000 18.500000 0.866025 45
16.000000 1.732051 16.500000 2.598076 45
18.000000 1.732051 17.500000 2.598076 45
24.000000 24.248711 24.500000 25.114737 46
11.500000 12.990381 12.000000 13.856406 47
11.500000 12.990381 11.000000 13.856406 47
11.000000 13.856406 12.000000 13.856406 47
11.500000 12.990381 12.500000 12.990381 47
12.500000 12.990381 12.000000 13.856406 47
38.000000 19.052559 37.500000 19.918584 48
9.500000 16.454483 41.000000 17.320508 49
40.500000 16.454483 9.500000 16.454483 49
40.500000 16.454483 41.000000 17.320508 49
37.500000 11.258330 6.500000 11.258330 50
37.000000 10.392305 37.500000 11.258330 50
37.000000 10.392305 6.000000 10.392305 50
6.000000 10.392305 6.500000 11.258330 50
6.000000 10.392305 37.500000 11.258330 50
10.500000 18.186533 42.000000 19.052559 51
10.500000 18.186533 11.000000 19.052559 51
42.000000 19.052559 11.000000 19.052559 51
16.000000 10.392305 16.500000 11.258330 52
15.500000 9.526279 15.000000 10.392305 52
15.000000 10.392305 16.000000 10.392305 52
16.000000 10.392305 17.000000 10.392305 52
17.000000 10.392305 16.500000 11.258330 52
15.500000 9.526279 16.500000 9.526279 52
16.000000 10.392305 15.500000 11.258330 52
17.500000 9.526279 17.000000 10.392305 52
16.500000 9.526279 16.000000 10.392305 52
15.000000 10.392305 15.500000 11.258330 52
15.500000 11.258330 16.500000 11.258330 52
16.500000 9.526279 17.500000 9.526279 52
16.500000 9.526279 17.000000 10.392305 52
7.500000 12.990381 39.000000 13.856406 53
38.000000 12.124356 7.000000 12.124356 53
37.500000 12.990381 38.000000 13.856406 53
38.500000 12.990381 7.500000 12.990381 53
38.000000 13.856406 39.000000 13.856406 53
38.500000 12.990381 39.000000 13.856406 53
37.500000 12.990381 38.500000 12.990381 53
38.000000 12.124356 38.500000 12.990381 53
38.000000 12.124356 37.500000 12.990381 53
7.000000 12.124356 7.500000 12.990381 53
7.000000 12.124356 38.500000 12.990381 53
10.000000 12.124356 11.000000 12.124356 54
11.000000 12.124356 10.500000 12.990381 54
10.000000 12.124356 10.500000 12.990381 54
20.000000 6.928203 19.500000 7.794229 55
40.500000 25.114737 41.500000 25.114737 56
40.500000 25.114737 40.000000 25.980762 56
40.500000 26.846788 25.000000 0.000000 56
40.000000 25.980762 40.500000 26.846788 56
25.000000 0.000000 24.500000 0.866025 56
40.000000 25.980762 39.500000 26.846788 56
39.500000 26.846788 40.500000 26.846788 56
24.000000 0.000000 24.500000 0.866025 56
39.500000 26.846788 24.000000 0.000000 56
24.000000 0.000000 25.000000 0.000000 56
40.000000 25.980762 41.000000 25.980762 56
40.500000 26.846788 24.000000 0.000000 56
41.000000 25.980762 40.500000 26.846788 56
41.500000 25.114737 41.000000 25.980762 56
40.500000 25.114737 41.000000 25.980762 56
20.500000 11.258330 21.000000 12.124356 57
22.500000 12.990381 22.000000 13.856406 57
20.000000 12.124356 21.000000 12.124356 57
21.500000 12.990381 22.500000 12.990381 57
20.000000 10.392305 20.500000 11.258330 57
19.500000 11.258330 20.000000 12.124356 57
21.500000 11.258330 22.000000 12.124356 57
21.000000 12.124356 21.500000 12.990381 57
22.000000 12.124356 23.000000 12.124356 57
23.000000 12.124356 22.500000 12.990381 57
21.000000 12.124356 22.000000 12.124356 57
19.500000 11.258330 20.500000 11.258330 57
21.500000 11.258330 21.000000 12.124356 57
22.000000 12.124356 21.500000 12.990381 57
21.500000 12.990381 22.000000 13.856406 57
20.500000 11.258330 21.500000 11.258330 57
22.000000 12.124356 22.500000 12.990381 57
20.000000 10.392305 19.500000 11.258330 57
20.500000 11.258330 20.000000 12.124356 57
13.500000 9.526279 14.500000 9.526279 58
14.000000 6.928203 14.500000 7.794229 59
13.500000 6.062178 13.000000 6.928203 60
12.500000 6.062178 13.500000 6.062178 60
12.000000 6.928203 13.000000 6.928203 60
12.500000 7.794229 13.500000 7.794229 60
13.000000 6.928203 13.500000 7.794229 60
12.500000 6.062178 13.000000 6.928203 60
13.000000 6.928203 14.000000 6.928203 60
13.500000 6.062178 14.000000 6.928203 60
12.500000 6.062178 12.000000 6.928203 60
13.000000 6.928203 12.500000 7.794229 60
14.000000 6.928203 13.500000 7.794229 60
12.000000 6.928203 12.500000 7.794229 60
15.000000 0.000000 14.500000 0.866025 61
4.000000 5.196152 5.000000 5.196152 62
15.500000 26.846788 0.000000 0.000000 63
15.500000 26.846788 31.000000 0.000000 63
31.000000 0.000000 0.000000 0.000000 63
16.500000 26.846788 0.000000 0.000000 63
16.000000 25.980762 16.500000 26.846788 63
16.000000 25.980762 15.500000 26.846788 63
15.500000 26.846788 16.500000 26.846788 63
20.000000 5.196152 20.500000 6.062178 64
20.000000 5.196152 19.500000 6.062178 64
19.500000 6.062178 20.500000 6.062178 64
30.000000 17.320508 31.000000 17.320508 65
16.000000 5.196152 17.000000 5.196152 66
16.500000 6.062178 17.000000 6.928203 66
16.000000 5.196152 16.500000 6.062178 66
17.000000 5.196152 17.500000 6.062178 66
16.500000 6.062178 17.500000 6.062178 66
17.000000 5.196152 16.500000 6.062178 66
17.500000 6.062178 17.000000 6.928203 66
26.500000 0.866025 27.000000 1.732051 67
25.500000 0.866025 26.000000 1.732051 67
25.500000 0.866025 26.500000 0.866025 67
26.000000 1.732051 27.000000 1.732051 67
26.500000 0.866025 26.000000 1.732051 67
7.000000 6.928203 8.000000 6.928203 68
7.000000 6.928203 7.500000 7.794229 68
8.000000 6.928203 7.500000 7.794229 68
18.000000 8.660254 18.500000 9.526279 69
37.000000 17.320508 36.500000 18.186533 70
36.500000 18.186533 37.000000 19.052559 70
37.500000 18.186533 37.000000 19.052559 70
36.000000 17.320508 37.000000 17.320508 70
36.500000 18.186533 37.500000 18.186533 70
37.000000 17.320508 37.500000 18.186533 70
36.000000 17.320508 36.500000 18.186533 70
19.000000 0.000000 19.500000 0.866025 71
20.000000 0.000000 19.500000 0.866025 71
19.000000 0.000000 20.000000 0.000000 71
42.000000 24.248711 43.000000 24.248711 72
35.000000 10.392305 35.500000 11.258330 73
34.500000 11.258330 35.500000 11.258330 73
35.500000 11.258330 35.000000 12.124356 73
35.000000 10.392305 34.500000 11.258330 73
34.500000 11.258330 35.000000 12.124356 73
7.000000 8.660254 6.500000 9.526279 74
15.000000 1.732051 15.500000 2.598076 75
17.500000 11.258330 17.000000 12.124356 76
17.500000 11.258330 18.500000 11.258330 76
17.000000 12.124356 18.000000 12.124356 76
17.500000 11.258330 18.000000 12.124356 76
18.500000 11.258330 18.000000 12.124356 76
12.000000 8.660254 12.500000 9.526279 77
37.000000 13.856406 37.500000 14.722432 78
35.500000 12.990381 35.000000 13.856406 79
27.500000 19.918584 28.500000 19.918584 80
19.000000 15.588457 18.500000 16.454483 81
20.500000 4.330127 21.000000 5.196152 82
15.000000 0.000000 15.500000 0.866025 83
7.000000 1.732051 6.500000 2.598076 84
6.000000 1.732051 6.500000 2.598076 84
6.000000 1.732051 7.000000 1.732051 84
17.500000 16.454483 18.500000 16.454483 85
17.000000 17.320508 17.500000 18.186533 85
18.000000 17.320508 18.500000 18.186533 85
17.500000 16.454483 17.000000 17.320508 85
18.500000 16.454483 19.000000 17.320508 85
17.500000 16.454483 18.000000 17.320508 85
17.500000 18.186533 18.500000 18.186533 85
18.000000 17.320508 17.500000 18.186533 85
19.000000 17.320508 18.500000 18.186533 85
17.000000 17.320508 18.000000 17.320508 85
18.000000 17.320508 19.000000 17.320508 85
18.500000 16.454483 18.000000 17.320508 85
3.000000 0.000000 2.500000 0.866025 86
34.500000 12.990381 34.000000 13.856406 87
33.500000 12.990381 34.000000 13.856406 87
33.500000 12.990381 34.500000 12.990381 87
29.000000 20.784610 30.000000 20.784610 88
7.500000 2.598076 8.500000 2.598076 89
11.500000 4.330127 12.500000 4.330127 90
12.500000 4.330127 12.000000 5.196152 90
11.500000 4.330127 12.000000 5.196152 90
25.500000 21.650635 26.000000 22.516660 91
25.500000 21.650635 26.500000 21.650635 91
26.500000 21.650635 26.000000 22.516660 91
25.000000 22.516660 26.000000 22.516660 91
25.500000 21.650635 25.000000 22.516660 91
19.500000 21.650635 20.000000 22.516660 92
21.000000 1.732051 22.000000 1.732051 93
22.000000 1.732051 21.500000 2.598076 93
20.500000 2.598076 21.500000 2.598076 93
22.000000 1.732051 22.500000 2.598076 93
21.500000 0.866025 21.000000 1.732051 93
21.500000 0.866025 22.000000 1.732051 93
21.500000 2.598076 22.500000 2.598076 93
23.000000 1.732051 22.500000 2.598076 93
21.000000 1.732051 21.500000 2.598076 93
21.000000 1.732051 20.500000 2.598076 93
22.000000 1.732051 23.000000 1.732051 93
29.500000 12.990381 30.500000 12.990381 94
46.000000 25.980762 15.000000 25.980762 95
21.500000 7.794229 21.000000 8.660254 96
9.000000 1.732051 9.500000 2.598076 97
8.500000 2.598076 9.500000 2.598076 97
9.000000 1.732051 8.500000 2.598076 97
22.000000 5.196152 21.500000 6.062178 98
22.000000 5.196152 22.500000 6.062178 98
21.500000 6.062178 22.500000 6.062178 98
32.000000 3.464102 31.500000 4.330127 99
28.500000 21.650635 29.000000 22.516660 100
28.000000 22.516660 29.000000 22.516660 100
29.000000 20.784610 29.500000 21.650635 100
29.500000 21.650635 29.000000 22.516660 100
29.000000 20.784610 28.500000 21.650635 100
28.500000 21.650635 29.500000 21.650635 100
28.500000 21.650635 28.000000 22.516660 100
30.500000 6.062178 31.500000 6.062178 101
30.500000 6.062178 30.000000 6.928203 101
31.500000 6.062178 31.000000 6.928203 101
30.500000 6.062178 31.000000 6.928203 101
30.000000 6.928203 31.000000 6.928203 101
36.000000 15.588457 37.000000 15.588457 102
37.000000 15.588457 36.500000 16.454483 102
37.000000 15.588457 37.500000 16.454483 102
36.500000 16.454483 37.500000 16.454483 102
36.000000 15.588457 36.500000 16.454483 102
33.500000 6.062178 34.500000 6.062178 103
34.000000 8.660254 35.000000 8.660254 104
34.000000 8.660254 34.500000 9.526279 104
35.000000 8.660254 34.500000 9.526279 104
31.000000 15.588457 30.500000 16.454483 105
14.000000 20.784610 15.000000 20.784610 106
15.000000 20.784610 14.500000 21.650635 106
14.000000 20.784610 14.500000 21.650635 106
1.000000 1.732051 2.000000 1.732051 107
1.500000 0.866025 1.000000 1.732051 107
1.500000 0.866025 2.000000 1.732051 107
18.000000 12.124356 17.500000 12.990381 108
18.000000 10.392305 19.000000 10.392305 109
25.000000 20.784610 26.000000 20.784610 110
28.000000 17.320508 29.000000 17.320508 111
27.500000 16.454483 28.500000 16.454483 111
28.500000 16.454483 29.000000 17.320508 111
27.500000 16.454483 28.000000 17.320508 111
28.500000 16.454483 28.000000 17.320508 111
20.000000 3.464102 19.500000 4.330127 112
19.000000 3.464102 19.500000 4.330127 112
19.000000 3.464102 20.000000 3.464102 112
29.500000 21.650635 30.000000 22.516660 113
13.000000 19.052559 12.500000 19.918584 114
30.500000 7.794229 31.000000 8.660254 115
30.000000 8.660254 31.000000 8.660254 115
30.500000 7.794229 31.500000 7.794229 115
31.500000 7.794229 32.000000 8.660254 115
30.500000 7.794229 30.000000 8.660254 115
31.000000 8.660254 32.000000 8.660254 115
31.500000 7.794229 31.000000 8.660254 115
2.500000 4.330127 34.000000 5.196152 116
28.500000 25.114737 28.000000 25.980762 117
27.500000 25.114737 28.500000 25.114737 117
27.500000 25.114737 28.000000 25.980762 117
44.500000 23.382686 13.500000 23.382686 118
26.500000 25.114737 27.500000 25.114737 119
27.500000 25.114737 27.000000 25.980762 119
26.000000 25.980762 27.000000 25.980762 119
25.000000 25.980762 25.500000 26.846788 119
25.000000 25.980762 26.000000 25.980762 119
25.500000 25.114737 26.000000 25.980762 119
26.500000 26.846788 10.000000 0.000000 119
25.500000 25.114737 25.000000 25.980762 119
26.000000 25.980762 25.500000 26.846788 119
26.500000 25.114737 26.000000 25.980762 119
27.000000 25.980762 26.500000 26.846788 119
25.500000 26.846788 26.500000 26.846788 119
25.500000 26.846788 10.000000 0.000000 119
25.500000 25.114737 26.500000 25.114737 119
26.000000 25.980762 26.500000 26.846788 119
20.500000 2.598076 21.000000 3.464102 120
12.000000 0.000000 12.500000 0.866025 121
28.500000 26.846788 13.000000 0.000000 121
27.500000 26.846788 12.000000 0.000000 121
12.000000 0.000000 11.500000 0.866025 121
12.500000 0.866025 13.500000 0.866025 121
13.000000 0.000000 13.500000 0.866025 121
11.000000 0.000000 12.000000 0.000000 121
28.500000 26.846788 12.000000 0.000000 121
27.500000 26.846788 11.000000 0.000000 121
11.000000 0.000000 11.500000 0.866025 121
12.000000 0.000000 13.000000 0.000000 121
11.500000 0.866025 12.500000 0.866025 121
27.500000 26.846788 28.500000 26.846788 121
32.500000 19.918584 33.500000 19.918584 122
10.500000 6.062178 11.500000 6.062178 123
11.500000 6.062178 11.000000 6.928203 123
11.000000 5.196152 11.500000 6.062178 123
11.000000 5.196152 10.500000 6.062178 123
10.500000 6.062178 11.000000 6.928203 123
11.000000 5.196152 12.000000 5.196152 123
12.000000 5.196152 11.500000 6.062178 123
28.500000 25.114737 29.500000 25.114737 124
29.000000 24.248711 29.500000 25.114737 125
12.500000 2.598076 13.000000 3.464102 126
31.500000 2.598076 32.500000 2.598076 127
32.500000 2.598076 32.000000 3.464102 127
31.500000 2.598076 32.000000 3.464102 127
16.000000 19.052559 16.500000 19.918584 128
5.500000 7.794229 6.000000 8.660254 129
30.000000 0.000000 30.500000 0.866025 130
9.500000 9.526279 9.000000 10.392305 131
8.500000 9.526279 9.000000 10.392305 131
8.500000 9.526279 9.500000 9.526279 131
9.000000 8.660254 8.500000 9.526279 131
9.000000 8.660254 9.500000 9.526279 131
8.500000 2.598076 8.000000 3.464102 132
42.500000 23.382686 42.000000 24.248711 133
28.500000 11.258330 29.000000 12.124356 134
28.000000 12.124356 29.000000 12.124356 134
28.500000 11.258330 28.000000 12.124356 134
15.500000 0.866025 16.500000 0.866025 135
25.000000 10.392305 25.500000 11.258330 136
25.000000 8.660254 25.500000 9.526279 137
25.000000 8.660254 26.000000 8.660254 137
26.000000 8.660254 25.500000 9.526279 137
33.000000 19.052559 32.500000 19.918584 138
35.500000 25.114737 35.000000 25.980762 139
35.500000 21.650635 36.500000 21.650635 140
35.500000 21.650635 36.000000 22.516660 140
36.500000 21.650635 36.000000 22.516660 140
18.500000 12.990381 19.000000 13.856406 141
31.500000 4.330127 32.000000 5.196152 142
27.000000 3.464102 28.000000 3.464102 143
19.500000 14.722432 20.000000 15.588457 144
2.500000 0.866025 2.000000 1.732051 145
14.500000 11.258330 14.000000 12.124356 146
14.500000 11.258330 15.000000 12.124356 146
14.000000 12.124356 15.000000 12.124356 146
14.500000 11.258330 15.500000 11.258330 146
15.500000 11.258330 15.000000 12.124356 146
28.000000 25.980762 27.500000 26.846788 147
17.500000 25.114737 18.500000 25.114737 148
32.000000 25.980762 33.000000 25.980762 149
34.000000 17.320508 33.500000 18.186533 150
27.500000 23.382686 28.000000 24.248711 151
27.000000 22.516660 27.500000 23.382686 151
26.500000 23.382686 27.000000 24.248711 151
27.000000 22.516660 26.500000 23.382686 151
27.000000 24.248711 27.500000 25.114737 151
27.500000 23.382686 27.000000 24.248711 151
26.500000 23.382686 27.500000 23.382686 151
27.000000 24.248711 28.000000 24.248711 151
28.000000 24.248711 27.500000 25.114737 151
12.000000 8.660254 11.500000 9.526279 152
10.000000 8.660254 10.500000 9.526279 152
10.000000 8.660254 9.500000 9.526279 152
10.500000 9.526279 10.000000 10.392305 152
11.000000 8.660254 12.000000 8.660254 152
9.500000 9.526279 10.500000 9.526279 152
10.500000 9.526279 11.000000 10.392305 152
10.000000 8.660254 11.000000 8.660254 152
9.500000 9.526279 10.000000 10.392305 152
10.000000 10.392305 11.000000 10.392305 152
10.500000 9.526279 11.500000 9.526279 152
11.000000 8.660254 10.500000 9.526279 152
11.500000 9.526279 11.000000 10.392305 152
11.000000 8.660254 11.500000 9.526279 152
3.500000 0.866025 3.000000 1.732051 153
20.500000 9.526279 21.000000 10.392305 154
5.000000 1.732051 6.000000 1.732051 155
5.500000 0.866025 5.000000 1.732051 155
5.000000 1.732051 5.500000 2.598076 155
6.000000 1.732051 5.500000 2.598076 155
5.500000 0.866025 6.000000 1.732051 155
26.000000 15.588457 27.000000 15.588457 156
26.500000 14.722432 26.000000 15.588457 156
26.500000 14.722432 27.000000 15.588457 156
17.000000 3.464102 16.500000 4.330127 157
13.000000 5.196152 12.500000 6.062178 158
44.500000 23.382686 45.000000 24.248711 159
12.000000 20.784610 13.000000 20.784610 160
34.000000 12.124356 33.500000 12.990381 161
10.000000 15.588457 10.500000 16.454483 162
41.000000 22.516660 41.500000 23.382686 163
20.500000 7.794229 21.000000 8.660254 164
19.500000 7.794229 20.000000 8.660254 164
19.000000 8.660254 20.000000 8.660254 164
19.500000 7.794229 19.000000 8.660254 164
20.000000 8.660254 21.000000 8.660254 164
20.500000 7.794229 20.000000 8.660254 164
19.500000 7.794229 20.500000 7.794229 164
29.500000 12.990381 29.000000 13.856406 165
28.000000 15.588457 29.000000 15.588457 166
28.500000 14.722432 29.000000 15.588457 166
28.500000 14.722432 28.000000 15.588457 166
28.500000 14.722432 29.500000 14.722432 166
29.500000 14.722432 30.000000 15.588457 166
29.000000 15.588457 30.000000 15.588457 166
29.500000 14.722432 29.000000 15.588457 166
42.500000 21.650635 43.500000 21.650635 167
43.500000 25.114737 44.000000 25.980762 168
43.500000 25.114737 44.500000 25.114737 168
44.500000 25.114737 44.000000 25.980762 168
19.000000 10.392305 20.000000 10.392305 169
14.500000 4.330127 14.000000 5.196152 170
13.500000 4.330127 14.000000 5.196152 170
14.000000 5.196152 14.500000 6.062178 170
15.000000 5.196152 14.500000 6.062178 170
14.000000 5.196152 15.000000 5.196152 170
14.500000 4.330127 15.000000 5.196152 170
13.500000 4.330127 14.500000 4.330127 170
14.500000 4.330127 15.500000 4.330127 170
15.500000 4.330127 15.000000 5.196152 170
30.500000 21.650635 31.000000 22.516660 171
28.000000 17.320508 28.500000 18.186533 172
34.000000 19.052559 34.500000 19.918584 173
35.500000 18.186533 35.000000 19.052559 173
35.000000 19.052559 35.500000 19.918584 173
35.000000 19.052559 36.000000 19.052559 173
36.000000 19.052559 35.500000 19.918584 173
34.500000 19.918584 35.500000 19.918584 173
35.500000 18.186533 36.000000 19.052559 173
35.000000 19.052559 34.500000 19.918584 173
34.000000 19.052559 35.000000 19.052559 173
20.000000 0.000000 20.500000 0.866025 174
20.000000 0.000000 21.000000 0.000000 174
21.000000 0.000000 20.500000 0.866025 174
31.000000 3.464102 31.500000 4.330127 175
30.500000 4.330127 31.500000 4.330127 175
31.000000 3.464102 30.500000 4.330127 175
37.500000 21.650635 37.000000 22.516660 176
17.000000 25.980762 17.500000 26.846788 177
29.000000 12.124356 29.500000 12.990381 178
29.000000 12.124356 28.500000 12.990381 178
28.500000 12.990381 29.500000 12.990381 178
26.500000 21.650635 27.500000 21.650635 179
32.000000 20.784610 31.500000 21.650635 180
2.000000 1.732051 2.500000 2.598076 181
2.000000 1.732051 1.500000 2.598076 181
1.500000 2.598076 2.500000 2.598076 181
28.500000 4.330127 28.000000 5.196152 182
31.500000 26.846788 15.000000 0.000000 183
32.500000 26.846788 16.000000 0.000000 183
31.500000 26.846788 16.000000 0.000000 183
31.500000 26.846788 32.500000 26.846788 183
15.000000 0.000000 16.000000 0.000000 183
21.500000 23.382686 22.000000 24.248711 184
22.500000 23.382686 22.000000 24.248711 184
21.500000 23.382686 22.500000 23.382686 184
33.000000 6.928203 34.000000 6.928203 185
15.000000 19.052559 15.500000 19.918584 186
26.000000 5.196152 26.500000 6.062178 187
26.000000 5.196152 27.000000 5.196152 187
27.000000 5.196152 26.500000 6.062178 187
13.500000 21.650635 13.000000 22.516660 188
35.000000 22.516660 36.000000 22.516660 189
32.500000 18.186533 33.000000 19.052559 190
12.000000 12.124356 12.500000 12.990381 191
34.000000 20.784610 33.500000 21.650635 192
15.000000 6.928203 16.000000 6.928203 193
11.000000 17.320508 11.500000 18.186533 194
25.000000 3.464102 26.000000 3.464102 195
39.500000 18.186533 40.000000 19.052559 196
20.500000 14.722432 21.500000 14.722432 197
25.000000 19.052559 26.000000 19.052559 198
9.000000 12.124356 10.000000 12.124356 199
16.500000 7.794229 17.000000 8.660254 200
43.500000 23.382686 44.000000 24.248711 201
13.500000 19.918584 14.000000 20.784610 202
13.500000 19.918584 13.000000 20.784610 202
13.000000 20.784610 14.000000 20.784610 202
10.000000 3.464102 10.500000 4.330127 203
40.000000 22.516660 40.500000 23.382686 204
23.000000 8.660254 22.500000 9.526279 205
22.000000 8.660254 23.000000 8.660254 205
22.000000 8.660254 22.500000 9.526279 205
5.000000 5.196152 5.500000 6.062178 206
24.500000 26.846788 8.000000 0.000000 207
23.500000 26.846788 24.500000 26.846788 207
23.500000 26.846788 8.000000 0.000000 207
34.000000 20.784610 35.000000 20.784610 208
29.500000 19.918584 29.000000 20.784610 209
28.500000 19.918584 29.500000 19.918584 209
28.500000 19.918584 29.000000 20.784610 209
6.000000 10.392305 7.000000 10.392305 210
22.000000 10.392305 22.500000 11.258330 211
23.500000 9.526279 24.000000 10.392305 211
24.000000 10.392305 23.500000 11.258330 211
21.500000 9.526279 21.000000 10.392305 211
22.000000 10.392305 23.000000 10.392305 211
23.000000 10.392305 22.500000 11.258330 211
23.500000 9.526279 23.000000 10.392305 211
21.000000 10.392305 22.000000 10.392305 211
22.500000 9.526279 22.000000 10.392305 211
23.000000 10.392305 24.000000 10.392305 211
22.500000 11.258330 23.500000 11.258330 211
21.500000 9.526279 22.500000 9.526279 211
22.500000 9.526279 23.000000 10.392305 211
23.000000 10.392305 23.500000 11.258330 211
21.500000 9.526279 22.000000 10.392305 211
22.500000 9.526279 23.500000 9.526279 211
13.500000 2.598076 14.000000 3.464102 212
32.500000 2.598076 1.500000 2.598076 213
32.500000 2.598076 33.000000 3.464102 213
1.500000 2.598076 33.000000 3.464102 213
34.500000 26.846788 35.500000 26.846788 214
15.000000 12.124356 15.500000 12.990381 215
15.500000 12.990381 15.000000 13.856406 215
17.000000 12.124356 16.500000 12.990381 215
15.000000 12.124356 16.000000 12.124356 215
16.500000 12.990381 16.000000 13.856406 215
15.000000 13.856406 16.000000 13.856406 215
16.000000 12.124356 15.500000 12.990381 215
16.000000 12.124356 17.000000 12.124356 215
16.000000 12.124356 16.500000 12.990381 215
15.500000 12.990381 16.500000 12.990381 215
15.500000 12.990381 16.000000 13.856406 215
17.500000 23.382686 18.000000 24.248711 216
17.500000 23.382686 18.500000 23.382686 216
18.000000 24.248711 19.000000 24.248711 216
18.500000 23.382686 19.000000 24.248711 216
18.500000 23.382686 18.000000 24.248711 216
23.500000 7.794229 24.500000 7.794229 217
21.500000 25.114737 22.500000 25.114737 218
21.500000 25.114737 22.000000 25.980762 218
22.500000 25.114737 22.000000 25.980762 218
39.000000 24.248711 38.500000 25.114737 219
39.000000 24.248711 40.000000 24.248711 219
39.500000 23.382686 40.000000 24.248711 219
38.500000 25.114737 39.500000 25.114737 219
39.500000 23.382686 39.000000 24.248711 219
39.000000 24.248711 39.500000 25.114737 219
40.000000 24.248711 39.500000 25.114737 219
7.000000 3.464102 7.500000 4.330127 220
6.000000 3.464102 6.500000 4.330127 220
7.000000 3.464102 6.500000 4.330127 220
6.500000 4.330127 7.500000 4.330127 220
6.000000 3.464102 7.000000 3.464102 220
9.500000 7.794229 9.000000 8.660254 221
2.500000 2.598076 3.000000 3.464102 222
21.500000 14.722432 22.000000 15.588457 223
28.000000 3.464102 28.500000 4.330127 224
28.000000 3.464102 29.000000 3.464102 224
29.000000 3.464102 28.500000 4.330127 224
20.500000 21.650635 21.000000 22.516660 225
27.000000 15.588457 27.500000 16.454483 226
27.000000 15.588457 28.000000 15.588457 226
28.000000 15.588457 27.500000 16.454483 226
15.500000 7.794229 15.000000 8.660254 227
14.000000 8.660254 15.000000 8.660254 227
14.500000 7.794229 15.500000 7.794229 227
14.500000 7.794229 15.000000 8.660254 227
14.500000 7.794229 14.000000 8.660254 227
30.000000 25.980762 30.500000 26.846788 228
19.500000 25.114737 20.500000 25.114737 229
19.500000 25.114737 19.000000 25.980762 229
19.000000 25.980762 20.000000 25.980762 229
20.000000 24.248711 19.500000 25.114737 229
19.500000 25.114737 20.000000 25.980762 229
20.500000 25.114737 20.000000 25.980762 229
20.000000 24.248711 20.500000 25.114737 229
20.500000 25.114737 21.500000 25.114737 230
21.500000 25.114737 21.000000 25.980762 230
20.500000 25.114737 21.000000 25.980762 230
6.500000 6.062178 7.000000 6.928203 231
6.500000 6.062178 7.500000 6.062178 231
7.500000 6.062178 7.000000 6.928203 231
32.000000 25.980762 31.500000 26.846788 232
38.000000 19.052559 38.500000 19.918584 233
25.000000 6.928203 25.500000 7.794229 234
25.000000 6.928203 26.000000 6.928203 234
26.000000 6.928203 25.500000 7.794229 234
15.000000 24.248711 14.500000 25.114737 235
15.000000 24.248711 15.500000 25.114737 235
14.500000 25.114737 15.500000 25.114737 235
32.500000 7.794229 33.500000 7.794229 236
33.500000 7.794229 33.000000 8.660254 236
32.500000 7.794229 33.000000 8.660254 236
30.500000 11.258330 30.000000 12.124356 237
30.000000 12.124356 31.000000 12.124356 237
31.000000 12.124356 31.500000 12.990381 237
30.500000 11.258330 31.000000 12.124356 237
31.000000 12.124356 30.500000 12.990381 237
30.500000 12.990381 31.500000 12.990381 237
30.000000 12.124356 30.500000 12.990381 237
28.500000 6.062178 28.000000 6.928203 238
21.000000 22.516660 22.000000 22.516660 239
37.000000 24.248711 37.500000 25.114737 240
21.500000 2.598076 22.000000 3.464102 241
13.500000 2.598076 13.000000 3.464102 242
6.000000 6.928203 5.500000 7.794229 243
30.000000 6.928203 29.500000 7.794229 244
33.000000 17.320508 34.000000 17.320508 245
25.000000 15.588457 26.000000 15.588457 246
24.500000 16.454483 25.500000 16.454483 246
25.000000 15.588457 24.500000 16.454483 246
26.000000 15.588457 25.500000 16.454483 246
25.000000 15.588457 25.500000 16.454483 246
30.500000 4.330127 30.000000 5.196152 247
29.500000 4.330127 29.000000 5.196152 247
29.000000 5.196152 30.000000 5.196152 247
29.500000 6.062178 30.500000 6.062178 247
29.500000 4.330127 30.500000 4.330127 247
28.500000 4.330127 29.500000 4.330127 247
29.500000 4.330127 30.000000 5.196152 247
30.000000 5.196152 29.500000 6.062178 247
28.500000 4.330127 29.000000 5.196152 247
30.000000 5.196152 30.500000 6.062178 247
29.000000 5.196152 29.500000 6.062178 247
14.000000 1.732051 13.500000 2.598076 248
13.000000 1.732051 14.000000 1.732051 248
13.000000 1.732051 13.500000 2.598076 248
19.000000 24.248711 18.500000 25.114737 249
6.000000 6.928203 7.000000 6.928203 250
6.000000 6.928203 6.500000 7.794229 250
7.000000 6.928203 6.500000 7.794229 250
15.500000 4.330127 16.500000 4.330127 251
12.000000 8.660254 13.000000 8.660254 252
24.000000 6.928203 25.000000 6.928203 253
24.000000 6.928203 24.500000 7.794229 253
25.000000 6.928203 24.500000 7.794229 253
33.000000 8.660254 32.500000 9.526279 254
33.000000 8.660254 33.500000 9.526279 254
32.500000 9.526279 33.500000 9.526279 254
15.500000 6.062178 16.500000 6.062178 255
20.000000 13.856406 21.000000 13.856406 256
20.000000 24.248711 21.000000 24.248711 257
17.500000 21.650635 17.000000 22.516660 258
14.500000 18.186533 15.500000 18.186533 259
19.500000 14.722432 19.000000 15.588457 260
25.000000 5.196152 24.500000 6.062178 261
25.000000 5.196152 25.500000 6.062178 261
25.000000 5.196152 26.000000 5.196152 261
26.000000 5.196152 25.500000 6.062178 261
24.500000 6.062178 25.500000 6.062178 261
42.000000 24.248711 41.500000 25.114737 262
32.000000 22.516660 32.500000 23.382686 263
33.000000 22.516660 32.500000 23.382686 263
32.000000 22.516660 33.000000 22.516660 263
24.500000 7.794229 24.000000 8.660254 264
24.000000 8.660254 25.000000 8.660254 264
24.500000 7.794229 25.000000 8.660254 264
16.000000 24.248711 15.500000 25.114737 265
21.000000 25.980762 20.500000 26.846788 266
23.000000 25.980762 23.500000 26.846788 267
9.000000 15.588457 40.500000 16.454483 268
19.000000 19.052559 19.500000 19.918584 269
5.000000 0.000000 4.500000 0.866025 270
18.500000 26.846788 19.500000 26.846788 270
18.500000 26.846788 3.000000 0.000000 270
4.000000 0.000000 3.500000 0.866025 270
3.000000 0.000000 4.000000 0.000000 270
19.500000 26.846788 3.000000 0.000000 270
4.000000 0.000000 4.500000 0.866025 270
4.000000 0.000000 5.000000 0.000000 270
3.000000 0.000000 3.500000 0.866025 270
3.500000 0.866025 4.500000 0.866025 270
19.500000 26.846788 4.000000 0.000000 270
35.000000 20.784610 36.000000 20.784610 271
35.500000 19.918584 35.000000 20.784610 271
35.500000 19.918584 36.000000 20.784610 271
10.500000 7.794229 11.500000 7.794229 272
28.000000 22.516660 27.500000 23.382686 273
28.000000 22.516660 28.500000 23.382686 273
27.500000 23.382686 28.500000 23.382686 273
25.000000 13.856406 26.000000 13.856406 274
38.000000 17.320508 38.500000 18.186533 275
17.000000 3.464102 18.000000 3.464102 276
28.000000 6.928203 29.000000 6.928203 277
28.500000 7.794229 29.500000 7.794229 277
29.000000 6.928203 29.500000 7.794229 277
27.000000 6.928203 27.500000 7.794229 277
27.500000 7.794229 28.500000 7.794229 277
29.500000 7.794229 29.000000 8.660254 277
28.000000 6.928203 28.500000 7.794229 277
28.000000 6.928203 27.500000 7.794229 277
28.500000 7.794229 29.000000 8.660254 277
27.000000 6.928203 28.000000 6.928203 277
29.000000 6.928203 28.500000 7.794229 277
14.000000 13.856406 15.000000 13.856406 278
13.500000 12.990381 14.000000 13.856406 278
14.500000 12.990381 15.000000 13.856406 278
12.500000 12.990381 13.500000 12.990381 278
13.500000 14.722432 14.500000 14.722432 278
13.500000 12.990381 13.000000 13.856406 278
12.500000 12.990381 13.000000 13.856406 278
14.000000 13.856406 13.500000 14.722432 278
13.500000 12.990381 14.500000 12.990381 278
14.500000 12.990381 14.000000 13.856406 278
14.000000 13.856406 14.500000 14.722432 278
13.000000 13.856406 14.000000 13.856406 278
13.000000 13.856406 13.500000 14.722432 278
25.500000 7.794229 25.000000 8.660254 279
36.500000 9.526279 5.500000 9.526279 280
24.500000 23.382686 25.000000 24.248711 281
4.500000 4.330127 4.000000 5.196152 282
45.000000 24.248711 14.000000 24.248711 283
6.500000 11.258330 7.500000 11.258330 284
19.000000 6.928203 18.500000 7.794229 285
18.500000 7.794229 19.500000 7.794229 285
19.000000 6.928203 19.500000 7.794229 285
3.500000 2.598076 4.500000 2.598076 286
36.000000 13.856406 35.500000 14.722432 287
35.500000 14.722432 36.500000 14.722432 287
37.000000 13.856406 36.500000 14.722432 287
36.000000 13.856406 37.000000 13.856406 287
36.000000 13.856406 36.500000 14.722432 287
16.000000 17.320508 15.500000 18.186533 288
15.500000 18.186533 16.500000 18.186533 288
16.000000 17.320508 16.500000 18.186533 288
16.500000 18.186533 16.000000 19.052559 288
15.500000 18.186533 16.000000 19.052559 288
15.500000 16.454483 16.000000 17.320508 289
14.000000 22.516660 14.500000 23.382686 290
32.000000 24.248711 33.000000 24.248711 291
27.500000 2.598076 27.000000 3.464102 292
25.500000 9.526279 25.000000 10.392305 293
2.500000 2.598076 3.500000 2.598076 294
24.500000 9.526279 24.000000 10.392305 295
26.500000 23.382686 26.000000 24.248711 296
14.500000 23.382686 15.500000 23.382686 297
37.500000 19.918584 37.000000 20.784610 298
2.000000 3.464102 3.000000 3.464102 299
32.000000 22.516660 31.500000 23.382686 300
39.000000 22.516660 39.500000 23.382686 301
34.500000 19.918584 34.000000 20.784610 302
7.500000 9.526279 8.500000 9.526279 303
18.500000 9.526279 19.000000 10.392305 304
42.500000 26.846788 26.000000 0.000000 305
7.000000 3.464102 8.000000 3.464102 306
12.000000 1.732051 12.500000 2.598076 307
12.000000 1.732051 13.000000 1.732051 307
13.000000 1.732051 12.500000 2.598076 307
12.500000 0.866025 13.000000 1.732051 307
12.500000 0.866025 12.000000 1.732051 307
17.000000 13.856406 17.500000 14.722432 308
17.500000 14.722432 18.500000 14.722432 308
18.000000 13.856406 18.500000 14.722432 308
18.000000 13.856406 17.500000 14.722432 308
17.000000 13.856406 18.000000 13.856406 308
43.500000 23.382686 44.500000 23.382686 309
37.000000 19.052559 37.500000 19.918584 310
33.500000 23.382686 34.500000 23.382686 311
32.000000 17.320508 33.000000 17.320508 312
6.500000 4.330127 7.000000 5.196152 313
34.500000 26.846788 18.000000 0.000000 314
9.000000 15.588457 10.000000 15.588457 315
34.000000 24.248711 34.500000 25.114737 316
33.000000 24.248711 33.500000 25.114737 316
33.000000 24.248711 34.000000 24.248711 316
34.000000 24.248711 33.500000 25.114737 316
33.500000 25.114737 34.500000 25.114737 316
21.500000 26.846788 22.500000 26.846788 317
6.000000 0.000000 7.000000 0.000000 317
21.500000 26.846788 6.000000 0.000000 317
22.500000 26.846788 7.000000 0.000000 317
22.500000 26.846788 6.000000 0.000000 317
19.000000 22.516660 18.500000 23.382686 318
18.500000 23.382686 19.500000 23.382686 318
19.000000 22.516660 19.500000 23.382686 318
20.000000 19.052559 19.500000 19.918584 319
11.000000 3.464102 11.500000 4.330127 320
18.000000 25.980762 18.500000 26.846788 321
19.000000 25.980762 18.500000 26.846788 321
18.000000 25.980762 19.000000 25.980762 321
14.000000 19.052559 14.500000 19.918584 322
27.500000 18.186533 27.000000 19.052559 323
41.500000 26.846788 25.000000 0.000000 324
30.000000 15.588457 29.500000 16.454483 325
36.000000 10.392305 36.500000 11.258330 326
20.000000 20.784610 20.500000 21.650635 327
20.000000 20.784610 21.000000 20.784610 327
19.500000 19.918584 20.500000 19.918584 327
20.500000 19.918584 21.000000 20.784610 327
21.000000 20.784610 20.500000 21.650635 327
19.500000 19.918584 20.000000 20.784610 327
20.500000 19.918584 20.000000 20.784610 327
13.000000 15.588457 14.000000 15.588457 328
13.500000 14.722432 13.000000 15.588457 328
13.500000 14.722432 14.000000 15.588457 328
29.500000 23.382686 29.000000 24.248711 329
28.500000 23.382686 29.500000 23.382686 329
28.500000 23.382686 29.000000 24.248711 329
14.000000 24.248711 15.000000 24.248711 330
14.500000 23.382686 14.000000 24.248711 330
13.500000 23.382686 14.000000 24.248711 330
13.500000 23.382686 14.500000 23.382686 330
14.500000 23.382686 15.000000 24.248711 330
13.000000 22.516660 44.500000 23.382686 331
44.000000 22.516660 13.000000 22.516660 331
44.000000 22.516660 44.500000 23.382686 331
12.500000 16.454483 12.000000 17.320508 332
12.000000 17.320508 12.500000 18.186533 332
13.500000 16.454483 13.000000 17.320508 332
12.500000 16.454483 13.500000 16.454483 332
12.000000 17.320508 13.000000 17.320508 332
13.000000 17.320508 12.500000 18.186533 332
12.500000 16.454483 13.000000 17.320508 332
18.500000 18.186533 19.500000 18.186533 333
38.500000 23.382686 39.000000 24.248711 334
16.500000 12.990381 17.500000 12.990381 335
16.500000 12.990381 17.000000 13.856406 335
17.500000 12.990381 17.000000 13.856406 335
33.000000 8.660254 34.000000 8.660254 336
6.500000 9.526279 7.000000 10.392305 337
35.500000 26.846788 20.000000 0.000000 338
35.500000 26.846788 36.500000 26.846788 338
36.500000 26.846788 20.000000 0.000000 338
32.500000 6.062178 33.000000 6.928203 339
3.500000 0.866025 4.000000 1.732051 340
20.500000 12.990381 21.500000 12.990381 341
21.500000 12.990381 21.000000 13.856406 341
20.500000 12.990381 21.000000 13.856406 341
3.500000 2.598076 4.000000 3.464102 342
29.000000 5.196152 28.500000 6.062178 343
17.000000 8.660254 18.000000 8.660254 344
25.000000 0.000000 25.500000 0.866025 345
22.500000 21.650635 23.500000 21.650635 346
22.500000 21.650635 23.000000 22.516660 346
23.500000 21.650635 23.000000 22.516660 346
41.500000 23.382686 42.000000 24.248711 347
15.500000 0.866025 16.000000 1.732051 348
38.500000 25.114737 39.000000 25.980762 349
38.000000 24.248711 38.500000 25.114737 349
37.500000 25.114737 38.000000 25.980762 349
38.000000 25.980762 39.000000 25.980762 349
38.000000 24.248711 37.500000 25.114737 349
38.500000 25.114737 38.000000 25.980762 349
37.500000 25.114737 38.500000 25.114737 349
20.000000 6.928203 21.000000 6.928203 350
20.500000 6.062178 21.000000 6.928203 350
20.500000 6.062178 21.500000 6.062178 350
21.500000 6.062178 21.000000 6.928203 350
20.500000 6.062178 20.000000 6.928203 350
15.500000 14.722432 16.500000 14.722432 351
26.500000 2.598076 26.000000 3.464102 352
13.000000 13.856406 12.500000 14.722432 353
23.500000 12.990381 24.500000 12.990381 354
24.000000 12.124356 23.500000 12.990381 354
24.500000 12.990381 24.000000 13.856406 354
23.500000 12.990381 24.000000 13.856406 354
24.000000 12.124356 24.500000 12.990381 354
17.000000 6.928203 16.500000 7.794229 355
5.000000 3.464102 5.500000 4.330127 356
7.500000 2.598076 7.000000 3.464102 357
19.500000 6.062178 19.000000 6.928203 358
18.500000 6.062178 19.500000 6.062178 358
18.500000 6.062178 19.000000 6.928203 358
18.500000 6.062178 18.000000 6.928203 358
18.000000 6.928203 19.000000 6.928203 358
35.500000 12.990381 36.000000 13.856406 359
19.000000 5.196152 18.500000 6.062178 360
29.000000 19.052559 28.500000 19.918584 361
37.000000 24.248711 36.500000 25.114737 362
38.000000 22.516660 39.000000 22.516660 363
8.000000 13.856406 39.500000 14.722432 364
39.500000 14.722432 8.500000 14.722432 364
8.000000 13.856406 8.500000 14.722432 364
10.500000 2.598076 11.000000 3.464102 365
11.000000 3.464102 12.000000 3.464102 365
10.500000 2.598076 11.500000 2.598076 365
11.500000 2.598076 11.000000 3.464102 365
11.500000 2.598076 12.000000 3.464102 365
33.000000 25.980762 33.500000 26.846788 366
33.000000 25.980762 32.500000 26.846788 366
32.500000 26.846788 33.500000 26.846788 366
12.500000 18.186533 12.000000 19.052559 367
12.000000 10.392305 13.000000 10.392305 368
10.500000 11.258330 10.000000 12.124356 369
9.500000 11.258330 10.500000 11.258330 369
9.500000 11.258330 10.000000 12.124356 369
19.000000 3.464102 18.500000 4.330127 370
11.000000 3.464102 10.500000 4.330127 371
38.500000 14.722432 39.500000 14.722432 372
36.500000 12.990381 37.500000 12.990381 373
31.500000 2.598076 31.000000 3.464102 374
18.500000 25.114737 19.000000 25.980762 375
10.500000 16.454483 10.000000 17.320508 376
39.000000 17.320508 39.500000 18.186533 377
10.000000 1.732051 9.500000 2.598076 378
29.000000 10.392305 28.500000 11.258330 379
28.000000 10.392305 28.500000 11.258330 379
28.000000 10.392305 29.000000 10.392305 379
6.500000 7.794229 7.000000 8.660254 380
34.500000 11.258330 34.000000 12.124356 381
24.000000 22.516660 23.500000 23.382686 382
17.000000 8.660254 16.500000 9.526279 383
16.000000 8.660254 16.500000 9.526279 383
16.000000 8.660254 17.000000 8.660254 383
30.000000 22.516660 31.000000 22.516660 384
25.500000 6.062178 26.000000 6.928203 385
34.500000 25.114737 35.500000 25.114737 386
35.000000 6.928203 4.000000 6.928203 387
15.500000 25.114737 16.000000 25.980762 388
26.000000 24.248711 25.500000 25.114737 389
25.000000 24.248711 25.500000 25.114737 389
25.500000 23.382686 26.000000 24.248711 389
25.000000 24.248711 26.000000 24.248711 389
25.500000 23.382686 25.000000 24.248711 389
20.000000 12.124356 19.500000 12.990381 390
19.000000 12.124356 19.500000 12.990381 390
19.000000 12.124356 20.000000 12.124356 390
29.500000 16.454483 29.000000 17.320508 391
23.500000 6.062178 24.000000 6.928203 392
4.000000 1.732051 5.000000 1.732051 393
15.000000 8.660254 14.500000 9.526279 394
29.000000 22.516660 29.500000 23.382686 395
31.000000 10.392305 30.500000 11.258330 396
30.500000 9.526279 30.000000 10.392305 396
30.000000 10.392305 30.500000 11.258330 396
30.000000 10.392305 31.000000 10.392305 396
30.500000 9.526279 31.000000 10.392305 396
10.500000 16.454483 11.000000 17.320508 397
11.500000 16.454483 11.000000 17.320508 397
10.500000 16.454483 11.500000 16.454483 397
23.500000 2.598076 24.500000 2.598076 398
28.500000 2.598076 28.000000 3.464102 399
17.000000 0.000000 18.000000 0.000000 400
33.500000 26.846788 18.000000 0.000000 400
33.500000 26.846788 17.000000 0.000000 400
13.500000 7.794229 13.000000 8.660254 401
34.000000 13.856406 34.500000 14.722432 402
36.000000 10.392305 35.500000 11.258330 403
37.000000 25.980762 38.000000 25.980762 404
36.000000 25.980762 37.000000 25.980762 405
36.000000 25.980762 36.500000 26.846788 405
37.000000 25.980762 36.500000 26.846788 405
14.000000 3.464102 13.500000 4.330127 406
15.000000 1.732051 14.500000 2.598076 407
35.000000 15.588457 36.000000 15.588457 408
8.000000 12.124356 8.500000 12.990381 409
7.500000 12.990381 8.500000 12.990381 409
8.000000 12.124356 7.500000 12.990381 409
23.000000 22.516660 23.500000 23.382686 410
23.000000 22.516660 22.500000 23.382686 410
22.500000 23.382686 23.500000 23.382686 410
31.500000 9.526279 32.000000 10.392305 411
31.500000 9.526279 32.500000 9.526279 411
31.000000 10.392305 32.000000 10.392305 411
32.500000 9.526279 32.000000 10.392305 411
31.500000 9.526279 31.000000 10.392305 411
32.500000 19.918584 32.000000 20.784610 412
11.500000 14.722432 12.500000 14.722432 413
12.000000 13.856406 12.500000 14.722432 413
12.000000 13.856406 11.500000 14.722432 413
23.000000 5.196152 23.500000 6.062178 414
22.500000 6.062178 23.500000 6.062178 414
23.000000 5.196152 22.500000 6.062178 414
31.500000 23.382686 31.000000 24.248711 415
38.000000 25.980762 37.500000 26.846788 416
17.000000 0.000000 16.500000 0.866025 417
19.500000 9.526279 20.500000 9.526279 418
29.500000 11.258330 29.000000 12.124356 419
36.500000 11.258330 37.000000 12.124356 420
29.500000 11.258330 30.000000 12.124356 421
18.500000 11.258330 19.000000 12.124356 422
14.000000 0.000000 15.000000 0.000000 423
21.000000 6.928203 21.500000 7.794229 424
30.500000 14.722432 31.500000 14.722432 425
30.000000 13.856406 29.500000 14.722432 426
29.500000 14.722432 30.500000 14.722432 426
30.000000 13.856406 30.500000 14.722432 426
12.000000 15.588457 11.500000 16.454483 427
11.500000 14.722432 12.000000 15.588457 427
11.000000 15.588457 11.500000 16.454483 427
11.500000 14.722432 11.000000 15.588457 427
11.000000 15.588457 12.000000 15.588457 427
28.500000 18.186533 29.500000 18.186533 428
9.000000 3.464102 8.500000 4.330127 429
8.000000 3.464102 8.500000 4.330127 429
8.000000 3.464102 9.000000 3.464102 429
16.500000 25.114737 16.000000 25.980762 430
31.500000 14.722432 32.500000 14.722432 431
9.500000 2.598076 10.000000 3.464102 432
9.500000 2.598076 9.000000 3.464102 432
9.000000 3.464102 10.000000 3.464102 432
12.000000 19.052559 13.000000 19.052559 433
24.000000 10.392305 24.500000 11.258330 434
24.000000 10.392305 25.000000 10.392305 434
25.000000 10.392305 24.500000 11.258330 434
27.000000 3.464102 26.500000 4.330127 435
27.000000 3.464102 27.500000 4.330127 435
26.500000 4.330127 27.500000 4.330127 435
27.500000 12.990381 28.000000 13.856406 436
6.000000 5.196152 5.500000 6.062178 437
10.500000 7.794229 11.000000 8.660254 438
20.500000 4.330127 20.000000 5.196152 439
27.000000 0.000000 28.000000 0.000000 440
27.500000 7.794229 27.000000 8.660254 441
9.000000 12.124356 9.500000 12.990381 442
8.500000 14.722432 9.500000 14.722432 443
34.000000 5.196152 33.500000 6.062178 444
34.000000 17.320508 35.000000 17.320508 445
34.000000 17.320508 34.500000 18.186533 445
35.000000 17.320508 34.500000 18.186533 445
27.000000 1.732051 26.500000 2.598076 446
26.500000 2.598076 27.500000 2.598076 446
27.000000 1.732051 27.500000 2.598076 446
11.500000 0.866025 11.000000 1.732051 447
31.500000 23.382686 32.000000 24.248711 448
12.000000 3.464102 12.500000 4.330127 449
13.000000 3.464102 12.500000 4.330127 449
12.000000 3.464102 13.000000 3.464102 449
29.500000 2.598076 30.000000 3.464102 450
29.500000 16.454483 30.000000 17.320508 451
18.000000 3.464102 17.500000 4.330127 452
19.500000 16.454483 20.000000 17.320508 453
19.000000 17.320508 20.000000 17.320508 453
19.500000 16.454483 19.000000 17.320508 453
22.500000 7.794229 22.000000 8.660254 454
32.500000 11.258330 33.000000 12.124356 455
39.500000 14.722432 39.000000 15.588457 456
23.500000 6.062178 23.000000 6.928203 457
5.500000 4.330127 6.000000 5.196152 458
6.500000 4.330127 6.000000 5.196152 458
5.500000 4.330127 6.500000 4.330127 458
29.000000 19.052559 30.000000 19.052559 459
5.000000 0.000000 5.500000 0.866025 460
6.000000 0.000000 5.500000 0.866025 460
5.000000 0.000000 6.000000 0.000000 460
4.500000 2.598076 5.000000 3.464102 461
4.500000 2.598076 5.500000 2.598076 461
5.500000 2.598076 5.000000 3.464102 461
6.500000 0.866025 7.500000 0.866025 462
7.000000 0.000000 6.500000 0.866025 462
7.000000 0.000000 7.500000 0.866025 462
7.500000 12.990381 8.000000 13.856406 463
37.500000 26.846788 22.000000 0.000000 464
13.500000 19.918584 14.500000 19.918584 465
19.000000 1.732051 18.500000 2.598076 466
19.000000 1.732051 19.500000 2.598076 466
18.500000 2.598076 19.500000 2.598076 466
28.000000 8.660254 28.500000 9.526279 467
32.000000 19.052559 31.500000 19.918584 468
5.000000 8.660254 6.000000 8.660254 469
6.000000 8.660254 6.500000 9.526279 469
5.500000 9.526279 6.500000 9.526279 469
6.000000 8.660254 5.500000 9.526279 469
5.000000 8.660254 5.500000 9.526279 469
34.000000 13.856406 35.000000 13.856406 470
19.500000 12.990381 20.500000 12.990381 471
27.500000 7.794229 28.000000 8.660254 472
7.500000 0.866025 8.000000 1.732051 473
7.000000 1.732051 8.000000 1.732051 473
7.500000 0.866025 7.000000 1.732051 473
9.500000 14.722432 10.500000 14.722432 474
31.500000 6.062178 32.500000 6.062178 475
18.500000 4.330127 18.000000 5.196152 476
40.500000 18.186533 41.500000 18.186533 477
35.500000 9.526279 36.500000 9.526279 478
36.000000 8.660254 36.500000 9.526279 478
36.000000 8.660254 35.500000 9.526279 478
19.000000 5.196152 20.000000 5.196152 479
37.500000 14.722432 37.000000 15.588457 480
18.000000 8.660254 19.000000 8.660254 481
40.500000 18.186533 41.000000 19.052559 482
18.500000 21.650635 18.000000 22.516660 483
26.000000 6.928203 26.500000 7.794229 484
18.500000 21.650635 19.000000 22.516660 485
42.500000 19.918584 43.000000 20.784610 486
11.500000 19.918584 43.000000 20.784610 486
42.500000 19.918584 11.500000 19.918584 486
19.500000 2.598076 20.000000 3.464102 487
15.000000 15.588457 15.500000 16.454483 488
15.000000 15.588457 16.000000 15.588457 488
16.000000 15.588457 15.500000 16.454483 488
37.500000 21.650635 38.500000 21.650635 489
38.000000 20.784610 38.500000 21.650635 489
38.000000 20.784610 37.500000 21.650635 489
27.000000 19.052559 27.500000 19.918584 490
27.000000 19.052559 26.500000 19.918584 490
26.500000 19.918584 27.500000 19.918584 490
12.500000 19.918584 12.000000 20.784610 491
16.000000 3.464102 17.000000 3.464102 492
22.500000 26.846788 23.500000 26.846788 493
26.500000 9.526279 27.500000 9.526279 494
32.500000 16.454483 32.000000 17.320508 495
14.000000 10.392305 15.000000 10.392305 496
30.000000 22.516660 29.500000 23.382686 497
28.500000 9.526279 29.500000 9.526279 498
32.000000 12.124356 32.500000 12.990381 499
12.000000 5.196152 12.500000 6.062178 500
3.500000 6.062178 4.000000 6.928203 501
28.000000 20.784610 27.500000 21.650635 502
36.500000 16.454483 37.000000 17.320508 503
26.500000 12.990381 27.000000 13.856406 504
27.500000 12.990381 27.000000 13.856406 504
26.500000 12.990381 27.500000 12.990381 504
16.000000 15.588457 16.500000 16.454483 505
25.500000 12.990381 26.500000 12.990381 506
33.000000 10.392305 34.000000 10.392305 507
18.000000 24.248711 17.500000 25.114737 508
17.000000 24.248711 17.500000 25.114737 508
17.000000 24.248711 18.000000 24.248711 508
32.000000 13.856406 32.500000 14.722432 509
31.000000 22.516660 32.000000 22.516660 510
7.000000 8.660254 7.500000 9.526279 511
26.000000 22.516660 26.500000 23.382686 512
28.500000 9.526279 28.000000 10.392305 513
19.500000 23.382686 20.500000 23.382686 514
25.000000 20.784610 25.500000 21.650635 515
23.000000 24.248711 24.000000 24.248711 516
9.000000 12.124356 8.500000 12.990381 517
19.000000 13.856406 19.500000 14.722432 518
16.500000 19.918584 17.500000 19.918584 519
17.000000 19.052559 16.500000 19.918584 519
17.000000 19.052559 17.500000 19.918584 519
9.000000 10.392305 8.500000 11.258330 520
9.000000 13.856406 10.000000 13.856406 521
9.500000 12.990381 10.000000 13.856406 521
9.500000 12.990381 9.000000 13.856406 521
29.500000 18.186533 30.500000 18.186533 522
5.500000 6.062178 6.000000 6.928203 523
19.000000 24.248711 20.000000 24.248711 524
33.500000 9.526279 34.500000 9.526279 525
34.500000 9.526279 34.000000 10.392305 525
33.500000 9.526279 34.000000 10.392305 525
8.000000 6.928203 8.500000 7.794229 526
14.500000 25.114737 15.000000 25.980762 527
32.000000 19.052559 32.500000 19.918584 528
33.500000 19.918584 33.000000 20.784610 529
32.000000 3.464102 32.500000 4.330127 530
36.500000 19.918584 36.000000 20.784610 531
36.500000 18.186533 36.000000 19.052559 532
29.500000 25.114737 30.500000 25.114737 533
29.500000 25.114737 30.000000 25.980762 533
30.500000 25.114737 30.000000 25.980762 533
23.500000 21.650635 24.000000 22.516660 534
25.500000 19.918584 26.500000 19.918584 535
33.500000 7.794229 34.500000 7.794229 536
34.000000 6.928203 35.000000 6.928203 536
34.000000 6.928203 34.500000 7.794229 536
35.000000 6.928203 34.500000 7.794229 536
34.000000 6.928203 33.500000 7.794229 536
9.500000 0.866025 10.500000 0.866025 537
10.500000 0.866025 10.000000 1.732051 537
9.500000 0.866025 10.000000 1.732051 537
38.500000 26.846788 23.000000 0.000000 538
26.500000 7.794229 27.000000 8.660254 539
24.500000 14.722432 24.000000 15.588457 540
17.000000 6.928203 17.500000 7.794229 541
17.500000 18.186533 17.000000 19.052559 542
16.500000 18.186533 17.000000 19.052559 542
16.500000 18.186533 17.500000 18.186533 542
38.500000 18.186533 39.000000 19.052559 543
23.500000 23.382686 24.000000 24.248711 544
21.000000 13.856406 20.500000 14.722432 545
22.000000 20.784610 22.500000 21.650635 546
19.500000 2.598076 20.500000 2.598076 547
36.000000 24.248711 37.000000 24.248711 548
28.500000 26.846788 29.500000 26.846788 549
10.000000 15.588457 9.500000 16.454483 550
21.000000 15.588457 22.000000 15.588457 551
20.000000 22.516660 19.500000 23.382686 552
34.000000 22.516660 35.000000 22.516660 553
34.000000 22.516660 34.500000 23.382686 553
35.000000 22.516660 34.500000 23.382686 553
34.500000 21.650635 35.000000 22.516660 553
34.500000 21.650635 34.000000 22.516660 553
7.000000 5.196152 8.000000 5.196152 554
19.000000 20.784610 19.500000 21.650635 555
31.000000 1.732051 30.500000 2.598076 556
14.500000 2.598076 15.000000 3.464102 557
37.000000 22.516660 37.500000 23.382686 558
29.500000 23.382686 30.500000 23.382686 559
16.500000 16.454483 17.000000 17.320508 560
10.000000 10.392305 9.500000 11.258330 561
34.000000 25.980762 34.500000 26.846788 562
38.500000 14.722432 38.000000 15.588457 563
35.500000 7.794229 36.000000 8.660254 564
14.000000 15.588457 13.500000 16.454483 565
13.500000 16.454483 14.500000 16.454483 565
14.000000 15.588457 14.500000 16.454483 565
18.500000 7.794229 18.000000 8.660254 566
17.500000 2.598076 18.500000 2.598076 567
12.500000 9.526279 13.000000 10.392305 568
23.000000 0.000000 22.500000 0.866025 569
23.000000 6.928203 22.500000 7.794229 570
31.000000 22.516660 30.500000 23.382686 571
25.500000 4.330127 26.500000 4.330127 572
32.000000 10.392305 33.000000 10.392305 573
32.000000 10.392305 32.500000 11.258330 573
33.000000 10.392305 32.500000 11.258330 573
4.500000 7.794229 5.500000 7.794229 574
5.000000 6.928203 5.500000 7.794229 574
5.000000 6.928203 4.500000 7.794229 574
30.000000 0.000000 31.000000 0.000000 575
25.500000 12.990381 25.000000 13.856406 576
23.000000 0.000000 23.500000 0.866025 577
27.000000 20.784610 26.500000 21.650635 578
28.000000 5.196152 27.500000 6.062178 579
5.500000 9.526279 6.000000 10.392305 580
20.000000 19.052559 21.000000 19.052559 581
15.500000 21.650635 16.000000 22.516660 582
27.500000 21.650635 28.500000 21.650635 583
29.500000 7.794229 30.500000 7.794229 584
14.000000 15.588457 15.000000 15.588457 585
20.500000 0.866025 20.000000 1.732051 586
35.000000 20.784610 34.500000 21.650635 587
13.500000 16.454483 14.000000 17.320508 588
43.500000 21.650635 44.000000 22.516660 589
43.000000 22.516660 44.000000 22.516660 589
43.500000 21.650635 43.000000 22.516660 589
36.000000 12.124356 37.000000 12.124356 590
17.000000 5.196152 18.000000 5.196152 591
13.500000 11.258330 14.000000 12.124356 592
31.000000 5.196152 31.500000 6.062178 593
31.000000 5.196152 32.000000 5.196152 593
32.000000 5.196152 31.500000 6.062178 593
29.500000 18.186533 29.000000 19.052559 594
27.500000 14.722432 27.000000 15.588457 595
32.500000 12.990381 32.000000 13.856406 596
15.000000 22.516660 16.000000 22.516660 597
18.000000 20.784610 18.500000 21.650635 598
30.500000 2.598076 31.500000 2.598076 599
13.000000 19.052559 13.500000 19.918584 600
30.500000 18.186533 30.000000 19.052559 601
18.000000 1.732051 19.000000 1.732051 602
20.000000 22.516660 21.000000 22.516660 603
40.500000 23.382686 41.000000 24.248711 604
24.500000 12.990381 25.500000 12.990381 605
24.000000 13.856406 23.500000 14.722432 606
24.500000 11.258330 25.000000 12.124356 607
24.500000 11.258330 24.000000 12.124356 607
24.000000 12.124356 25.000000 12.124356 607
28.000000 19.052559 27.500000 19.918584 608
34.500000 6.062178 34.000000 6.928203 609
11.500000 11.258330 12.500000 11.258330 610
31.000000 6.928203 32.000000 6.928203 611
31.500000 7.794229 32.500000 7.794229 612
11.000000 17.320508 12.000000 17.320508 613
41.500000 26.846788 26.000000 0.000000 614
22.000000 22.516660 23.000000 22.516660 615
31.500000 16.454483 31.000000 17.320508 616
29.500000 25.114737 29.000000 25.980762 617
28.000000 25.980762 29.000000 25.980762 618
5.000000 5.196152 4.500000 6.062178 619
8.000000 0.000000 9.000000 0.000000 620
25.500000 18.186533 26.500000 18.186533 621
26.500000 18.186533 26.000000 19.052559 621
25.500000 18.186533 26.000000 19.052559 621
13.500000 6.062178 14.500000 6.062178 622
37.500000 18.186533 38.000000 19.052559 623
18.000000 12.124356 18.500000 12.990381 624
44.000000 24.248711 44.500000 25.114737 625
12.000000 20.784610 12.500000 21.650635 626
6.500000 0.866025 6.000000 1.732051 627
19.000000 12.124356 18.500000 12.990381 628
15.500000 19.918584 15.000000 20.784610 629
42.000000 25.980762 42.500000 26.846788 630
43.000000 25.980762 42.500000 26.846788 630
42.000000 25.980762 43.000000 25.980762 630
14.000000 1.732051 15.000000 1.732051 631
14.500000 0.866025 15.000000 1.732051 631
14.500000 0.866025 14.000000 1.732051 631
13.000000 10.392305 12.500000 11.258330 632
3.000000 3.464102 3.500000 4.330127 633
20.000000 20.784610 19.500000 21.650635 634
28.000000 13.856406 29.000000 13.856406 635
12.500000 14.722432 13.000000 15.588457 636
10.500000 18.186533 11.500000 18.186533 637
33.500000 4.330127 33.000000 5.196152 638
34.500000 6.062178 3.500000 6.062178 639
35.500000 16.454483 36.500000 16.454483 640
21.500000 21.650635 21.000000 22.516660 641
19.500000 18.186533 20.000000 19.052559 642
29.500000 2.598076 30.500000 2.598076 643
25.500000 2.598076 26.500000 2.598076 644
23.500000 11.258330 23.000000 12.124356 645
22.000000 25.980762 21.500000 26.846788 646
11.500000 11.258330 11.000000 12.124356 647
39.000000 25.980762 40.000000 25.980762 648
28.000000 13.856406 27.500000 14.722432 649
11.000000 12.124356 12.000000 12.124356 650
44.500000 25.114737 45.500000 25.114737 651
30.000000 19.052559 29.500000 19.918584 652
37.000000 20.784610 37.500000 21.650635 653
12.000000 6.928203 11.500000 7.794229 654
27.000000 8.660254 26.500000 9.526279 655
32.000000 24.248711 32.500000 25.114737 656
33.500000 25.114737 33.000000 25.980762 657
33.500000 25.114737 34.000000 25.980762 657
33.000000 25.980762 34.000000 25.980762 657
5.000000 3.464102 4.500000 4.330127 658
4.500000 6.062178 5.000000 6.928203 659
8.500000 7.794229 8.000000 8.660254 660
33.000000 12.124356 32.500000 12.990381 661
27.000000 15.588457 26.500000 16.454483 662
8.500000 14.722432 9.000000 15.588457 663
40.500000 23.382686 41.500000 23.382686 664
24.500000 16.454483 25.000000 17.320508 665
33.000000 20.784610 34.000000 20.784610 666
36.000000 24.248711 35.500000 25.114737 667
29.000000 8.660254 30.000000 8.660254 668
32.500000 6.062178 33.500000 6.062178 669
30.000000 3.464102 30.500000 4.330127 670
18.000000 10.392305 17.500000 11.258330 671
41.000000 17.320508 41.500000 18.186533 672
8.500000 0.866025 9.000000 1.732051 673
27.500000 18.186533 28.000000 19.052559 674
24.000000 20.784610 24.500000 21.650635 675
35.000000 12.124356 34.500000 12.990381 676
11.000000 1.732051 12.000000 1.732051 677
35.000000 15.588457 35.500000 16.454483 678
21.500000 0.866025 22.500000 0.866025 679
8.000000 0.000000 7.500000 0.866025 680
29.000000 24.248711 30.000000 24.248711 681
18.000000 3.464102 19.000000 3.464102 682
22.000000 20.784610 21.500000 21.650635 683
17.000000 6.928203 18.000000 6.928203 684
31.000000 19.052559 30.500000 19.918584 685
30.000000 19.052559 30.500000 19.918584 685
30.000000 19.052559 31.000000 19.052559 685
15.000000 17.320508 15.500000 18.186533 686
14.000000 8.660254 13.500000 9.526279 687
16.500000 2.598076 17.000000 3.464102 688
10.000000 0.000000 9.500000 0.866025 689
32.500000 25.114737 33.500000 25.114737 690
32.500000 4.330127 33.500000 4.330127 691
19.500000 26.846788 20.500000 26.846788 692
30.000000 17.320508 29.500000 18.186533 693
20.000000 25.980762 19.500000 26.846788 694
38.000000 15.588457 38.500000 16.454483 695
33.000000 3.464102 2.000000 3.464102 696
31.000000 15.588457 31.500000 16.454483 697
16.000000 20.784610 15.500000 21.650635 698
8.000000 6.928203 9.000000 6.928203 699
3.000000 5.196152 34.500000 6.062178 700
32.000000 20.784610 32.500000 21.650635 701
19.500000 19.918584 19.000000 20.784610 702
23.500000 23.382686 24.500000 23.382686 703
30.500000 26.846788 31.500000 26.846788 704
37.000000 19.052559 36.500000 19.918584 705
26.000000 13.856406 25.500000 14.722432 706
25.500000 14.722432 26.500000 14.722432 706
26.000000 13.856406 26.500000 14.722432 706
28.000000 13.856406 28.500000 14.722432 707
19.500000 4.330127 20.000000 5.196152 708
43.000000 22.516660 43.500000 23.382686 709
42.500000 23.382686 43.500000 23.382686 709
43.000000 22.516660 42.500000 23.382686 709
15.500000 18.186533 15.000000 19.052559 710
24.000000 13.856406 24.500000 14.722432 711
29.000000 3.464102 30.000000 3.464102 712
5.500000 6.062178 5.000000 6.928203 713
26.500000 7.794229 26.000000 8.660254 714
22.000000 24.248711 22.500000 25.114737 715
8.000000 5.196152 7.500000 6.062178 716
16.000000 0.000000 16.500000 0.866025 717
41.000000 24.248711 42.000000 24.248711 718
41.500000 18.186533 42.000000 19.052559 719
13.500000 0.866025 14.000000 1.732051 720
10.500000 4.330127 11.000000 5.196152 721
4.000000 6.928203 35.500000 7.794229 722
23.500000 12.990381 23.000000 13.856406 723
41.000000 24.248711 40.500000 25.114737 724
30.000000 5.196152 31.000000 5.196152 725
21.500000 23.382686 21.000000 24.248711 726
20.500000 23.382686 21.500000 23.382686 726
20.500000 23.382686 21.000000 24.248711 726
30.500000 12.990381 30.000000 13.856406 727
32.000000 8.660254 33.000000 8.660254 728
19.500000 14.722432 20.500000 14.722432 729
10.500000 12.990381 11.000000 13.856406 730
16.500000 25.114737 17.500000 25.114737 731
26.000000 1.732051 25.500000 2.598076 732
14.500000 14.722432 15.500000 14.722432 733
36.000000 12.124356 35.500000 12.990381 734
7.500000 9.526279 7.000000 10.392305 735
24.500000 19.918584 25.000000 20.784610 736
11.000000 1.732051 10.500000 2.598076 737
22.500000 19.918584 22.000000 20.784610 738
31.500000 18.186533 31.000000 19.052559 739
8.500000 11.258330 9.000000 12.124356 740
35.000000 13.856406 35.500000 14.722432 741
23.500000 16.454483 24.500000 16.454483 742
19.500000 18.186533 20.500000 18.186533 743
31.000000 24.248711 30.500000 25.114737 744
17.000000 10.392305 17.500000 11.258330 745
18.500000 4.330127 19.000000 5.196152 746
12.500000 21.650635 44.000000 22.516660 747
26.000000 6.928203 27.000000 6.928203 748
26.000000 20.784610 26.500000 21.650635 749
24.500000 18.186533 25.500000 18.186533 750
22.000000 13.856406 21.500000 14.722432 751
29.500000 9.526279 30.500000 9.526279 752
42.000000 25.980762 41.500000 26.846788 753
13.500000 4.330127 13.000000 5.196152 754
29.000000 15.588457 28.500000 16.454483 755
13.000000 12.124356 13.500000 12.990381 756
15.500000 23.382686 16.000000 24.248711 757
26.000000 0.000000 27.000000 0.000000 758
13.500000 21.650635 14.000000 22.516660 759
18.000000 15.588457 17.500000 16.454483 760
29.000000 13.856406 30.000000 13.856406 761
11.000000 19.052559 42.500000 19.918584 762
15.500000 6.062178 15.000000 6.928203 763
9.500000 0.866025 9.000000 1.732051 764
39.500000 18.186533 39.000000 19.052559 765
15.500000 21.650635 16.500000 21.650635 766
41.500000 19.918584 42.500000 19.918584 767
18.000000 15.588457 19.000000 15.588457 768
30.000000 13.856406 31.000000 13.856406 769
21.500000 4.330127 22.000000 5.196152 770
31.000000 6.928203 31.500000 7.794229 771
16.500000 23.382686 17.500000 23.382686 772
19.500000 9.526279 19.000000 10.392305 773
26.500000 4.330127 26.000000 5.196152 774
16.500000 4.330127 17.500000 4.330127 775
23.500000 14.722432 24.000000 15.588457 776
42.000000 20.784610 43.000000 20.784610 777
22.000000 13.856406 23.000000 13.856406 778
17.500000 9.526279 18.000000 10.392305 779
23.500000 7.794229 23.000000 8.660254 780
40.000000 24.248711 41.000000 24.248711 781
16.500000 0.866025 17.000000 1.732051 782
24.500000 2.598076 25.500000 2.598076 783
14.000000 20.784610 13.500000 21.650635 784
32.500000 21.650635 32.000000 22.516660 785
10.000000 0.000000 11.000000 0.000000 786
21.500000 4.330127 21.000000 5.196152 787
36.000000 20.784610 35.500000 21.650635 788
12.500000 7.794229 12.000000 8.660254 789
25.000000 1.732051 26.000000 1.732051 790
38.000000 25.980762 38.500000 26.846788 791
16.500000 16.454483 16.000000 17.320508 792
36.500000 9.526279 36.000000 10.392305 793
31.000000 8.660254 31.500000 9.526279 794
21.000000 0.000000 21.500000 0.866025 795
11.000000 10.392305 11.500000 11.258330 796
30.000000 25.980762 29.500000 26.846788 797
14.500000 19.918584 15.500000 19.918584 798
16.000000 20.784610 17.000000 20.784610 799
15.500000 23.382686 16.500000 23.382686 800
12.000000 10.392305 11.500000 11.258330 801
15.500000 2.598076 15.000000 3.464102 802
10.000000 1.732051 11.000000 1.732051 803
35.000000 25.980762 34.500000 26.846788 804
10.500000 14.722432 10.000000 15.588457 805
38.500000 23.382686 38.000000 24.248711 806
16.000000 22.516660 17.000000 22.516660 807
20.500000 0.866025 21.000000 1.732051 808
9.500000 16.454483 10.000000 17.320508 809
37.500000 18.186533 38.500000 18.186533 810
24.500000 21.650635 25.000000 22.516660 811
31.500000 21.650635 32.000000 22.516660 812
4.000000 3.464102 5.000000 3.464102 813
41.500000 25.114737 42.500000 25.114737 814
35.500000 23.382686 36.000000 24.248711 815
29.500000 21.650635 30.500000 21.650635 816
16.000000 3.464102 15.500000 4.330127 817
43.000000 20.784610 43.500000 21.650635 818
33.000000 12.124356 33.500000 12.990381 819
37.500000 14.722432 38.500000 14.722432 820
26.500000 0.866025 27.500000 0.866025 821
23.000000 8.660254 24.000000 8.660254 822
13.000000 8.660254 14.000000 8.660254 823
4.000000 1.732051 4.500000 2.598076 824
35.000000 12.124356 36.000000 12.124356 825
29.000000 8.660254 28.500000 9.526279 826
16.000000 22.516660 15.500000 23.382686 827
28.000000 5.196152 28.500000 6.062178 828
35.500000 23.382686 36.500000 23.382686 829
32.500000 4.330127 32.000000 5.196152 830
39.000000 13.856406 39.500000 14.722432 831
36.000000 20.784610 37.000000 20.784610 832
27.500000 18.186533 28.500000 18.186533 833
21.000000 3.464102 22.000000 3.464102 834
1.000000 1.732051 32.500000 2.598076 835
36.500000 11.258330 37.500000 11.258330 836
36.000000 10.392305 37.000000 10.392305 837
27.500000 9.526279 27.000000 10.392305 838
20.000000 8.660254 20.500000 9.526279 839
3.500000 6.062178 4.500000 6.062178 840
7.500000 7.794229 8.000000 8.660254 841
25.500000 26.846788 9.000000 0.000000 842
22.500000 7.794229 23.500000 7.794229 843
17.500000 2.598076 18.000000 3.464102 844
14.500000 6.062178 15.000000 6.928203 845
27.000000 5.196152 28.000000 5.196152 846
37.500000 23.382686 38.000000 24.248711 847
15.500000 14.722432 15.000000 15.588457 848
35.500000 7.794229 4.500000 7.794229 849
11.000000 6.928203 12.000000 6.928203 850
20.000000 10.392305 21.000000 10.392305 851
9.500000 4.330127 10.500000 4.330127 852
9.500000 7.794229 10.000000 8.660254 853
20.000000 15.588457 21.000000 15.588457 854
12.000000 12.124356 13.000000 12.124356 855
7.000000 5.196152 6.500000 6.062178 856
31.500000 12.990381 32.000000 13.856406 857
22.000000 6.928203 21.500000 7.794229 858
20.000000 15.588457 20.500000 16.454483 859
41.500000 21.650635 42.000000 22.516660 860
37.000000 15.588457 38.000000 15.588457 861
24.500000 26.846788 25.500000 26.846788 862
15.000000 6.928203 14.500000 7.794229 863
11.500000 18.186533 12.500000 18.186533 864
17.500000 9.526279 18.500000 9.526279 865
17.500000 21.650635 18.000000 22.516660 866
27.500000 16.454483 27.000000 17.320508 867
10.000000 15.588457 11.000000 15.588457 868
22.500000 25.114737 23.500000 25.114737 869
35.000000 24.248711 35.500000 25.114737 870
36.500000 25.114737 37.000000 25.980762 871
22.000000 0.000000 22.500000 0.866025 872
34.500000 9.526279 35.500000 9.526279 873
24.500000 2.598076 24.000000 3.464102 874
5.500000 4.330127 5.000000 5.196152 875
38.500000 26.846788 22.000000 0.000000 876
34.500000 21.650635 35.500000 21.650635 877
12.500000 11.258330 13.500000 11.258330 878
13.000000 3.464102 13.500000 4.330127 879
8.500000 14.722432 40.000000 15.588457 880
7.500000 11.258330 7.000000 12.124356 881
30.000000 25.980762 31.000000 25.980762 882
35.500000 9.526279 35.000000 10.392305 883
15.000000 5.196152 15.500000 6.062178 884
38.000000 22.516660 38.500000 23.382686 885
25.000000 12.124356 26.000000 12.124356 886
42.000000 22.516660 41.500000 23.382686 887
21.000000 25.980762 21.500000 26.846788 888
32.500000 23.382686 33.000000 24.248711 889
6.500000 2.598076 7.000000 3.464102 890
26.000000 12.124356 26.500000 12.990381 891
27.000000 25.980762 27.500000 26.846788 892
28.000000 19.052559 29.000000 19.052559 893
2.000000 3.464102 2.500000 4.330127 894
28.500000 19.918584 28.000000 20.784610 895
36.000000 8.660254 5.000000 8.660254 896
16.500000 14.722432 17.000000 15.588457 897
24.500000 9.526279 25.500000 9.526279 898
12.500000 18.186533 13.500000 18.186533 899
10.000000 17.320508 10.500000 18.186533 900
37.000000 17.320508 38.000000 17.320508 901
27.500000 4.330127 27.000000 5.196152 902
25.000000 12.124356 25.500000 12.990381 903
7.000000 10.392305 8.000000 10.392305 904
6.500000 7.794229 6.000000 8.660254 905
22.500000 6.062178 22.000000 6.928203 906
36.500000 12.990381 36.000000 13.856406 907
0.000000 0.000000 31.500000 0.866025 908
43.000000 25.980762 43.500000 26.846788 909
31.000000 8.660254 30.500000 9.526279 910
17.500000 7.794229 18.000000 8.660254 911
33.000000 5.196152 34.000000 5.196152 912
21.000000 5.196152 20.500000 6.062178 913
10.500000 11.258330 11.500000 11.258330 914
