32 32 32 32 32
13.500000 4.330127 14.500000 4.330127 1
14.000000 3.464102 14.500000 4.330127 1
13.000000 3.464102 14.000000 3.464102 1
14.000000 3.464102 13.500000 4.330127 1
13.000000 3.464102 13.500000 4.330127 1
9.500000 11.258330 9.000000 12.124356 2
43.000000 25.980762 44.000000 25.980762 2
19.500000 0.866025 19.000000 1.732051 2
27.500000 18.186533 28.500000 18.186533 2
19.500000 4.330127 20.500000 4.330127 2
36.000000 25.980762 35.500000 26.846788 2
23.000000 0.000000 23.500000 0.866025 2
21.500000 4.330127 22.500000 4.330127 2
22.000000 22.516660 23.000000 22.516660 2
16.500000 12.990381 17.500000 12.990381 2
26.500000 19.918584 27.000000 20.784610 2
11.500000 16.454483 12.500000 16.454483 2
5.500000 7.794229 5.000000 8.660254 2
32.000000 12.124356 32.500000 12.990381 2
26.000000 20.784610 25.500000 21.650635 2
25.500000 19.918584 26.000000 20.784610 2
46.000000 25.980762 46.500000 26.846788 2
19.000000 15.588457 19.500000 16.454483 2
30.000000 24.248711 29.500000 25.114737 2
10.000000 0.000000 11.000000 0.000000 2
6.000000 3.464102 5.500000 4.330127 2
24.500000 16.454483 25.500000 16.454483 2
1.000000 0.000000 1.500000 0.866025 2
23.000000 22.516660 24.000000 22.516660 2
22.500000 7.794229 22.000000 8.660254 2
19.000000 10.392305 20.000000 10.392305 2
24.500000 9.526279 25.000000 10.392305 2
8.000000 10.392305 7.500000 11.258330 2
41.500000 25.114737 42.000000 25.980762 2
24.000000 22.516660 24.500000 23.382686 2
4.500000 0.866025 4.000000 1.732051 2
14.500000 12.990381 15.000000 13.856406 2
33.000000 24.248711 33.500000 25.114737 2
17.000000 13.856406 17.500000 14.722432 2
28.500000 2.598076 29.000000 3.464102 2
11.000000 10.392305 11.500000 11.258330 2
18.500000 0.866025 19.500000 0.866025 2
30.500000 6.062178 31.000000 6.928203 2
26.000000 3.464102 25.500000 4.330127 2
45.000000 25.980762 44.500000 26.846788 2
26.000000 6.928203 27.000000 6.928203 2
23.000000 3.464102 23.500000 4.330127 2
34.500000 12.990381 35.000000 13.856406 2
30.500000 19.918584 30.000000 20.784610 2
24.500000 23.382686 25.000000 24.248711 2
21.000000 20.784610 22.000000 20.784610 2
18.000000 13.856406 18.500000 14.722432 2
31.500000 0.866025 32.000000 1.732051 2
27.000000 15.588457 27.500000 16.454483 2
22.000000 13.856406 23.000000 13.856406 2
26.000000 19.052559 26.500000 19.918584 2
33.000000 8.660254 34.000000 8.660254 2
15.500000 21.650635 16.000000 22.516660 2
15.500000 9.526279 16.500000 9.526279 2
37.000000 20.784610 38.000000 20.784610 2
42.000000 24.248711 42.500000 25.114737 2
18.500000 0.866025 19.000000 1.732051 2
28.000000 8.660254 27.500000 9.526279 2
34.000000 8.660254 33.500000 9.526279 2
45.500000 25.114737 45.000000 25.980762 2
11.500000 19.918584 12.000000 20.784610 2
20.000000 20.784610 19.500000 21.650635 2
21.000000 17.320508 22.000000 17.320508 2
7.500000 7.794229 7.000000 8.660254 2
24.500000 4.330127 25.500000 4.330127 2
26.500000 14.722432 26.000000 15.588457 2
36.500000 25.114737 37.000000 25.980762 2
30.500000 4.330127 31.000000 5.196152 2
40.000000 19.052559 41.000000 19.052559 2
29.500000 6.062178 30.000000 6.928203 2
33.500000 4.330127 2.500000 4.330127 2
39.500000 23.382686 40.500000 23.382686 2
36.500000 9.526279 5.500000 9.526279 2
33.000000 10.392305 33.500000 11.258330 2
3.500000 4.330127 3.000000 5.196152 2
15.500000 26.846788 0.000000 0.000000 2
27.000000 13.856406 28.000000 13.856406 2
45.000000 25.980762 46.000000 25.980762 2
9.000000 15.588457 9.500000 16.454483 2
0.500000 0.866025 1.500000 0.866025 2
8.500000 14.722432 40.000000 15.588457 2
23.000000 5.196152 22.500000 6.062178 2
12.000000 17.320508 11.500000 18.186533 2
9.000000 13.856406 10.000000 13.856406 2
13.000000 15.588457 14.000000 15.588457 2
19.000000 0.000000 20.000000 0.000000 2
27.000000 17.320508 27.500000 18.186533 2
31.000000 10.392305 32.000000 10.392305 2
30.500000 12.990381 31.000000 13.856406 2
25.000000 3.464102 25.500000 4.330127 2
35.500000 26.846788 19.000000 0.000000 2
42.500000 21.650635 42.000000 22.516660 2
29.500000 23.382686 30.500000 23.382686 2
19.500000 21.650635 20.000000 22.516660 2
25.500000 4.330127 25.000000 5.196152 2
31.500000 25.114737 31.000000 25.980762 2
26.500000 12.990381 26.000000 13.856406 2
5.500000 7.794229 6.500000 7.794229 2
28.000000 24.248711 27.500000 25.114737 2
30.500000 14.722432 31.000000 15.588457 2
26.000000 25.980762 26.500000 26.846788 2
15.500000 14.722432 16.500000 14.722432 2
38.500000 21.650635 39.500000 21.650635 2
22.500000 7.794229 23.500000 7.794229 2
26.000000 1.732051 26.500000 2.598076 2
20.000000 3.464102 21.000000 3.464102 2
33.000000 5.196152 33.500000 6.062178 2
16.000000 15.588457 15.500000 16.454483 2
15.500000 19.918584 15.000000 20.784610 2
12.500000 11.258330 13.500000 11.258330 2
30.000000 3.464102 30.500000 4.330127 2
28.000000 6.928203 28.500000 7.794229 2
24.000000 0.000000 25.000000 0.000000 2
24.500000 2.598076 24.000000 3.464102 2
24.500000 26.846788 9.000000 0.000000 2
14.000000 22.516660 15.000000 22.516660 2
39.500000 18.186533 40.500000 18.186533 2
15.500000 9.526279 15.000000 10.392305 2
35.000000 19.052559 34.500000 19.918584 2
28.500000 12.990381 29.000000 13.856406 2
15.500000 16.454483 16.500000 16.454483 2
6.000000 10.392305 6.500000 11.258330 2
26.500000 18.186533 27.500000 18.186533 2
26.000000 5.196152 26.500000 6.062178 2
19.000000 17.320508 20.000000 17.320508 2
29.000000 17.320508 28.500000 18.186533 2
12.000000 12.124356 12.500000 12.990381 2
38.000000 17.320508 37.500000 18.186533 2
20.500000 23.382686 21.500000 23.382686 2
40.500000 18.186533 40.000000 19.052559 2
14.000000 10.392305 15.000000 10.392305 2
9.000000 12.124356 8.500000 12.990381 2
4.500000 7.794229 5.500000 7.794229 2
37.000000 20.784610 36.500000 21.650635 2
31.500000 19.918584 32.000000 20.784610 2
35.500000 14.722432 35.000000 15.588457 2
16.500000 12.990381 17.000000 13.856406 2
26.500000 7.794229 26.000000 8.660254 2
11.500000 0.866025 11.000000 1.732051 2
21.500000 18.186533 22.500000 18.186533 2
20.500000 0.866025 21.500000 0.866025 2
21.000000 13.856406 22.000000 13.856406 2
16.000000 19.052559 17.000000 19.052559 2
20.000000 8.660254 21.000000 8.660254 2
4.000000 1.732051 4.500000 2.598076 2
28.500000 11.258330 29.500000 11.258330 2
19.000000 1.732051 19.500000 2.598076 2
20.000000 1.732051 19.500000 2.598076 2
12.000000 20.784610 12.500000 21.650635 2
26.000000 5.196152 27.000000 5.196152 2
26.500000 21.650635 26.000000 22.516660 2
25.000000 8.660254 26.000000 8.660254 2
20.000000 0.000000 19.500000 0.866025 2
33.000000 19.052559 33.500000 19.918584 2
20.500000 21.650635 21.500000 21.650635 2
9.500000 12.990381 10.000000 13.856406 2
24.000000 19.052559 24.500000 19.918584 2
22.500000 11.258330 23.000000 12.124356 2
9.500000 0.866025 9.000000 1.732051 2
19.500000 7.794229 20.000000 8.660254 2
20.000000 6.928203 19.500000 7.794229 2
22.000000 1.732051 23.000000 1.732051 2
12.500000 14.722432 13.500000 14.722432 2
13.000000 8.660254 13.500000 9.526279 2
16.000000 17.320508 15.500000 18.186533 2
22.000000 20.784610 21.500000 21.650635 2
29.500000 14.722432 29.000000 15.588457 2
34.500000 25.114737 34.000000 25.980762 2
18.000000 17.320508 19.000000 17.320508 2
12.500000 16.454483 13.500000 16.454483 2
30.500000 19.918584 31.000000 20.784610 2
38.500000 25.114737 38.000000 25.980762 2
8.500000 0.866025 9.000000 1.732051 2
26.000000 8.660254 25.500000 9.526279 2
8.000000 5.196152 7.500000 6.062178 2
31.000000 13.856406 30.500000 14.722432 2
2.500000 2.598076 3.000000 3.464102 2
30.000000 22.516660 29.500000 23.382686 2
22.000000 12.124356 21.500000 12.990381 2
25.500000 6.062178 26.500000 6.062178 2
28.000000 22.516660 29.000000 22.516660 2
26.000000 25.980762 25.500000 26.846788 2
4.000000 3.464102 3.500000 4.330127 2
18.000000 24.248711 18.500000 25.114737 2
34.000000 24.248711 33.500000 25.114737 2
7.000000 0.000000 8.000000 0.000000 2
10.000000 10.392305 11.000000 10.392305 2
25.500000 26.846788 10.000000 0.000000 2
7.500000 12.990381 39.000000 13.856406 2
22.500000 2.598076 22.000000 3.464102 2
2.500000 4.330127 3.500000 4.330127 2
21.000000 22.516660 21.500000 23.382686 2
11.000000 12.124356 12.000000 12.124356 2
22.000000 17.320508 21.500000 18.186533 2
33.500000 19.918584 34.000000 20.784610 2
5.500000 7.794229 6.000000 8.660254 2
25.500000 14.722432 25.000000 15.588457 2
9.000000 13.856406 8.500000 14.722432 2
21.000000 15.588457 21.500000 16.454483 2
27.500000 26.846788 12.000000 0.000000 2
27.500000 9.526279 27.000000 10.392305 2
7.000000 3.464102 8.000000 3.464102 2
35.000000 25.980762 35.500000 26.846788 2
27.500000 6.062178 27.000000 6.928203 2
34.500000 25.114737 35.500000 25.114737 2
22.500000 23.382686 23.000000 24.248711 2
35.500000 7.794229 35.000000 8.660254 2
24.500000 14.722432 25.000000 15.588457 2
31.500000 6.062178 31.000000 6.928203 2
13.500000 16.454483 13.000000 17.320508 2
21.500000 14.722432 21.000000 15.588457 2
41.500000 19.918584 41.000000 20.784610 2
34.500000 25.114737 35.000000 25.980762 2
13.500000 11.258330 14.500000 11.258330 2
37.000000 12.124356 37.500000 12.990381 2
29.500000 9.526279 30.000000 10.392305 2
25.000000 24.248711 25.500000 25.114737 2
31.000000 20.784610 30.500000 21.650635 2
40.000000 20.784610 39.500000 21.650635 2
25.500000 2.598076 25.000000 3.464102 2
26.500000 9.526279 26.000000 10.392305 2
32.500000 7.794229 32.000000 8.660254 2
20.500000 25.114737 21.000000 25.980762 2
27.500000 7.794229 27.000000 8.660254 2
8.500000 0.866025 8.000000 1.732051 2
21.000000 22.516660 22.000000 22.516660 2
19.500000 26.846788 3.000000 0.000000 2
31.000000 15.588457 32.000000 15.588457 2
12.000000 13.856406 11.500000 14.722432 2
36.500000 18.186533 36.000000 19.052559 2
18.500000 16.454483 19.500000 16.454483 2
33.500000 9.526279 34.000000 10.392305 2
27.500000 25.114737 28.000000 25.980762 2
23.500000 14.722432 24.000000 15.588457 2
28.500000 21.650635 28.000000 22.516660 2
23.000000 15.588457 23.500000 16.454483 2
17.500000 9.526279 17.000000 10.392305 2
31.500000 4.330127 32.500000 4.330127 2
21.500000 14.722432 22.500000 14.722432 2
26.500000 0.866025 27.500000 0.866025 2
33.000000 6.928203 32.500000 7.794229 2
38.500000 25.114737 39.000000 25.980762 2
22.500000 6.062178 22.000000 6.928203 2
37.000000 10.392305 36.500000 11.258330 2
32.000000 20.784610 31.500000 21.650635 2
36.000000 12.124356 36.500000 12.990381 2
26.000000 3.464102 26.500000 4.330127 2
35.500000 26.846788 20.000000 0.000000 2
30.500000 14.722432 31.500000 14.722432 2
38.000000 12.124356 38.500000 12.990381 2
36.000000 22.516660 35.500000 23.382686 2
26.500000 2.598076 27.000000 3.464102 2
27.500000 7.794229 28.000000 8.660254 2
34.500000 18.186533 34.000000 19.052559 2
21.500000 6.062178 22.000000 6.928203 2
31.000000 20.784610 31.500000 21.650635 2
33.500000 4.330127 34.000000 5.196152 2
26.500000 2.598076 27.500000 2.598076 2
40.500000 18.186533 41.000000 19.052559 2
34.000000 15.588457 33.500000 16.454483 2
23.000000 24.248711 24.000000 24.248711 2
25.000000 6.928203 24.500000 7.794229 2
33.500000 7.794229 34.000000 8.660254 2
25.000000 8.660254 24.500000 9.526279 2
41.500000 18.186533 41.000000 19.052559 2
18.000000 20.784610 18.500000 21.650635 2
22.000000 6.928203 21.500000 7.794229 2
29.500000 7.794229 30.000000 8.660254 2
17.500000 14.722432 18.500000 14.722432 2
22.500000 9.526279 23.000000 10.392305 2
18.000000 24.248711 19.000000 24.248711 2
8.500000 11.258330 8.000000 12.124356 2
32.000000 19.052559 32.500000 19.918584 2
22.000000 17.320508 23.000000 17.320508 2
7.500000 0.866025 7.000000 1.732051 2
22.500000 25.114737 23.000000 25.980762 2
26.500000 4.330127 26.000000 5.196152 2
13.500000 12.990381 14.500000 12.990381 2
24.000000 25.980762 23.500000 26.846788 2
29.000000 6.928203 29.500000 7.794229 2
25.500000 11.258330 26.500000 11.258330 2
23.500000 4.330127 23.000000 5.196152 2
36.500000 23.382686 37.000000 24.248711 2
16.500000 16.454483 16.000000 17.320508 2
18.000000 22.516660 17.500000 23.382686 2
42.500000 23.382686 43.500000 23.382686 2
25.000000 0.000000 26.000000 0.000000 2
27.500000 21.650635 28.000000 22.516660 2
44.500000 25.114737 45.000000 25.980762 2
20.500000 2.598076 20.000000 3.464102 2
34.000000 12.124356 35.000000 12.124356 2
19.000000 13.856406 19.500000 14.722432 2
17.500000 18.186533 17.000000 19.052559 2
12.000000 17.320508 13.000000 17.320508 2
27.500000 12.990381 28.500000 12.990381 2
26.500000 16.454483 26.000000 17.320508 2
39.000000 17.320508 39.500000 18.186533 2
38.000000 19.052559 37.500000 19.918584 2
25.500000 19.918584 26.500000 19.918584 2
23.000000 19.052559 23.500000 19.918584 2
4.000000 1.732051 3.500000 2.598076 2
5.500000 9.526279 6.000000 10.392305 2
20.000000 5.196152 20.500000 6.062178 2
41.000000 22.516660 41.500000 23.382686 2
26.000000 13.856406 25.500000 14.722432 2
31.500000 23.382686 32.000000 24.248711 2
19.500000 4.330127 20.000000 5.196152 2
18.000000 19.052559 17.500000 19.918584 2
14.000000 24.248711 14.500000 25.114737 2
9.500000 14.722432 10.000000 15.588457 2
36.500000 18.186533 37.000000 19.052559 2
35.000000 13.856406 35.500000 14.722432 2
21.000000 12.124356 22.000000 12.124356 2
29.000000 15.588457 29.500000 16.454483 2
25.500000 16.454483 26.000000 17.320508 2
28.500000 6.062178 29.500000 6.062178 2
33.000000 13.856406 32.500000 14.722432 2
8.500000 2.598076 8.000000 3.464102 2
5.500000 6.062178 6.500000 6.062178 2
39.000000 22.516660 39.500000 23.382686 2
19.000000 22.516660 18.500000 23.382686 2
13.500000 7.794229 13.000000 8.660254 2
26.000000 24.248711 27.000000 24.248711 2
35.000000 8.660254 36.000000 8.660254 2
38.500000 12.990381 39.000000 13.856406 2
20.000000 1.732051 21.000000 1.732051 2
4.500000 4.330127 5.500000 4.330127 2
43.000000 20.784610 43.500000 21.650635 2
35.000000 10.392305 34.500000 11.258330 2
11.000000 13.856406 11.500000 14.722432 2
15.000000 19.052559 14.500000 19.918584 2
22.500000 26.846788 6.000000 0.000000 2
33.500000 9.526279 34.500000 9.526279 2
21.500000 16.454483 22.000000 17.320508 2
5.500000 9.526279 6.500000 9.526279 2
7.500000 9.526279 8.000000 10.392305 2
43.500000 26.846788 27.000000 0.000000 2
16.000000 15.588457 16.500000 16.454483 2
18.500000 12.990381 19.000000 13.856406 2
26.000000 1.732051 25.500000 2.598076 2
37.500000 19.918584 38.000000 20.784610 2
33.500000 11.258330 34.000000 12.124356 2
6.000000 1.732051 5.500000 2.598076 2
16.500000 23.382686 16.000000 24.248711 2
25.500000 25.114737 26.000000 25.980762 2
20.500000 23.382686 20.000000 24.248711 2
32.500000 26.846788 33.500000 26.846788 2
22.500000 26.846788 7.000000 0.000000 2
28.000000 13.856406 28.500000 14.722432 2
30.500000 11.258330 30.000000 12.124356 2
23.500000 18.186533 24.000000 19.052559 2
7.500000 2.598076 8.000000 3.464102 2
19.000000 1.732051 18.500000 2.598076 2
13.000000 12.124356 13.500000 12.990381 2
20.000000 10.392305 21.000000 10.392305 2
30.500000 2.598076 31.000000 3.464102 2
28.000000 20.784610 29.000000 20.784610 2
17.500000 12.990381 18.000000 13.856406 2
27.500000 25.114737 27.000000 25.980762 2
25.000000 19.052559 26.000000 19.052559 2
2.500000 2.598076 2.000000 3.464102 2
30.500000 19.918584 31.500000 19.918584 2
30.000000 19.052559 31.000000 19.052559 2
32.500000 23.382686 32.000000 24.248711 2
18.000000 17.320508 18.500000 18.186533 2
17.500000 19.918584 18.000000 20.784610 2
8.000000 8.660254 7.500000 9.526279 2
22.000000 19.052559 21.500000 19.918584 2
28.500000 23.382686 29.500000 23.382686 2
15.000000 24.248711 15.500000 25.114737 2
41.500000 21.650635 41.000000 22.516660 2
27.000000 3.464102 28.000000 3.464102 2
8.000000 0.000000 9.000000 0.000000 2
22.000000 0.000000 22.500000 0.866025 2
15.000000 22.516660 16.000000 22.516660 2
1.000000 0.000000 2.000000 0.000000 2
31.500000 18.186533 32.500000 18.186533 2
32.500000 2.598076 1.500000 2.598076 2
19.500000 16.454483 19.000000 17.320508 2
21.500000 21.650635 21.000000 22.516660 2
30.500000 7.794229 31.000000 8.660254 2
31.000000 5.196152 30.500000 6.062178 2
34.500000 14.722432 35.000000 15.588457 2
8.000000 1.732051 8.500000 2.598076 2
29.500000 14.722432 30.000000 15.588457 2
35.500000 19.918584 36.500000 19.918584 2
36.000000 15.588457 36.500000 16.454483 2
17.000000 10.392305 18.000000 10.392305 2
37.500000 25.114737 37.000000 25.980762 2
30.500000 9.526279 30.000000 10.392305 2
25.500000 25.114737 26.500000 25.114737 2
13.500000 12.990381 13.000000 13.856406 2
31.000000 6.928203 31.500000 7.794229 2
32.000000 24.248711 32.500000 25.114737 2
27.500000 23.382686 28.000000 24.248711 2
28.000000 13.856406 27.500000 14.722432 2
32.000000 13.856406 32.500000 14.722432 2
16.500000 7.794229 17.000000 8.660254 2
37.000000 15.588457 36.500000 16.454483 2
26.500000 14.722432 27.500000 14.722432 2
23.000000 13.856406 22.500000 14.722432 2
25.500000 21.650635 25.000000 22.516660 2
41.500000 18.186533 10.500000 18.186533 2
27.500000 12.990381 28.000000 13.856406 2
23.000000 1.732051 23.500000 2.598076 2
17.000000 10.392305 16.500000 11.258330 2
23.500000 21.650635 24.000000 22.516660 2
33.000000 12.124356 32.500000 12.990381 2
42.500000 21.650635 43.500000 21.650635 2
16.000000 19.052559 16.500000 19.918584 2
17.000000 20.784610 17.500000 21.650635 2
37.500000 21.650635 37.000000 22.516660 2
30.000000 8.660254 30.500000 9.526279 2
25.500000 6.062178 25.000000 6.928203 2
34.500000 16.454483 34.000000 17.320508 2
11.000000 17.320508 10.500000 18.186533 2
8.000000 0.000000 7.500000 0.866025 2
22.500000 4.330127 22.000000 5.196152 2
27.500000 6.062178 28.000000 6.928203 2
29.500000 2.598076 30.500000 2.598076 2
30.500000 7.794229 30.000000 8.660254 2
29.500000 9.526279 29.000000 10.392305 2
13.000000 17.320508 12.500000 18.186533 2
34.000000 6.928203 34.500000 7.794229 2
31.000000 22.516660 32.000000 22.516660 2
24.000000 12.124356 23.500000 12.990381 2
29.000000 0.000000 30.000000 0.000000 2
11.000000 19.052559 12.000000 19.052559 2
12.000000 10.392305 11.500000 11.258330 2
31.500000 16.454483 32.500000 16.454483 2
28.000000 25.980762 29.000000 25.980762 2
19.000000 1.732051 20.000000 1.732051 2
32.000000 6.928203 32.500000 7.794229 2
16.000000 12.124356 15.500000 12.990381 2
32.500000 18.186533 32.000000 19.052559 2
24.000000 3.464102 24.500000 4.330127 2
10.500000 18.186533 42.000000 19.052559 2
14.500000 11.258330 14.000000 12.124356 2
18.500000 7.794229 18.000000 8.660254 2
27.500000 25.114737 28.500000 25.114737 2
43.500000 23.382686 43.000000 24.248711 2
11.000000 19.052559 11.500000 19.918584 2
27.000000 1.732051 28.000000 1.732051 2
18.500000 18.186533 18.000000 19.052559 2
34.500000 16.454483 35.000000 17.320508 2
26.000000 8.660254 27.000000 8.660254 2
20.000000 24.248711 21.000000 24.248711 2
26.500000 14.722432 27.000000 15.588457 2
30.500000 21.650635 30.000000 22.516660 2
34.000000 25.980762 33.500000 26.846788 2
28.000000 1.732051 28.500000 2.598076 2
40.500000 18.186533 41.500000 18.186533 2
26.000000 15.588457 26.500000 16.454483 2
23.000000 20.784610 24.000000 20.784610 2
34.000000 5.196152 34.500000 6.062178 2
22.000000 24.248711 21.500000 25.114737 2
37.000000 25.980762 38.000000 25.980762 2
35.500000 26.846788 36.500000 26.846788 2
17.500000 9.526279 18.000000 10.392305 2
25.000000 12.124356 26.000000 12.124356 2
26.500000 18.186533 26.000000 19.052559 2
23.500000 19.918584 23.000000 20.784610 2
35.000000 8.660254 35.500000 9.526279 2
14.500000 19.918584 15.000000 20.784610 2
30.000000 22.516660 31.000000 22.516660 2
29.000000 8.660254 28.500000 9.526279 2
31.000000 19.052559 32.000000 19.052559 2
30.000000 20.784610 29.500000 21.650635 2
36.500000 12.990381 36.000000 13.856406 2
29.500000 0.866025 30.500000 0.866025 2
34.000000 20.784610 33.500000 21.650635 2
16.000000 20.784610 16.500000 21.650635 2
23.500000 19.918584 24.500000 19.918584 2
27.500000 14.722432 27.000000 15.588457 2
33.500000 6.062178 34.000000 6.928203 2
20.000000 25.980762 20.500000 26.846788 2
5.000000 6.928203 6.000000 6.928203 2
39.500000 14.722432 8.500000 14.722432 2
6.000000 1.732051 7.000000 1.732051 2
16.000000 13.856406 16.500000 14.722432 2
21.000000 13.856406 20.500000 14.722432 2
10.000000 0.000000 10.500000 0.866025 2
1.500000 2.598076 33.000000 3.464102 2
32.000000 6.928203 33.000000 6.928203 2
21.000000 25.980762 21.500000 26.846788 2
17.000000 19.052559 17.500000 19.918584 2
14.500000 9.526279 15.500000 9.526279 2
20.500000 21.650635 21.000000 22.516660 2
36.000000 20.784610 36.500000 21.650635 2
21.000000 1.732051 21.500000 2.598076 2
3.500000 4.330127 4.500000 4.330127 2
9.000000 15.588457 40.500000 16.454483 2
38.500000 26.846788 39.500000 26.846788 2
34.500000 9.526279 35.000000 10.392305 2
21.000000 6.928203 20.500000 7.794229 2
40.500000 19.918584 40.000000 20.784610 2
19.500000 9.526279 20.000000 10.392305 2
7.000000 5.196152 8.000000 5.196152 2
25.500000 18.186533 26.500000 18.186533 2
21.500000 6.062178 21.000000 6.928203 2
26.000000 17.320508 25.500000 18.186533 2
38.000000 19.052559 38.500000 19.918584 2
45.000000 25.980762 45.500000 26.846788 2
20.500000 12.990381 21.500000 12.990381 2
14.500000 23.382686 15.500000 23.382686 2
19.500000 12.990381 20.500000 12.990381 2
7.000000 0.000000 6.500000 0.866025 2
24.000000 15.588457 24.500000 16.454483 2
26.000000 19.052559 27.000000 19.052559 2
29.000000 6.928203 30.000000 6.928203 2
12.000000 10.392305 13.000000 10.392305 2
12.000000 8.660254 12.500000 9.526279 2
15.500000 26.846788 16.500000 26.846788 2
25.500000 9.526279 26.000000 10.392305 2
36.000000 10.392305 36.500000 11.258330 2
28.500000 26.846788 29.500000 26.846788 2
29.000000 24.248711 30.000000 24.248711 2
26.000000 6.928203 26.500000 7.794229 2
37.000000 17.320508 36.500000 18.186533 2
29.000000 5.196152 29.500000 6.062178 2
34.000000 10.392305 34.500000 11.258330 2
25.000000 24.248711 26.000000 24.248711 2
28.000000 15.588457 28.500000 16.454483 2
5.000000 3.464102 4.500000 4.330127 2
11.500000 9.526279 11.000000 10.392305 2
20.000000 22.516660 20.500000 23.382686 2
32.500000 4.330127 33.500000 4.330127 2
16.500000 26.846788 17.500000 26.846788 2
34.000000 6.928203 33.500000 7.794229 2
18.000000 8.660254 18.500000 9.526279 2
10.500000 0.866025 10.000000 1.732051 2
30.500000 25.114737 31.000000 25.980762 2
27.000000 8.660254 28.000000 8.660254 2
1.000000 1.732051 32.500000 2.598076 2
19.000000 3.464102 20.000000 3.464102 2
25.500000 25.114737 25.000000 25.980762 2
6.500000 11.258330 7.000000 12.124356 2
24.500000 14.722432 25.500000 14.722432 2
25.500000 19.918584 25.000000 20.784610 2
36.500000 21.650635 37.000000 22.516660 2
26.500000 16.454483 27.500000 16.454483 2
6.500000 7.794229 6.000000 8.660254 2
29.000000 13.856406 28.500000 14.722432 2
39.000000 25.980762 40.000000 25.980762 2
28.000000 6.928203 29.000000 6.928203 2
21.500000 2.598076 22.500000 2.598076 2
32.500000 2.598076 32.000000 3.464102 2
39.500000 23.382686 40.000000 24.248711 2
40.000000 20.784610 40.500000 21.650635 2
30.000000 3.464102 31.000000 3.464102 2
22.000000 10.392305 22.500000 11.258330 2
21.500000 0.866025 22.500000 0.866025 2
20.500000 16.454483 21.500000 16.454483 2
27.000000 0.000000 28.000000 0.000000 2
20.000000 15.588457 21.000000 15.588457 2
16.500000 16.454483 17.500000 16.454483 2
37.500000 19.918584 38.500000 19.918584 2
24.500000 7.794229 24.000000 8.660254 2
39.500000 26.846788 40.500000 26.846788 2
36.000000 24.248711 35.500000 25.114737 2
8.500000 4.330127 8.000000 5.196152 2
33.000000 24.248711 34.000000 24.248711 2
25.500000 11.258330 25.000000 12.124356 2
24.000000 5.196152 25.000000 5.196152 2
24.000000 24.248711 23.500000 25.114737 2
42.500000 19.918584 11.500000 19.918584 2
23.500000 25.114737 23.000000 25.980762 2
33.000000 22.516660 32.500000 23.382686 2
12.000000 20.784610 43.500000 21.650635 2
35.500000 12.990381 36.000000 13.856406 2
14.500000 21.650635 15.500000 21.650635 2
16.500000 9.526279 17.500000 9.526279 2
7.500000 6.062178 7.000000 6.928203 2
42.000000 22.516660 42.500000 23.382686 2
19.500000 2.598076 20.000000 3.464102 2
29.500000 26.846788 30.500000 26.846788 2
24.000000 0.000000 24.500000 0.866025 2
24.000000 1.732051 24.500000 2.598076 2
7.500000 11.258330 8.500000 11.258330 2
7.500000 2.598076 8.500000 2.598076 2
26.000000 0.000000 26.500000 0.866025 2
12.500000 11.258330 12.000000 12.124356 2
22.000000 6.928203 22.500000 7.794229 2
3.000000 3.464102 4.000000 3.464102 2
16.000000 25.980762 15.500000 26.846788 2
14.500000 23.382686 14.000000 24.248711 2
31.500000 2.598076 31.000000 3.464102 2
20.500000 25.114737 21.500000 25.114737 2
34.000000 20.784610 35.000000 20.784610 2
23.000000 19.052559 24.000000 19.052559 2
37.000000 13.856406 36.500000 14.722432 2
42.500000 25.114737 42.000000 25.980762 2
26.500000 11.258330 27.500000 11.258330 2
12.000000 15.588457 12.500000 16.454483 2
19.500000 2.598076 19.000000 3.464102 2
17.000000 20.784610 18.000000 20.784610 2
22.500000 18.186533 22.000000 19.052559 2
19.000000 25.980762 20.000000 25.980762 2
22.500000 16.454483 23.500000 16.454483 2
14.500000 11.258330 15.000000 12.124356 2
17.500000 11.258330 17.000000 12.124356 2
25.000000 12.124356 24.500000 12.990381 2
24.500000 16.454483 25.000000 17.320508 2
3.500000 0.866025 4.000000 1.732051 2
6.000000 8.660254 5.500000 9.526279 2
41.000000 24.248711 42.000000 24.248711 2
30.000000 1.732051 29.500000 2.598076 2
23.500000 12.990381 23.000000 13.856406 2
34.500000 21.650635 35.000000 22.516660 2
5.000000 5.196152 6.000000 5.196152 2
13.500000 14.722432 13.000000 15.588457 2
12.000000 20.784610 13.000000 20.784610 2
23.500000 0.866025 24.000000 1.732051 2
43.000000 25.980762 43.500000 26.846788 2
22.500000 19.918584 22.000000 20.784610 2
22.000000 3.464102 22.500000 4.330127 2
21.000000 0.000000 20.500000 0.866025 2
24.000000 13.856406 25.000000 13.856406 2
19.000000 20.784610 20.000000 20.784610 2
33.500000 12.990381 34.500000 12.990381 2
33.500000 16.454483 34.000000 17.320508 2
4.500000 2.598076 4.000000 3.464102 2
41.500000 25.114737 41.000000 25.980762 2
24.500000 16.454483 24.000000 17.320508 2
29.500000 9.526279 30.500000 9.526279 2
4.000000 5.196152 4.500000 6.062178 2
31.000000 24.248711 31.500000 25.114737 2
43.500000 21.650635 44.000000 22.516660 2
31.500000 25.114737 32.500000 25.114737 2
33.000000 8.660254 33.500000 9.526279 2
36.500000 19.918584 37.000000 20.784610 2
32.500000 7.794229 33.000000 8.660254 2
35.000000 25.980762 34.500000 26.846788 2
37.500000 16.454483 37.000000 17.320508 2
20.000000 0.000000 21.000000 0.000000 2
18.000000 1.732051 18.500000 2.598076 2
21.000000 17.320508 20.500000 18.186533 2
16.500000 21.650635 17.500000 21.650635 2
28.000000 12.124356 27.500000 12.990381 2
29.000000 20.784610 30.000000 20.784610 2
36.000000 17.320508 37.000000 17.320508 2
28.000000 6.928203 27.500000 7.794229 2
34.500000 7.794229 35.000000 8.660254 2
19.500000 12.990381 19.000000 13.856406 2
32.000000 24.248711 31.500000 25.114737 2
28.000000 13.856406 29.000000 13.856406 2
40.000000 15.588457 40.500000 16.454483 2
41.000000 20.784610 41.500000 21.650635 2
4.500000 4.330127 5.000000 5.196152 2
34.500000 6.062178 35.000000 6.928203 2
34.000000 25.980762 34.500000 26.846788 2
7.500000 11.258330 8.000000 12.124356 2
15.500000 21.650635 15.000000 22.516660 2
40.000000 15.588457 9.000000 15.588457 2
31.500000 21.650635 32.000000 22.516660 2
7.000000 10.392305 7.500000 11.258330 2
16.000000 20.784610 17.000000 20.784610 2
13.000000 17.320508 13.500000 18.186533 2
32.000000 15.588457 31.500000 16.454483 2
31.000000 12.124356 31.500000 12.990381 2
41.500000 26.846788 42.500000 26.846788 2
6.500000 9.526279 7.000000 10.392305 2
23.500000 23.382686 23.000000 24.248711 2
32.500000 25.114737 33.000000 25.980762 2
29.500000 21.650635 30.500000 21.650635 2
23.500000 12.990381 24.000000 13.856406 2
32.000000 5.196152 32.500000 6.062178 2
41.500000 26.846788 25.000000 0.000000 2
12.500000 12.990381 13.000000 13.856406 2
26.000000 10.392305 26.500000 11.258330 2
39.500000 23.382686 39.000000 24.248711 2
30.000000 12.124356 29.500000 12.990381 2
17.000000 25.980762 16.500000 26.846788 2
7.000000 3.464102 7.500000 4.330127 2
23.500000 12.990381 24.500000 12.990381 2
18.500000 11.258330 19.500000 11.258330 2
30.000000 5.196152 30.500000 6.062178 2
33.500000 19.918584 34.500000 19.918584 2
23.500000 14.722432 23.000000 15.588457 2
4.000000 1.732051 5.000000 1.732051 2
27.000000 13.856406 27.500000 14.722432 2
18.500000 25.114737 19.000000 25.980762 2
28.000000 17.320508 29.000000 17.320508 2
25.000000 17.320508 25.500000 18.186533 2
24.000000 20.784610 24.500000 21.650635 2
21.000000 10.392305 20.500000 11.258330 2
3.500000 2.598076 3.000000 3.464102 2
19.000000 12.124356 18.500000 12.990381 2
21.500000 2.598076 22.000000 3.464102 2
32.000000 1.732051 31.500000 2.598076 2
21.000000 3.464102 22.000000 3.464102 2
31.000000 0.000000 0.000000 0.000000 2
31.000000 8.660254 32.000000 8.660254 2
33.500000 16.454483 33.000000 17.320508 2
28.000000 24.248711 28.500000 25.114737 2
30.000000 19.052559 29.500000 19.918584 2
22.500000 9.526279 23.500000 9.526279 2
31.500000 23.382686 31.000000 24.248711 2
32.000000 15.588457 33.000000 15.588457 2
22.500000 2.598076 23.000000 3.464102 2
29.000000 5.196152 30.000000 5.196152 2
21.000000 12.124356 21.500000 12.990381 2
7.000000 12.124356 7.500000 12.990381 2
19.500000 6.062178 20.000000 6.928203 2
28.500000 16.454483 28.000000 17.320508 2
22.000000 20.784610 22.500000 21.650635 2
25.500000 0.866025 25.000000 1.732051 2
30.500000 16.454483 30.000000 17.320508 2
26.500000 19.918584 26.000000 20.784610 2
24.500000 21.650635 25.500000 21.650635 2
37.500000 16.454483 38.000000 17.320508 2
28.500000 12.990381 29.500000 12.990381 2
7.000000 3.464102 6.500000 4.330127 2
12.000000 10.392305 12.500000 11.258330 2
37.500000 12.990381 38.500000 12.990381 2
8.000000 12.124356 7.500000 12.990381 2
12.000000 13.856406 12.500000 14.722432 2
5.500000 4.330127 6.000000 5.196152 2
37.000000 20.784610 37.500000 21.650635 2
26.500000 6.062178 27.500000 6.062178 2
30.500000 25.114737 31.500000 25.114737 2
41.000000 24.248711 40.500000 25.114737 2
25.500000 16.454483 25.000000 17.320508 2
24.000000 6.928203 25.000000 6.928203 2
37.000000 10.392305 6.000000 10.392305 2
29.500000 19.918584 30.500000 19.918584 2
37.000000 19.052559 37.500000 19.918584 2
33.500000 12.990381 33.000000 13.856406 2
11.500000 12.990381 11.000000 13.856406 2
23.000000 25.980762 22.500000 26.846788 2
28.000000 15.588457 29.000000 15.588457 2
12.500000 19.918584 13.000000 20.784610 2
16.500000 23.382686 17.000000 24.248711 2
31.500000 4.330127 31.000000 5.196152 2
38.000000 15.588457 38.500000 16.454483 2
27.000000 12.124356 28.000000 12.124356 2
7.000000 6.928203 7.500000 7.794229 2
20.000000 13.856406 20.500000 14.722432 2
37.000000 10.392305 37.500000 11.258330 2
39.000000 15.588457 39.500000 16.454483 2
40.500000 16.454483 40.000000 17.320508 2
24.500000 19.918584 25.000000 20.784610 2
15.000000 19.052559 16.000000 19.052559 2
39.500000 26.846788 23.000000 0.000000 2
26.000000 22.516660 26.500000 23.382686 2
10.000000 10.392305 10.500000 11.258330 2
27.000000 22.516660 26.500000 23.382686 2
34.000000 19.052559 33.500000 19.918584 2
13.500000 9.526279 13.000000 10.392305 2
29.000000 20.784610 29.500000 21.650635 2
35.000000 20.784610 35.500000 21.650635 2
31.000000 19.052559 30.500000 19.918584 2
27.000000 15.588457 28.000000 15.588457 2
25.000000 12.124356 25.500000 12.990381 2
29.500000 6.062178 30.500000 6.062178 2
25.000000 22.516660 24.500000 23.382686 2
5.000000 1.732051 5.500000 2.598076 2
29.500000 25.114737 29.000000 25.980762 2
15.000000 10.392305 16.000000 10.392305 2
37.500000 12.990381 37.000000 13.856406 2
10.000000 13.856406 10.500000 14.722432 2
39.000000 15.588457 40.000000 15.588457 2
35.500000 16.454483 36.000000 17.320508 2
20.000000 6.928203 20.500000 7.794229 2
31.000000 19.052559 31.500000 19.918584 2
20.500000 7.794229 21.000000 8.660254 2
14.500000 18.186533 15.000000 19.052559 2
14.000000 13.856406 15.000000 13.856406 2
4.000000 3.464102 4.500000 4.330127 2
15.500000 11.258330 16.000000 12.124356 2
3.000000 5.196152 4.000000 5.196152 2
35.000000 8.660254 34.500000 9.526279 2
22.000000 19.052559 22.500000 19.918584 2
21.000000 0.000000 21.500000 0.866025 2
32.500000 11.258330 33.500000 11.258330 2
20.000000 12.124356 20.500000 12.990381 2
23.000000 5.196152 23.500000 6.062178 2
28.000000 22.516660 28.500000 23.382686 2
5.500000 2.598076 6.500000 2.598076 2
34.000000 17.320508 35.000000 17.320508 2
24.000000 5.196152 24.500000 6.062178 2
11.000000 0.000000 12.000000 0.000000 2
3.000000 5.196152 3.500000 6.062178 2
22.500000 16.454483 23.000000 17.320508 2
23.500000 4.330127 24.500000 4.330127 2
29.000000 25.980762 29.500000 26.846788 2
33.000000 25.980762 32.500000 26.846788 2
30.500000 14.722432 30.000000 15.588457 2
24.500000 25.114737 25.000000 25.980762 2
16.500000 14.722432 17.000000 15.588457 2
33.000000 22.516660 33.500000 23.382686 2
14.000000 12.124356 13.500000 12.990381 2
30.000000 17.320508 29.500000 18.186533 2
19.000000 3.464102 19.500000 4.330127 2
18.000000 1.732051 19.000000 1.732051 2
36.500000 25.114737 37.500000 25.114737 2
19.000000 17.320508 18.500000 18.186533 2
14.000000 8.660254 14.500000 9.526279 2
13.000000 10.392305 12.500000 11.258330 2
33.000000 15.588457 32.500000 16.454483 2
20.500000 7.794229 20.000000 8.660254 2
11.500000 18.186533 12.000000 19.052559 2
20.500000 23.382686 21.000000 24.248711 2
4.500000 7.794229 5.000000 8.660254 2
4.000000 0.000000 3.500000 0.866025 2
8.000000 3.464102 7.500000 4.330127 2
24.500000 2.598076 25.000000 3.464102 2
40.000000 22.516660 41.000000 22.516660 2
39.000000 19.052559 38.500000 19.918584 2
10.000000 13.856406 11.000000 13.856406 2
35.000000 6.928203 4.000000 6.928203 2
32.000000 10.392305 32.500000 11.258330 2
33.500000 12.990381 34.000000 13.856406 2
23.000000 5.196152 24.000000 5.196152 2
10.000000 0.000000 9.500000 0.866025 2
8.500000 11.258330 9.000000 12.124356 2
6.500000 7.794229 7.000000 8.660254 2
14.000000 22.516660 14.500000 23.382686 2
38.000000 20.784610 37.500000 21.650635 2
23.500000 26.846788 7.000000 0.000000 2
26.000000 1.732051 27.000000 1.732051 2
13.500000 14.722432 14.000000 15.588457 2
33.500000 7.794229 33.000000 8.660254 2
21.000000 6.928203 22.000000 6.928203 2
23.000000 8.660254 23.500000 9.526279 2
37.000000 24.248711 37.500000 25.114737 2
31.500000 6.062178 32.000000 6.928203 2
23.000000 10.392305 22.500000 11.258330 2
23.500000 16.454483 24.000000 17.320508 2
35.500000 9.526279 36.000000 10.392305 2
39.500000 26.846788 24.000000 0.000000 2
10.500000 14.722432 11.000000 15.588457 2
17.000000 10.392305 17.500000 11.258330 2
42.500000 26.846788 27.000000 0.000000 2
23.500000 0.866025 23.000000 1.732051 2
14.500000 12.990381 15.500000 12.990381 2
15.500000 12.990381 15.000000 13.856406 2
25.500000 14.722432 26.500000 14.722432 2
27.500000 6.062178 28.500000 6.062178 2
27.000000 5.196152 28.000000 5.196152 2
24.000000 15.588457 23.500000 16.454483 2
13.500000 9.526279 14.500000 9.526279 2
24.500000 14.722432 24.000000 15.588457 2
44.500000 26.846788 29.000000 0.000000 2
17.000000 13.856406 18.000000 13.856406 2
31.000000 0.000000 30.500000 0.866025 2
11.000000 10.392305 12.000000 10.392305 2
20.000000 24.248711 20.500000 25.114737 2
29.500000 4.330127 30.500000 4.330127 2
17.500000 11.258330 18.500000 11.258330 2
41.500000 18.186533 42.000000 19.052559 2
33.000000 17.320508 34.000000 17.320508 2
21.000000 3.464102 21.500000 4.330127 2
22.000000 20.784610 23.000000 20.784610 2
14.000000 13.856406 13.500000 14.722432 2
17.500000 19.918584 17.000000 20.784610 2
25.500000 4.330127 26.500000 4.330127 2
31.000000 1.732051 32.000000 1.732051 2
14.500000 23.382686 15.000000 24.248711 2
21.500000 25.114737 21.000000 25.980762 2
28.000000 10.392305 27.500000 11.258330 2
33.000000 19.052559 32.500000 19.918584 2
25.000000 3.464102 24.500000 4.330127 2
21.500000 23.382686 21.000000 24.248711 2
27.500000 19.918584 28.500000 19.918584 2
22.000000 24.248711 23.000000 24.248711 2
12.500000 7.794229 12.000000 8.660254 2
34.500000 18.186533 35.500000 18.186533 2
30.500000 2.598076 30.000000 3.464102 2
20.000000 10.392305 19.500000 11.258330 2
32.000000 25.980762 33.000000 25.980762 2
15.000000 8.660254 16.000000 8.660254 2
33.500000 14.722432 34.500000 14.722432 2
35.500000 18.186533 35.000000 19.052559 2
30.000000 13.856406 30.500000 14.722432 2
32.000000 8.660254 33.000000 8.660254 2
10.500000 0.866025 11.500000 0.866025 2
32.000000 6.928203 31.500000 7.794229 2
42.500000 25.114737 43.000000 25.980762 2
27.500000 2.598076 28.000000 3.464102 2
31.000000 8.660254 31.500000 9.526279 2
17.500000 21.650635 18.000000 22.516660 2
36.500000 19.918584 36.000000 20.784610 2
33.000000 3.464102 32.500000 4.330127 2
25.000000 6.928203 25.500000 7.794229 2
19.000000 25.980762 19.500000 26.846788 2
25.500000 11.258330 26.000000 12.124356 2
34.000000 13.856406 35.000000 13.856406 2
26.000000 12.124356 25.500000 12.990381 2
38.500000 21.650635 39.000000 22.516660 2
13.500000 19.918584 14.500000 19.918584 2
36.000000 12.124356 37.000000 12.124356 2
23.000000 19.052559 22.500000 19.918584 2
30.500000 11.258330 31.000000 12.124356 2
34.000000 17.320508 34.500000 18.186533 2
24.000000 1.732051 25.000000 1.732051 2
37.000000 13.856406 38.000000 13.856406 2
20.000000 25.980762 19.500000 26.846788 2
28.500000 11.258330 28.000000 12.124356 2
34.500000 14.722432 35.500000 14.722432 2
33.500000 18.186533 34.000000 19.052559 2
15.000000 25.980762 15.500000 26.846788 2
36.000000 15.588457 35.500000 16.454483 2
30.500000 6.062178 30.000000 6.928203 2
24.500000 11.258330 25.500000 11.258330 2
5.500000 6.062178 6.000000 6.928203 2
32.500000 23.382686 33.500000 23.382686 2
35.000000 10.392305 36.000000 10.392305 2
25.500000 21.650635 26.500000 21.650635 2
35.500000 25.114737 35.000000 25.980762 2
18.500000 9.526279 18.000000 10.392305 2
36.000000 24.248711 37.000000 24.248711 2
40.500000 25.114737 41.500000 25.114737 2
32.500000 18.186533 33.000000 19.052559 2
34.000000 8.660254 34.500000 9.526279 2
28.000000 5.196152 28.500000 6.062178 2
28.500000 9.526279 28.000000 10.392305 2
27.500000 0.866025 27.000000 1.732051 2
40.000000 24.248711 40.500000 25.114737 2
13.000000 13.856406 14.000000 13.856406 2
27.000000 0.000000 26.500000 0.866025 2
17.500000 25.114737 17.000000 25.980762 2
40.000000 22.516660 39.500000 23.382686 2
0.500000 0.866025 32.000000 1.732051 2
13.500000 11.258330 13.000000 12.124356 2
10.000000 12.124356 9.500000 12.990381 2
31.500000 18.186533 32.000000 19.052559 2
38.000000 13.856406 39.000000 13.856406 2
28.500000 6.062178 29.000000 6.928203 2
38.000000 15.588457 39.000000 15.588457 2
13.500000 9.526279 14.000000 10.392305 2
26.000000 12.124356 27.000000 12.124356 2
27.000000 25.980762 28.000000 25.980762 2
44.500000 25.114737 44.000000 25.980762 2
37.500000 18.186533 37.000000 19.052559 2
29.000000 22.516660 28.500000 23.382686 2
36.000000 20.784610 37.000000 20.784610 2
35.500000 12.990381 36.500000 12.990381 2
3.500000 6.062178 4.000000 6.928203 2
27.000000 17.320508 28.000000 17.320508 2
16.500000 26.846788 0.000000 0.000000 2
20.000000 15.588457 19.500000 16.454483 2
3.000000 0.000000 2.500000 0.866025 2
30.500000 25.114737 30.000000 25.980762 2
20.500000 26.846788 5.000000 0.000000 2
20.000000 17.320508 21.000000 17.320508 2
27.500000 11.258330 28.000000 12.124356 2
34.000000 15.588457 35.000000 15.588457 2
20.000000 12.124356 19.500000 12.990381 2
21.500000 2.598076 21.000000 3.464102 2
28.500000 19.918584 28.000000 20.784610 2
15.500000 9.526279 16.000000 10.392305 2
21.500000 26.846788 6.000000 0.000000 2
3.500000 6.062178 35.000000 6.928203 2
6.000000 10.392305 7.000000 10.392305 2
27.000000 22.516660 28.000000 22.516660 2
39.000000 20.784610 38.500000 21.650635 2
18.000000 25.980762 17.500000 26.846788 2
23.500000 2.598076 24.500000 2.598076 2
5.000000 3.464102 5.500000 4.330127 2
31.000000 10.392305 30.500000 11.258330 2
14.500000 25.114737 15.000000 25.980762 2
1.500000 2.598076 2.000000 3.464102 2
35.000000 24.248711 34.500000 25.114737 2
6.500000 6.062178 7.500000 6.062178 2
25.500000 9.526279 25.000000 10.392305 2
36.500000 21.650635 36.000000 22.516660 2
21.500000 23.382686 22.500000 23.382686 2
32.500000 6.062178 32.000000 6.928203 2
9.500000 11.258330 10.500000 11.258330 2
18.500000 9.526279 19.500000 9.526279 2
21.000000 24.248711 21.500000 25.114737 2
6.000000 3.464102 6.500000 4.330127 2
11.000000 17.320508 11.500000 18.186533 2
25.500000 12.990381 26.000000 13.856406 2
29.000000 8.660254 30.000000 8.660254 2
34.000000 5.196152 33.500000 6.062178 2
42.500000 19.918584 43.000000 20.784610 2
23.500000 7.794229 23.000000 8.660254 2
26.000000 13.856406 27.000000 13.856406 2
10.500000 12.990381 11.000000 13.856406 2
16.000000 17.320508 16.500000 18.186533 2
2.500000 2.598076 3.500000 2.598076 2
26.000000 19.052559 25.500000 19.918584 2
36.500000 14.722432 36.000000 15.588457 2
24.000000 20.784610 25.000000 20.784610 2
46.500000 26.846788 30.000000 0.000000 2
7.500000 0.866025 8.500000 0.866025 2
40.000000 17.320508 39.500000 18.186533 2
19.500000 6.062178 20.500000 6.062178 2
22.000000 10.392305 23.000000 10.392305 2
12.000000 8.660254 13.000000 8.660254 2
37.500000 25.114737 38.000000 25.980762 2
14.500000 21.650635 15.000000 22.516660 2
16.000000 8.660254 16.500000 9.526279 2
30.500000 6.062178 31.500000 6.062178 2
45.500000 25.114737 46.000000 25.980762 2
15.000000 13.856406 15.500000 14.722432 2
29.500000 7.794229 30.500000 7.794229 2
27.500000 9.526279 28.500000 9.526279 2
21.500000 7.794229 21.000000 8.660254 2
37.500000 26.846788 21.000000 0.000000 2
18.500000 16.454483 18.000000 17.320508 2
25.000000 15.588457 24.500000 16.454483 2
16.000000 10.392305 16.500000 11.258330 2
32.000000 25.980762 32.500000 26.846788 2
27.500000 14.722432 28.000000 15.588457 2
40.000000 24.248711 39.500000 25.114737 2
18.500000 21.650635 19.000000 22.516660 2
24.500000 18.186533 24.000000 19.052559 2
37.500000 14.722432 37.000000 15.588457 2
30.500000 23.382686 30.000000 24.248711 2
23.500000 6.062178 23.000000 6.928203 2
21.500000 21.650635 22.500000 21.650635 2
18.000000 22.516660 18.500000 23.382686 2
24.500000 26.846788 25.500000 26.846788 2
32.500000 14.722432 33.500000 14.722432 2
18.000000 15.588457 19.000000 15.588457 2
17.000000 8.660254 16.500000 9.526279 2
6.000000 0.000000 5.500000 0.866025 2
18.500000 9.526279 19.000000 10.392305 2
15.000000 12.124356 14.500000 12.990381 2
16.500000 9.526279 17.000000 10.392305 2
20.000000 20.784610 20.500000 21.650635 2
35.000000 17.320508 35.500000 18.186533 2
22.500000 7.794229 23.000000 8.660254 2
13.000000 15.588457 13.500000 16.454483 2
25.000000 10.392305 24.500000 11.258330 2
11.500000 14.722432 12.000000 15.588457 2
21.000000 17.320508 21.500000 18.186533 2
30.000000 6.928203 30.500000 7.794229 2
19.000000 10.392305 18.500000 11.258330 2
20.500000 9.526279 20.000000 10.392305 2
12.500000 21.650635 13.500000 21.650635 2
33.500000 26.846788 18.000000 0.000000 2
12.500000 9.526279 12.000000 10.392305 2
19.000000 12.124356 20.000000 12.124356 2
27.000000 20.784610 26.500000 21.650635 2
37.000000 22.516660 36.500000 23.382686 2
9.000000 15.588457 10.000000 15.588457 2
35.500000 16.454483 35.000000 17.320508 2
22.500000 2.598076 23.500000 2.598076 2
25.000000 17.320508 26.000000 17.320508 2
14.000000 24.248711 45.500000 25.114737 2
23.500000 7.794229 24.500000 7.794229 2
29.500000 0.866025 29.000000 1.732051 2
20.000000 0.000000 20.500000 0.866025 2
24.000000 17.320508 25.000000 17.320508 2
41.500000 21.650635 42.000000 22.516660 2
23.500000 18.186533 23.000000 19.052559 2
21.000000 0.000000 22.000000 0.000000 2
3.500000 0.866025 4.500000 0.866025 2
23.000000 10.392305 24.000000 10.392305 2
32.000000 1.732051 1.000000 1.732051 2
38.000000 19.052559 39.000000 19.052559 2
22.000000 19.052559 23.000000 19.052559 2
12.000000 12.124356 11.500000 12.990381 2
28.000000 20.784610 27.500000 21.650635 2
18.500000 23.382686 19.000000 24.248711 2
42.000000 20.784610 43.000000 20.784610 2
23.000000 22.516660 22.500000 23.382686 2
21.000000 8.660254 20.500000 9.526279 2
33.000000 15.588457 34.000000 15.588457 2
41.000000 17.320508 10.000000 17.320508 2
33.000000 12.124356 34.000000 12.124356 2
21.000000 1.732051 22.000000 1.732051 2
39.000000 15.588457 38.500000 16.454483 2
29.000000 1.732051 30.000000 1.732051 2
4.000000 0.000000 5.000000 0.000000 2
16.000000 19.052559 15.500000 19.918584 2
12.500000 16.454483 13.000000 17.320508 2
24.000000 10.392305 23.500000 11.258330 2
37.500000 26.846788 22.000000 0.000000 2
23.500000 11.258330 24.000000 12.124356 2
23.500000 14.722432 24.500000 14.722432 2
39.000000 22.516660 40.000000 22.516660 2
32.000000 17.320508 31.500000 18.186533 2
24.500000 21.650635 24.000000 22.516660 2
30.500000 21.650635 31.000000 22.516660 2
11.000000 0.000000 11.500000 0.866025 2
29.000000 12.124356 30.000000 12.124356 2
24.000000 12.124356 25.000000 12.124356 2
0.000000 0.000000 1.000000 0.000000 2
29.000000 3.464102 29.500000 4.330127 2
42.000000 25.980762 43.000000 25.980762 2
4.500000 6.062178 4.000000 6.928203 2
22.500000 18.186533 23.000000 19.052559 2
24.000000 3.464102 25.000000 3.464102 2
15.500000 23.382686 15.000000 24.248711 2
32.500000 19.918584 32.000000 20.784610 2
31.000000 5.196152 32.000000 5.196152 2
21.500000 11.258330 22.500000 11.258330 2
26.500000 9.526279 27.500000 9.526279 2
31.000000 20.784610 32.000000 20.784610 2
19.000000 8.660254 20.000000 8.660254 2
31.500000 16.454483 31.000000 17.320508 2
8.000000 1.732051 9.000000 1.732051 2
10.000000 17.320508 41.500000 18.186533 2
36.500000 11.258330 37.000000 12.124356 2
22.500000 21.650635 23.500000 21.650635 2
24.500000 11.258330 25.000000 12.124356 2
43.000000 20.784610 42.500000 21.650635 2
30.500000 11.258330 31.500000 11.258330 2
12.500000 19.918584 12.000000 20.784610 2
12.500000 18.186533 12.000000 19.052559 2
22.500000 18.186533 23.500000 18.186533 2
19.000000 24.248711 19.500000 25.114737 2
29.000000 3.464102 30.000000 3.464102 2
18.000000 17.320508 17.500000 18.186533 2
5.000000 1.732051 6.000000 1.732051 2
29.000000 25.980762 30.000000 25.980762 2
32.500000 12.990381 33.000000 13.856406 2
23.500000 11.258330 24.500000 11.258330 2
29.500000 2.598076 30.000000 3.464102 2
29.000000 25.980762 28.500000 26.846788 2
33.500000 18.186533 33.000000 19.052559 2
32.000000 5.196152 31.500000 6.062178 2
14.500000 11.258330 15.500000 11.258330 2
33.000000 17.320508 33.500000 18.186533 2
35.500000 9.526279 36.500000 9.526279 2
22.000000 15.588457 22.500000 16.454483 2
19.500000 9.526279 19.000000 10.392305 2
33.500000 4.330127 33.000000 5.196152 2
22.000000 8.660254 21.500000 9.526279 2
30.500000 4.330127 30.000000 5.196152 2
11.000000 15.588457 10.500000 16.454483 2
38.000000 15.588457 37.500000 16.454483 2
22.500000 14.722432 22.000000 15.588457 2
41.000000 25.980762 40.500000 26.846788 2
34.500000 7.794229 35.500000 7.794229 2
31.000000 8.660254 30.500000 9.526279 2
34.500000 12.990381 34.000000 13.856406 2
38.000000 25.980762 39.000000 25.980762 2
19.500000 14.722432 19.000000 15.588457 2
7.000000 8.660254 6.500000 9.526279 2
28.000000 19.052559 27.500000 19.918584 2
18.000000 8.660254 17.500000 9.526279 2
9.500000 16.454483 10.500000 16.454483 2
2.500000 0.866025 3.500000 0.866025 2
25.000000 24.248711 24.500000 25.114737 2
22.500000 21.650635 22.000000 22.516660 2
20.500000 7.794229 21.500000 7.794229 2
23.000000 8.660254 22.500000 9.526279 2
18.500000 7.794229 19.500000 7.794229 2
26.500000 18.186533 27.000000 19.052559 2
28.500000 19.918584 29.500000 19.918584 2
46.000000 25.980762 45.500000 26.846788 2
22.000000 0.000000 23.000000 0.000000 2
42.000000 25.980762 42.500000 26.846788 2
30.000000 5.196152 31.000000 5.196152 2
14.000000 19.052559 14.500000 19.918584 2
38.500000 18.186533 39.000000 19.052559 2
21.500000 12.990381 21.000000 13.856406 2
39.000000 13.856406 39.500000 14.722432 2
40.000000 20.784610 41.000000 20.784610 2
45.500000 25.114737 14.500000 25.114737 2
24.500000 11.258330 24.000000 12.124356 2
13.000000 12.124356 14.000000 12.124356 2
30.500000 0.866025 30.000000 1.732051 2
16.500000 14.722432 16.000000 15.588457 2
30.000000 10.392305 29.500000 11.258330 2
28.500000 21.650635 29.500000 21.650635 2
40.500000 21.650635 41.000000 22.516660 2
35.500000 7.794229 4.500000 7.794229 2
33.000000 19.052559 34.000000 19.052559 2
37.500000 18.186533 38.000000 19.052559 2
39.500000 21.650635 39.000000 22.516660 2
8.500000 11.258330 9.500000 11.258330 2
32.500000 25.114737 32.000000 25.980762 2
35.500000 11.258330 36.500000 11.258330 2
24.500000 2.598076 25.500000 2.598076 2
32.000000 22.516660 33.000000 22.516660 2
6.500000 11.258330 38.000000 12.124356 2
27.000000 22.516660 27.500000 23.382686 2
27.000000 3.464102 26.500000 4.330127 2
18.000000 25.980762 19.000000 25.980762 2
24.000000 20.784610 23.500000 21.650635 2
33.000000 10.392305 34.000000 10.392305 2
26.500000 21.650635 27.500000 21.650635 2
13.500000 18.186533 13.000000 19.052559 2
24.500000 25.114737 25.500000 25.114737 2
22.000000 15.588457 21.500000 16.454483 2
28.500000 6.062178 28.000000 6.928203 2
41.500000 21.650635 42.500000 21.650635 2
20.000000 1.732051 20.500000 2.598076 2
44.500000 26.846788 28.000000 0.000000 2
18.500000 2.598076 19.500000 2.598076 2
18.500000 12.990381 19.500000 12.990381 2
14.000000 20.784610 14.500000 21.650635 2
29.500000 0.866025 30.000000 1.732051 2
22.000000 13.856406 22.500000 14.722432 2
17.500000 16.454483 18.000000 17.320508 2
29.000000 1.732051 29.500000 2.598076 2
23.000000 22.516660 23.500000 23.382686 2
17.500000 23.382686 18.500000 23.382686 2
10.000000 15.588457 10.500000 16.454483 2
28.000000 10.392305 28.500000 11.258330 2
18.500000 7.794229 19.000000 8.660254 2
31.000000 1.732051 30.500000 2.598076 2
29.000000 10.392305 28.500000 11.258330 2
25.500000 16.454483 26.500000 16.454483 2
7.000000 5.196152 7.500000 6.062178 2
5.000000 6.928203 4.500000 7.794229 2
34.000000 22.516660 33.500000 23.382686 2
24.000000 13.856406 23.500000 14.722432 2
36.500000 9.526279 36.000000 10.392305 2
12.000000 19.052559 12.500000 19.918584 2
29.000000 13.856406 29.500000 14.722432 2
23.000000 6.928203 22.500000 7.794229 2
27.000000 12.124356 26.500000 12.990381 2
20.000000 24.248711 19.500000 25.114737 2
30.500000 12.990381 31.500000 12.990381 2
13.000000 8.660254 12.500000 9.526279 2
16.500000 18.186533 17.000000 19.052559 2
32.000000 20.784610 32.500000 21.650635 2
11.500000 16.454483 12.000000 17.320508 2
34.000000 12.124356 34.500000 12.990381 2
16.500000 7.794229 16.000000 8.660254 2
26.500000 23.382686 26.000000 24.248711 2
40.000000 15.588457 39.500000 16.454483 2
6.000000 3.464102 7.000000 3.464102 2
33.500000 23.382686 34.500000 23.382686 2
40.500000 23.382686 41.000000 24.248711 2
37.500000 11.258330 38.000000 12.124356 2
20.000000 5.196152 19.500000 6.062178 2
36.500000 11.258330 37.500000 11.258330 2
40.000000 17.320508 41.000000 17.320508 2
15.500000 18.186533 15.000000 19.052559 2
20.000000 5.196152 21.000000 5.196152 2
9.000000 1.732051 9.500000 2.598076 2
16.000000 13.856406 15.500000 14.722432 2
31.000000 12.124356 32.000000 12.124356 2
41.500000 19.918584 42.000000 20.784610 2
8.500000 14.722432 9.500000 14.722432 2
7.500000 9.526279 7.000000 10.392305 2
41.000000 24.248711 41.500000 25.114737 2
3.000000 1.732051 2.500000 2.598076 2
46.500000 26.846788 31.000000 0.000000 2
30.500000 4.330127 31.500000 4.330127 2
39.000000 19.052559 40.000000 19.052559 2
28.500000 25.114737 29.000000 25.980762 2
8.500000 0.866025 9.500000 0.866025 2
28.000000 10.392305 29.000000 10.392305 2
28.000000 3.464102 28.500000 4.330127 2
34.000000 19.052559 35.000000 19.052559 2
9.000000 10.392305 9.500000 11.258330 2
27.000000 20.784610 28.000000 20.784610 2
12.000000 13.856406 13.000000 13.856406 2
37.000000 17.320508 37.500000 18.186533 2
23.000000 17.320508 24.000000 17.320508 2
32.500000 9.526279 33.000000 10.392305 2
6.500000 0.866025 6.000000 1.732051 2
9.500000 12.990381 9.000000 13.856406 2
11.500000 9.526279 12.000000 10.392305 2
42.000000 24.248711 43.000000 24.248711 2
36.000000 10.392305 37.000000 10.392305 2
37.000000 22.516660 37.500000 23.382686 2
9.000000 13.856406 9.500000 14.722432 2
21.000000 15.588457 20.500000 16.454483 2
15.000000 17.320508 16.000000 17.320508 2
21.500000 19.918584 21.000000 20.784610 2
26.500000 6.062178 27.000000 6.928203 2
21.500000 21.650635 22.000000 22.516660 2
1.500000 0.866025 2.500000 0.866025 2
30.000000 3.464102 29.500000 4.330127 2
15.000000 8.660254 14.500000 9.526279 2
26.500000 9.526279 27.000000 10.392305 2
14.500000 18.186533 14.000000 19.052559 2
13.500000 21.650635 14.500000 21.650635 2
35.500000 12.990381 35.000000 13.856406 2
24.500000 12.990381 25.500000 12.990381 2
39.000000 24.248711 40.000000 24.248711 2
20.500000 25.114737 20.000000 25.980762 2
40.500000 23.382686 40.000000 24.248711 2
35.500000 14.722432 36.000000 15.588457 2
30.000000 15.588457 29.500000 16.454483 2
16.500000 25.114737 17.500000 25.114737 2
10.000000 1.732051 9.500000 2.598076 2
29.500000 12.990381 29.000000 13.856406 2
33.000000 24.248711 32.500000 25.114737 2
29.500000 19.918584 30.000000 20.784610 2
16.000000 17.320508 17.000000 17.320508 2
19.000000 15.588457 20.000000 15.588457 2
29.500000 16.454483 30.500000 16.454483 2
17.000000 19.052559 16.500000 19.918584 2
19.500000 12.990381 20.000000 13.856406 2
24.500000 9.526279 25.500000 9.526279 2
27.000000 19.052559 27.500000 19.918584 2
21.000000 5.196152 22.000000 5.196152 2
21.000000 5.196152 20.500000 6.062178 2
3.000000 1.732051 4.000000 1.732051 2
28.000000 17.320508 28.500000 18.186533 2
40.500000 16.454483 9.500000 16.454483 2
34.500000 19.918584 34.000000 20.784610 2
22.000000 5.196152 22.500000 6.062178 2
37.500000 14.722432 38.000000 15.588457 2
42.000000 25.980762 41.500000 26.846788 2
25.000000 10.392305 26.000000 10.392305 2
10.500000 18.186533 11.500000 18.186533 2
25.000000 13.856406 26.000000 13.856406 2
37.500000 26.846788 38.500000 26.846788 2
24.000000 22.516660 25.000000 22.516660 2
21.000000 10.392305 21.500000 11.258330 2
22.500000 19.918584 23.000000 20.784610 2
19.500000 23.382686 19.000000 24.248711 2
13.500000 16.454483 14.000000 17.320508 2
30.500000 21.650635 31.500000 21.650635 2
7.000000 5.196152 6.500000 6.062178 2
18.500000 14.722432 18.000000 15.588457 2
33.500000 19.918584 33.000000 20.784610 2
34.500000 11.258330 35.500000 11.258330 2
17.000000 24.248711 17.500000 25.114737 2
14.000000 8.660254 13.500000 9.526279 2
32.000000 13.856406 31.500000 14.722432 2
36.000000 8.660254 35.500000 9.526279 2
18.500000 14.722432 19.500000 14.722432 2
3.000000 1.732051 3.500000 2.598076 2
17.000000 25.980762 18.000000 25.980762 2
24.000000 25.980762 24.500000 26.846788 2
29.500000 25.114737 30.500000 25.114737 2
36.500000 16.454483 37.500000 16.454483 2
20.500000 21.650635 20.000000 22.516660 2
25.500000 26.846788 9.000000 0.000000 2
18.000000 20.784610 17.500000 21.650635 2
33.000000 3.464102 33.500000 4.330127 2
31.500000 14.722432 32.000000 15.588457 2
31.000000 25.980762 32.000000 25.980762 2
33.500000 21.650635 34.500000 21.650635 2
29.000000 6.928203 28.500000 7.794229 2
14.500000 19.918584 15.500000 19.918584 2
25.500000 2.598076 26.500000 2.598076 2
19.500000 25.114737 20.500000 25.114737 2
20.500000 14.722432 21.000000 15.588457 2
6.500000 2.598076 7.500000 2.598076 2
43.000000 24.248711 43.500000 25.114737 2
33.000000 13.856406 34.000000 13.856406 2
3.000000 3.464102 2.500000 4.330127 2
28.000000 0.000000 27.500000 0.866025 2
18.000000 22.516660 19.000000 22.516660 2
35.000000 13.856406 34.500000 14.722432 2
26.000000 12.124356 26.500000 12.990381 2
14.000000 17.320508 15.000000 17.320508 2
13.500000 19.918584 13.000000 20.784610 2
21.500000 4.330127 22.000000 5.196152 2
21.000000 6.928203 21.500000 7.794229 2
15.000000 25.980762 16.000000 25.980762 2
26.000000 20.784610 27.000000 20.784610 2
17.000000 22.516660 17.500000 23.382686 2
27.000000 8.660254 27.500000 9.526279 2
29.500000 19.918584 29.000000 20.784610 2
11.500000 9.526279 12.500000 9.526279 2
29.000000 22.516660 29.500000 23.382686 2
6.000000 6.928203 6.500000 7.794229 2
21.500000 16.454483 22.500000 16.454483 2
36.000000 8.660254 36.500000 9.526279 2
17.500000 21.650635 17.000000 22.516660 2
27.500000 21.650635 28.500000 21.650635 2
25.000000 22.516660 26.000000 22.516660 2
31.000000 17.320508 30.500000 18.186533 2
12.000000 12.124356 13.000000 12.124356 2
20.500000 14.722432 21.500000 14.722432 2
8.500000 12.990381 9.500000 12.990381 2
4.500000 7.794229 36.000000 8.660254 2
41.500000 23.382686 42.500000 23.382686 2
26.500000 11.258330 27.000000 12.124356 2
26.500000 4.330127 27.000000 5.196152 2
25.000000 15.588457 26.000000 15.588457 2
29.000000 8.660254 29.500000 9.526279 2
36.000000 20.784610 35.500000 21.650635 2
42.000000 24.248711 41.500000 25.114737 2
27.000000 13.856406 26.500000 14.722432 2
23.500000 0.866025 24.500000 0.866025 2
39.500000 18.186533 39.000000 19.052559 2
5.500000 0.866025 6.500000 0.866025 2
36.000000 25.980762 36.500000 26.846788 2
37.500000 18.186533 38.500000 18.186533 2
28.500000 12.990381 28.000000 13.856406 2
22.500000 11.258330 22.000000 12.124356 2
28.500000 19.918584 29.000000 20.784610 2
15.500000 14.722432 16.000000 15.588457 2
29.500000 18.186533 30.500000 18.186533 2
9.000000 12.124356 9.500000 12.990381 2
31.500000 16.454483 32.000000 17.320508 2
8.000000 0.000000 8.500000 0.866025 2
4.500000 4.330127 4.000000 5.196152 2
32.000000 10.392305 31.500000 11.258330 2
24.000000 10.392305 24.500000 11.258330 2
24.000000 24.248711 24.500000 25.114737 2
20.000000 12.124356 21.000000 12.124356 2
3.000000 0.000000 4.000000 0.000000 2
33.000000 6.928203 34.000000 6.928203 2
26.000000 6.928203 25.500000 7.794229 2
23.000000 12.124356 23.500000 12.990381 2
28.000000 1.732051 27.500000 2.598076 2
39.500000 21.650635 40.500000 21.650635 2
16.000000 15.588457 17.000000 15.588457 2
10.500000 11.258330 11.000000 12.124356 2
16.500000 19.918584 17.500000 19.918584 2
21.500000 16.454483 21.000000 17.320508 2
18.500000 21.650635 18.000000 22.516660 2
39.000000 17.320508 38.500000 18.186533 2
16.500000 21.650635 17.000000 22.516660 2
23.500000 9.526279 23.000000 10.392305 2
20.000000 20.784610 21.000000 20.784610 2
41.000000 17.320508 41.500000 18.186533 2
38.500000 16.454483 39.500000 16.454483 2
27.000000 10.392305 27.500000 11.258330 2
31.500000 14.722432 31.000000 15.588457 2
31.000000 15.588457 31.500000 16.454483 2
35.500000 19.918584 35.000000 20.784610 2
36.000000 19.052559 35.500000 19.918584 2
25.000000 0.000000 24.500000 0.866025 2
33.500000 11.258330 34.500000 11.258330 2
26.000000 22.516660 27.000000 22.516660 2
35.500000 23.382686 35.000000 24.248711 2
25.500000 7.794229 25.000000 8.660254 2
24.500000 19.918584 24.000000 20.784610 2
0.000000 0.000000 0.500000 0.866025 2
29.000000 15.588457 28.500000 16.454483 2
18.000000 10.392305 18.500000 11.258330 2
24.000000 8.660254 25.000000 8.660254 2
37.500000 11.258330 6.500000 11.258330 2
25.500000 0.866025 26.500000 0.866025 2
13.500000 18.186533 14.000000 19.052559 2
27.500000 14.722432 28.500000 14.722432 2
25.500000 12.990381 26.500000 12.990381 2
11.500000 12.990381 12.000000 13.856406 2
30.000000 1.732051 31.000000 1.732051 2
31.500000 2.598076 32.500000 2.598076 2
12.500000 21.650635 44.000000 22.516660 2
45.500000 26.846788 46.500000 26.846788 2
38.500000 25.114737 39.500000 25.114737 2
17.000000 22.516660 16.500000 23.382686 2
11.000000 13.856406 10.500000 14.722432 2
28.500000 26.846788 12.000000 0.000000 2
15.000000 17.320508 15.500000 18.186533 2
7.000000 10.392305 8.000000 10.392305 2
11.500000 18.186533 11.000000 19.052559 2
42.500000 21.650635 43.000000 22.516660 2
39.500000 16.454483 39.000000 17.320508 2
33.000000 10.392305 32.500000 11.258330 2
15.500000 11.258330 15.000000 12.124356 2
36.500000 19.918584 37.500000 19.918584 2
31.000000 13.856406 32.000000 13.856406 2
32.000000 17.320508 32.500000 18.186533 2
34.500000 21.650635 34.000000 22.516660 2
27.500000 16.454483 28.000000 17.320508 2
6.500000 4.330127 7.000000 5.196152 2
25.000000 25.980762 25.500000 26.846788 2
1.500000 0.866025 1.000000 1.732051 2
23.000000 13.856406 23.500000 14.722432 2
21.500000 9.526279 22.000000 10.392305 2
42.000000 22.516660 41.500000 23.382686 2
17.000000 8.660254 17.500000 9.526279 2
16.500000 25.114737 16.000000 25.980762 2
4.000000 6.928203 35.500000 7.794229 2
26.500000 26.846788 11.000000 0.000000 2
28.500000 4.330127 28.000000 5.196152 2
28.000000 20.784610 28.500000 21.650635 2
16.500000 19.918584 16.000000 20.784610 2
23.500000 11.258330 23.000000 12.124356 2
32.000000 1.732051 32.500000 2.598076 2
36.500000 23.382686 37.500000 23.382686 2
43.500000 21.650635 12.500000 21.650635 2
35.000000 15.588457 36.000000 15.588457 2
13.000000 8.660254 14.000000 8.660254 2
19.500000 16.454483 20.500000 16.454483 2
27.500000 7.794229 28.500000 7.794229 2
36.000000 17.320508 35.500000 18.186533 2
44.000000 25.980762 44.500000 26.846788 2
25.500000 14.722432 26.000000 15.588457 2
24.500000 4.330127 24.000000 5.196152 2
10.000000 13.856406 9.500000 14.722432 2
13.000000 20.784610 12.500000 21.650635 2
42.500000 23.382686 43.000000 24.248711 2
31.000000 22.516660 31.500000 23.382686 2
27.000000 24.248711 26.500000 25.114737 2
6.000000 0.000000 6.500000 0.866025 2
4.000000 6.928203 5.000000 6.928203 2
19.000000 20.784610 18.500000 21.650635 2
18.000000 13.856406 19.000000 13.856406 2
26.000000 24.248711 25.500000 25.114737 2
23.500000 18.186533 24.500000 18.186533 2
6.000000 5.196152 5.500000 6.062178 2
41.000000 19.052559 40.500000 19.918584 2
34.500000 6.062178 34.000000 6.928203 2
16.500000 19.918584 17.000000 20.784610 2
32.000000 3.464102 32.500000 4.330127 2
22.500000 19.918584 23.500000 19.918584 2
20.500000 18.186533 21.500000 18.186533 2
24.500000 26.846788 8.000000 0.000000 2
41.000000 25.980762 42.000000 25.980762 2
23.500000 4.330127 24.000000 5.196152 2
40.500000 19.918584 41.500000 19.918584 2
20.500000 12.990381 20.000000 13.856406 2
27.500000 0.866025 28.000000 1.732051 2
8.500000 2.598076 9.500000 2.598076 2
10.500000 16.454483 10.000000 17.320508 2
7.500000 7.794229 8.000000 8.660254 2
17.000000 13.856406 16.500000 14.722432 2
37.500000 12.990381 38.000000 13.856406 2
29.500000 12.990381 30.500000 12.990381 2
9.500000 11.258330 10.000000 12.124356 2
9.500000 16.454483 41.000000 17.320508 2
35.000000 19.052559 36.000000 19.052559 2
21.000000 10.392305 22.000000 10.392305 2
34.500000 11.258330 35.000000 12.124356 2
3.500000 0.866025 3.000000 1.732051 2
23.000000 17.320508 22.500000 18.186533 2
43.000000 20.784610 12.000000 20.784610 2
28.000000 8.660254 28.500000 9.526279 2
11.000000 0.000000 10.500000 0.866025 2
35.500000 21.650635 36.500000 21.650635 2
27.500000 18.186533 27.000000 19.052559 2
36.500000 26.846788 21.000000 0.000000 2
42.000000 20.784610 42.500000 21.650635 2
15.500000 25.114737 16.500000 25.114737 2
27.000000 24.248711 28.000000 24.248711 2
24.000000 19.052559 25.000000 19.052559 2
40.500000 23.382686 41.500000 23.382686 2
34.000000 24.248711 34.500000 25.114737 2
42.500000 19.918584 42.000000 20.784610 2
33.500000 6.062178 33.000000 6.928203 2
21.000000 15.588457 22.000000 15.588457 2
31.000000 17.320508 32.000000 17.320508 2
2.500000 4.330127 3.000000 5.196152 2
23.500000 26.846788 24.500000 26.846788 2
28.000000 24.248711 29.000000 24.248711 2
35.500000 23.382686 36.500000 23.382686 2
27.500000 23.382686 28.500000 23.382686 2
20.500000 11.258330 21.000000 12.124356 2
23.000000 10.392305 23.500000 11.258330 2
15.500000 18.186533 16.000000 19.052559 2
7.500000 4.330127 8.000000 5.196152 2
30.000000 20.784610 30.500000 21.650635 2
30.500000 0.866025 31.500000 0.866025 2
18.500000 25.114737 18.000000 25.980762 2
16.500000 14.722432 17.500000 14.722432 2
22.000000 13.856406 21.500000 14.722432 2
37.000000 19.052559 38.000000 19.052559 2
28.500000 16.454483 29.500000 16.454483 2
30.000000 17.320508 30.500000 18.186533 2
13.000000 15.588457 12.500000 16.454483 2
18.500000 18.186533 19.500000 18.186533 2
29.500000 21.650635 29.000000 22.516660 2
5.500000 6.062178 5.000000 6.928203 2
25.500000 21.650635 26.000000 22.516660 2
9.000000 10.392305 8.500000 11.258330 2
4.500000 0.866025 5.000000 1.732051 2
29.000000 0.000000 29.500000 0.866025 2
31.500000 0.866025 31.000000 1.732051 2
32.500000 6.062178 33.000000 6.928203 2
31.500000 7.794229 32.500000 7.794229 2
35.000000 15.588457 34.500000 16.454483 2
21.500000 9.526279 21.000000 10.392305 2
15.500000 16.454483 16.000000 17.320508 2
26.500000 26.846788 10.000000 0.000000 2
24.000000 6.928203 23.500000 7.794229 2
31.000000 3.464102 31.500000 4.330127 2
11.000000 15.588457 11.500000 16.454483 2
11.500000 11.258330 12.500000 11.258330 2
37.000000 12.124356 38.000000 12.124356 2
26.500000 6.062178 26.000000 6.928203 2
35.500000 11.258330 36.000000 12.124356 2
20.000000 17.320508 19.500000 18.186533 2
6.000000 0.000000 7.000000 0.000000 2
19.000000 24.248711 20.000000 24.248711 2
34.500000 12.990381 35.500000 12.990381 2
0.500000 0.866025 1.000000 1.732051 2
21.500000 25.114737 22.500000 25.114737 2
18.500000 26.846788 19.500000 26.846788 2
19.000000 10.392305 19.500000 11.258330 2
28.000000 19.052559 28.500000 19.918584 2
31.500000 11.258330 32.000000 12.124356 2
10.500000 12.990381 11.500000 12.990381 2
5.500000 4.330127 6.500000 4.330127 2
25.000000 8.660254 25.500000 9.526279 2
23.500000 21.650635 23.000000 22.516660 2
0.000000 0.000000 31.500000 0.866025 2
30.500000 7.794229 31.500000 7.794229 2
34.000000 17.320508 33.500000 18.186533 2
16.500000 9.526279 16.000000 10.392305 2
23.000000 17.320508 23.500000 18.186533 2
21.500000 0.866025 21.000000 1.732051 2
24.500000 23.382686 24.000000 24.248711 2
32.000000 13.856406 33.000000 13.856406 2
24.500000 0.866025 25.500000 0.866025 2
32.000000 3.464102 33.000000 3.464102 2
35.000000 22.516660 34.500000 23.382686 2
26.000000 20.784610 26.500000 21.650635 2
10.500000 11.258330 10.000000 12.124356 2
32.000000 12.124356 33.000000 12.124356 2
22.500000 6.062178 23.500000 6.062178 2
34.500000 19.918584 35.500000 19.918584 2
31.000000 6.928203 30.500000 7.794229 2
6.500000 4.330127 7.500000 4.330127 2
11.000000 19.052559 42.500000 19.918584 2
27.500000 11.258330 28.500000 11.258330 2
23.000000 1.732051 22.500000 2.598076 2
18.500000 21.650635 19.500000 21.650635 2
24.000000 15.588457 25.000000 15.588457 2
25.000000 17.320508 24.500000 18.186533 2
43.000000 22.516660 44.000000 22.516660 2
38.500000 12.990381 7.500000 12.990381 2
39.500000 14.722432 39.000000 15.588457 2
15.500000 21.650635 16.500000 21.650635 2
35.500000 25.114737 36.000000 25.980762 2
19.000000 22.516660 20.000000 22.516660 2
34.500000 26.846788 19.000000 0.000000 2
38.500000 19.918584 39.000000 20.784610 2
28.500000 14.722432 29.500000 14.722432 2
22.500000 4.330127 23.000000 5.196152 2
21.500000 7.794229 22.500000 7.794229 2
13.000000 19.052559 12.500000 19.918584 2
34.000000 20.784610 34.500000 21.650635 2
27.000000 12.124356 27.500000 12.990381 2
13.500000 18.186533 14.500000 18.186533 2
14.500000 25.114737 15.500000 25.114737 2
14.000000 19.052559 13.500000 19.918584 2
6.500000 2.598076 6.000000 3.464102 2
13.500000 16.454483 14.500000 16.454483 2
21.000000 22.516660 20.500000 23.382686 2
38.500000 12.990381 38.000000 13.856406 2
28.500000 14.722432 29.000000 15.588457 2
31.500000 14.722432 32.500000 14.722432 2
34.000000 22.516660 35.000000 22.516660 2
17.000000 17.320508 16.500000 18.186533 2
19.000000 17.320508 19.500000 18.186533 2
19.500000 9.526279 20.500000 9.526279 2
32.500000 9.526279 32.000000 10.392305 2
33.500000 18.186533 34.500000 18.186533 2
15.000000 8.660254 15.500000 9.526279 2
19.500000 11.258330 20.000000 12.124356 2
17.000000 24.248711 18.000000 24.248711 2
15.500000 25.114737 16.000000 25.980762 2
9.000000 1.732051 8.500000 2.598076 2
33.000000 20.784610 32.500000 21.650635 2
39.500000 14.722432 40.000000 15.588457 2
19.000000 12.124356 19.500000 12.990381 2
18.500000 2.598076 19.000000 3.464102 2
23.500000 6.062178 24.500000 6.062178 2
18.000000 25.980762 18.500000 26.846788 2
32.500000 19.918584 33.500000 19.918584 2
6.500000 6.062178 6.000000 6.928203 2
9.000000 0.000000 10.000000 0.000000 2
12.500000 11.258330 13.000000 12.124356 2
26.000000 13.856406 26.500000 14.722432 2
20.000000 3.464102 20.500000 4.330127 2
20.500000 4.330127 21.500000 4.330127 2
22.000000 0.000000 21.500000 0.866025 2
30.000000 10.392305 31.000000 10.392305 2
21.000000 13.856406 21.500000 14.722432 2
12.500000 7.794229 13.000000 8.660254 2
38.000000 13.856406 37.500000 14.722432 2
21.500000 26.846788 5.000000 0.000000 2
12.500000 12.990381 13.500000 12.990381 2
34.500000 7.794229 34.000000 8.660254 2
18.500000 14.722432 19.000000 15.588457 2
34.500000 23.382686 34.000000 24.248711 2
22.500000 26.846788 23.500000 26.846788 2
31.500000 19.918584 32.500000 19.918584 2
5.000000 1.732051 4.500000 2.598076 2
25.500000 0.866025 26.000000 1.732051 2
31.000000 0.000000 31.500000 0.866025 2
30.000000 13.856406 31.000000 13.856406 2
31.000000 5.196152 31.500000 6.062178 2
22.500000 23.382686 22.000000 24.248711 2
23.000000 25.980762 24.000000 25.980762 2
32.500000 9.526279 33.500000 9.526279 2
23.500000 9.526279 24.000000 10.392305 2
12.500000 14.722432 13.000000 15.588457 2
18.500000 26.846788 3.000000 0.000000 2
20.000000 10.392305 20.500000 11.258330 2
4.000000 3.464102 5.000000 3.464102 2
15.000000 24.248711 14.500000 25.114737 2
12.500000 7.794229 13.500000 7.794229 2
30.000000 13.856406 29.500000 14.722432 2
6.500000 0.866025 7.000000 1.732051 2
12.500000 18.186533 13.500000 18.186533 2
22.500000 9.526279 22.000000 10.392305 2
22.000000 17.320508 22.500000 18.186533 2
17.000000 12.124356 17.500000 12.990381 2
39.500000 25.114737 40.000000 25.980762 2
26.000000 0.000000 25.500000 0.866025 2
39.000000 25.980762 39.500000 26.846788 2
32.500000 21.650635 33.500000 21.650635 2
32.500000 4.330127 32.000000 5.196152 2
38.000000 12.124356 37.500000 12.990381 2
41.500000 23.382686 42.000000 24.248711 2
27.000000 0.000000 27.500000 0.866025 2
20.500000 2.598076 21.500000 2.598076 2
38.500000 19.918584 38.000000 20.784610 2
23.500000 2.598076 24.000000 3.464102 2
22.000000 22.516660 21.500000 23.382686 2
40.500000 25.114737 40.000000 25.980762 2
20.000000 15.588457 20.500000 16.454483 2
32.500000 11.258330 33.000000 12.124356 2
20.000000 22.516660 19.500000 23.382686 2
15.000000 19.052559 15.500000 19.918584 2
12.500000 9.526279 13.500000 9.526279 2
28.000000 22.516660 27.500000 23.382686 2
7.000000 1.732051 6.500000 2.598076 2
10.000000 1.732051 11.000000 1.732051 2
28.000000 25.980762 28.500000 26.846788 2
26.000000 15.588457 25.500000 16.454483 2
39.000000 20.784610 40.000000 20.784610 2
31.500000 4.330127 32.000000 5.196152 2
24.000000 8.660254 23.500000 9.526279 2
33.500000 23.382686 33.000000 24.248711 2
20.500000 26.846788 4.000000 0.000000 2
45.500000 26.846788 29.000000 0.000000 2
44.000000 22.516660 43.500000 23.382686 2
30.000000 25.980762 30.500000 26.846788 2
26.000000 5.196152 25.500000 6.062178 2
29.000000 17.320508 29.500000 18.186533 2
6.000000 6.928203 5.500000 7.794229 2
24.500000 12.990381 24.000000 13.856406 2
36.000000 13.856406 35.500000 14.722432 2
36.000000 12.124356 35.500000 12.990381 2
39.000000 20.784610 39.500000 21.650635 2
23.500000 23.382686 24.000000 24.248711 2
37.000000 13.856406 37.500000 14.722432 2
36.500000 9.526279 37.000000 10.392305 2
14.000000 10.392305 13.500000 11.258330 2
15.000000 10.392305 14.500000 11.258330 2
31.500000 9.526279 32.500000 9.526279 2
36.000000 22.516660 36.500000 23.382686 2
33.000000 25.980762 34.000000 25.980762 2
43.000000 22.516660 42.500000 23.382686 2
14.000000 10.392305 14.500000 11.258330 2
25.000000 20.784610 26.000000 20.784610 2
19.000000 0.000000 18.500000 0.866025 2
19.000000 15.588457 18.500000 16.454483 2
33.000000 20.784610 33.500000 21.650635 2
26.500000 21.650635 27.000000 22.516660 2
40.000000 25.980762 41.000000 25.980762 2
1.000000 0.000000 0.500000 0.866025 2
31.000000 22.516660 30.500000 23.382686 2
31.000000 17.320508 31.500000 18.186533 2
23.500000 25.114737 24.500000 25.114737 2
21.000000 24.248711 20.500000 25.114737 2
8.000000 3.464102 8.500000 4.330127 2
24.500000 7.794229 25.500000 7.794229 2
22.000000 10.392305 21.500000 11.258330 2
43.500000 21.650635 43.000000 22.516660 2
18.500000 23.382686 18.000000 24.248711 2
37.000000 24.248711 36.500000 25.114737 2
34.500000 26.846788 35.500000 26.846788 2
3.500000 4.330127 4.000000 5.196152 2
8.000000 10.392305 8.500000 11.258330 2
17.500000 25.114737 18.500000 25.114737 2
18.000000 0.000000 18.500000 0.866025 2
32.000000 17.320508 33.000000 17.320508 2
25.000000 1.732051 26.000000 1.732051 2
24.000000 5.196152 23.500000 6.062178 2
30.000000 12.124356 31.000000 12.124356 2
33.500000 21.650635 33.000000 22.516660 2
29.500000 11.258330 29.000000 12.124356 2
15.500000 12.990381 16.500000 12.990381 2
17.000000 15.588457 16.500000 16.454483 2
25.000000 13.856406 24.500000 14.722432 2
29.000000 13.856406 30.000000 13.856406 2
5.500000 4.330127 5.000000 5.196152 2
29.500000 16.454483 30.000000 17.320508 2
4.500000 2.598076 5.500000 2.598076 2
33.000000 15.588457 33.500000 16.454483 2
6.500000 7.794229 7.500000 7.794229 2
14.000000 8.660254 15.000000 8.660254 2
13.000000 20.784610 14.000000 20.784610 2
3.500000 6.062178 4.500000 6.062178 2
5.000000 8.660254 6.000000 8.660254 2
29.500000 16.454483 29.000000 17.320508 2
33.000000 5.196152 34.000000 5.196152 2
10.000000 17.320508 10.500000 18.186533 2
16.000000 10.392305 15.500000 11.258330 2
2.000000 0.000000 3.000000 0.000000 2
14.500000 16.454483 15.500000 16.454483 2
24.000000 17.320508 23.500000 18.186533 2
13.000000 10.392305 13.500000 11.258330 2
22.500000 4.330127 23.500000 4.330127 2
38.000000 17.320508 38.500000 18.186533 2
27.000000 5.196152 26.500000 6.062178 2
30.000000 5.196152 29.500000 6.062178 2
18.000000 10.392305 17.500000 11.258330 2
28.000000 0.000000 29.000000 0.000000 2
14.500000 12.990381 14.000000 13.856406 2
16.500000 11.258330 17.000000 12.124356 2
27.500000 26.846788 11.000000 0.000000 2
17.000000 17.320508 18.000000 17.320508 2
40.500000 19.918584 41.000000 20.784610 2
14.500000 9.526279 15.000000 10.392305 2
17.500000 26.846788 1.000000 0.000000 2
17.500000 14.722432 17.000000 15.588457 2
27.000000 8.660254 26.500000 9.526279 2
19.000000 22.516660 19.500000 23.382686 2
13.500000 21.650635 14.000000 22.516660 2
29.500000 7.794229 29.000000 8.660254 2
19.000000 13.856406 18.500000 14.722432 2
25.000000 6.928203 26.000000 6.928203 2
36.000000 13.856406 36.500000 14.722432 2
13.000000 10.392305 14.000000 10.392305 2
14.000000 24.248711 15.000000 24.248711 2
23.500000 21.650635 24.500000 21.650635 2
28.000000 25.980762 27.500000 26.846788 2
27.000000 1.732051 26.500000 2.598076 2
37.500000 16.454483 38.500000 16.454483 2
6.500000 9.526279 6.000000 10.392305 2
18.000000 0.000000 19.000000 0.000000 2
15.000000 24.248711 16.000000 24.248711 2
32.000000 15.588457 32.500000 16.454483 2
20.500000 16.454483 20.000000 17.320508 2
36.500000 14.722432 37.500000 14.722432 2
15.500000 19.918584 16.500000 19.918584 2
37.500000 19.918584 37.000000 20.784610 2
43.500000 25.114737 43.000000 25.980762 2
38.000000 25.980762 37.500000 26.846788 2
31.500000 11.258330 31.000000 12.124356 2
30.000000 19.052559 30.500000 19.918584 2
28.500000 23.382686 29.000000 24.248711 2
18.500000 11.258330 19.000000 12.124356 2
15.000000 20.784610 14.500000 21.650635 2
20.500000 6.062178 20.000000 6.928203 2
7.000000 0.000000 7.500000 0.866025 2
12.000000 19.052559 13.000000 19.052559 2
35.000000 15.588457 35.500000 16.454483 2
29.000000 24.248711 29.500000 25.114737 2
27.000000 10.392305 28.000000 10.392305 2
28.000000 5.196152 29.000000 5.196152 2
20.000000 17.320508 20.500000 18.186533 2
23.000000 24.248711 22.500000 25.114737 2
27.500000 18.186533 28.000000 19.052559 2
35.500000 23.382686 36.000000 24.248711 2
30.500000 16.454483 31.500000 16.454483 2
31.000000 25.980762 30.500000 26.846788 2
38.500000 18.186533 39.500000 18.186533 2
29.000000 10.392305 30.000000 10.392305 2
29.500000 23.382686 29.000000 24.248711 2
22.000000 3.464102 21.500000 4.330127 2
4.000000 5.196152 5.000000 5.196152 2
41.000000 19.052559 42.000000 19.052559 2
29.000000 5.196152 28.500000 6.062178 2
22.000000 15.588457 23.000000 15.588457 2
23.000000 1.732051 24.000000 1.732051 2
13.500000 19.918584 14.000000 20.784610 2
19.500000 0.866025 20.000000 1.732051 2
28.500000 7.794229 28.000000 8.660254 2
30.000000 8.660254 31.000000 8.660254 2
28.500000 25.114737 28.000000 25.980762 2
27.500000 21.650635 27.000000 22.516660 2
32.500000 25.114737 33.500000 25.114737 2
35.000000 22.516660 35.500000 23.382686 2
7.000000 8.660254 7.500000 9.526279 2
25.500000 6.062178 26.000000 6.928203 2
27.000000 15.588457 26.500000 16.454483 2
26.000000 0.000000 27.000000 0.000000 2
20.500000 9.526279 21.000000 10.392305 2
26.500000 11.258330 26.000000 12.124356 2
19.500000 0.866025 20.500000 0.866025 2
19.500000 16.454483 20.000000 17.320508 2
25.500000 7.794229 26.000000 8.660254 2
12.000000 19.052559 11.500000 19.918584 2
31.500000 6.062178 32.500000 6.062178 2
35.000000 12.124356 34.500000 12.990381 2
12.500000 4.330127 12.000000 5.196152 3
11.000000 5.196152 10.500000 6.062178 3
11.500000 4.330127 12.500000 4.330127 3
11.000000 6.928203 12.000000 6.928203 3
13.000000 5.196152 12.500000 6.062178 3
12.000000 5.196152 12.500000 6.062178 3
11.000000 5.196152 11.500000 6.062178 3
12.500000 6.062178 12.000000 6.928203 3
10.500000 6.062178 11.000000 6.928203 3
12.000000 6.928203 13.000000 6.928203 3
10.000000 5.196152 10.500000 6.062178 3
11.500000 4.330127 12.000000 5.196152 3
10.000000 5.196152 11.000000 5.196152 3
11.500000 4.330127 11.000000 5.196152 3
11.500000 6.062178 12.500000 6.062178 3
11.000000 6.928203 11.500000 7.794229 3
11.000000 5.196152 12.000000 5.196152 3
12.000000 6.928203 11.500000 7.794229 3
12.000000 5.196152 11.500000 6.062178 3
11.500000 6.062178 12.000000 6.928203 3
11.000000 6.928203 10.500000 7.794229 3
10.500000 7.794229 11.500000 7.794229 3
10.500000 4.330127 11.000000 5.196152 3
11.500000 6.062178 11.000000 6.928203 3
12.500000 4.330127 13.000000 5.196152 3
12.000000 5.196152 13.000000 5.196152 3
10.500000 4.330127 11.500000 4.330127 3
12.500000 6.062178 13.000000 6.928203 3
16.000000 5.196152 16.500000 6.062178 4
15.500000 6.062178 16.500000 6.062178 4
16.000000 5.196152 15.500000 6.062178 4
10.000000 6.928203 9.500000 7.794229 5
11.500000 0.866025 12.000000 1.732051 6
21.500000 18.186533 21.000000 19.052559 7
9.000000 5.196152 9.500000 6.062178 8
7.500000 9.526279 8.500000 9.526279 9
13.500000 21.650635 13.000000 22.516660 10
14.000000 1.732051 13.500000 2.598076 11
10.500000 2.598076 11.000000 3.464102 12
10.500000 2.598076 10.000000 3.464102 12
10.000000 3.464102 11.000000 3.464102 12
8.500000 6.062178 9.500000 6.062178 13
16.000000 6.928203 16.500000 7.794229 14
9.500000 4.330127 9.000000 5.196152 15
8.500000 4.330127 9.000000 5.196152 15
8.500000 4.330127 9.500000 4.330127 15
16.000000 0.000000 16.500000 0.866025 16
17.000000 0.000000 16.500000 0.866025 16
16.000000 0.000000 17.000000 0.000000 16
14.500000 2.598076 15.500000 2.598076 17
16.500000 6.062178 17.500000 6.062178 18
7.500000 7.794229 8.500000 7.794229 19
13.500000 23.382686 14.500000 23.382686 20
15.500000 4.330127 15.000000 5.196152 21
11.000000 8.660254 10.500000 9.526279 22
9.500000 7.794229 10.000000 8.660254 23
15.500000 0.866025 15.000000 1.732051 24
16.500000 0.866025 16.000000 1.732051 24
16.000000 1.732051 15.500000 2.598076 24
15.500000 0.866025 16.500000 0.866025 24
14.500000 0.866025 15.500000 0.866025 24
16.000000 1.732051 16.500000 2.598076 24
16.000000 1.732051 17.000000 1.732051 24
17.000000 1.732051 16.500000 2.598076 24
15.000000 1.732051 15.500000 2.598076 24
14.500000 0.866025 15.000000 1.732051 24
15.500000 2.598076 16.500000 2.598076 24
15.500000 0.866025 16.000000 1.732051 24
15.000000 1.732051 16.000000 1.732051 24
13.000000 0.000000 13.500000 0.866025 25
13.500000 0.866025 14.500000 0.866025 25
14.000000 0.000000 14.500000 0.866025 25
14.000000 0.000000 13.500000 0.866025 25
13.000000 0.000000 14.000000 0.000000 25
9.000000 6.928203 9.500000 7.794229 26
17.500000 11.258330 18.000000 12.124356 27
11.500000 7.794229 11.000000 8.660254 28
13.500000 2.598076 13.000000 3.464102 29
43.000000 24.248711 44.000000 24.248711 30
14.000000 5.196152 14.500000 6.062178 31
14.000000 5.196152 13.500000 6.062178 31
13.500000 6.062178 14.500000 6.062178 31
12.000000 3.464102 11.500000 4.330127 32
11.000000 3.464102 11.500000 4.330127 32
11.000000 3.464102 12.000000 3.464102 32
18.000000 5.196152 19.000000 5.196152 33
19.000000 5.196152 18.500000 6.062178 33
18.500000 4.330127 18.000000 5.196152 33
18.500000 4.330127 19.000000 5.196152 33
18.000000 5.196152 18.500000 6.062178 33
8.000000 3.464102 9.000000 3.464102 34
13.500000 14.722432 14.500000 14.722432 35
8.000000 8.660254 9.000000 8.660254 36
18.000000 3.464102 17.500000 4.330127 37
8.000000 13.856406 39.500000 14.722432 38
26.500000 4.330127 27.500000 4.330127 39
23.000000 12.124356 22.500000 12.990381 40
14.500000 2.598076 15.000000 3.464102 41
13.500000 0.866025 14.000000 1.732051 42
8.500000 7.794229 9.000000 8.660254 43
9.500000 9.526279 9.000000 10.392305 44
14.500000 6.062178 14.000000 6.928203 45
14.500000 6.062178 15.000000 6.928203 45
14.000000 6.928203 15.000000 6.928203 45
17.000000 6.928203 18.000000 6.928203 46
17.000000 6.928203 17.500000 7.794229 46
17.500000 6.062178 18.000000 6.928203 46
17.500000 6.062178 17.000000 6.928203 46
18.000000 6.928203 17.500000 7.794229 46
18.500000 4.330127 19.500000 4.330127 47
16.500000 2.598076 17.000000 3.464102 48
16.000000 3.464102 17.000000 3.464102 48
16.500000 2.598076 16.000000 3.464102 48
9.000000 3.464102 10.000000 3.464102 49
10.000000 3.464102 9.500000 4.330127 49
9.000000 3.464102 9.500000 4.330127 49
15.000000 6.928203 16.000000 6.928203 50
14.500000 4.330127 14.000000 5.196152 51
32.000000 25.980762 31.500000 26.846788 52
9.500000 9.526279 10.500000 9.526279 53
18.500000 6.062178 19.000000 6.928203 54
31.500000 26.846788 16.000000 0.000000 55
15.500000 14.722432 15.000000 15.588457 56
28.500000 26.846788 13.000000 0.000000 57
18.500000 19.918584 19.500000 19.918584 58
15.000000 3.464102 14.500000 4.330127 59
16.500000 4.330127 17.000000 5.196152 60
16.500000 4.330127 17.500000 4.330127 61
16.000000 3.464102 15.500000 4.330127 62
15.000000 3.464102 16.000000 3.464102 62
15.000000 3.464102 15.500000 4.330127 62
18.000000 5.196152 17.500000 6.062178 63
11.000000 8.660254 12.000000 8.660254 64
11.500000 2.598076 12.000000 3.464102 65
12.500000 2.598076 13.000000 3.464102 65
12.000000 3.464102 13.000000 3.464102 65
12.500000 2.598076 12.000000 3.464102 65
11.500000 2.598076 12.500000 2.598076 65
17.000000 1.732051 17.500000 2.598076 66
25.000000 22.516660 25.500000 23.382686 67
17.000000 5.196152 17.500000 6.062178 68
21.000000 19.052559 20.500000 19.918584 69
44.500000 23.382686 13.500000 23.382686 70
13.000000 1.732051 13.500000 2.598076 71
15.500000 7.794229 16.000000 8.660254 72
12.500000 4.330127 13.500000 4.330127 73
18.000000 0.000000 17.500000 0.866025 74
17.000000 0.000000 17.500000 0.866025 74
17.000000 0.000000 18.000000 0.000000 74
17.500000 19.918584 18.500000 19.918584 75
12.000000 1.732051 11.500000 2.598076 76
14.500000 7.794229 15.000000 8.660254 77
32.500000 26.846788 16.000000 0.000000 78
17.000000 1.732051 18.000000 1.732051 79
14.000000 0.000000 15.000000 0.000000 80
9.500000 6.062178 9.000000 6.928203 81
38.500000 14.722432 38.000000 15.588457 82
44.000000 22.516660 44.500000 23.382686 83
21.500000 25.114737 22.000000 25.980762 84
9.000000 8.660254 8.500000 9.526279 85
45.000000 24.248711 14.000000 24.248711 86
16.000000 3.464102 16.500000 4.330127 87
12.000000 0.000000 12.500000 0.866025 88
11.000000 1.732051 11.500000 2.598076 89
15.000000 5.196152 15.500000 6.062178 90
9.500000 6.062178 10.500000 6.062178 91
10.500000 6.062178 10.000000 6.928203 91
9.500000 6.062178 10.000000 6.928203 91
12.500000 0.866025 12.000000 1.732051 92
10.000000 8.660254 9.500000 9.526279 93
9.000000 8.660254 10.000000 8.660254 93
9.000000 8.660254 9.500000 9.526279 93
18.000000 6.928203 19.000000 6.928203 94
8.000000 6.928203 9.000000 6.928203 95
19.000000 6.928203 19.500000 7.794229 96
28.500000 0.866025 29.000000 1.732051 97
18.500000 2.598076 18.000000 3.464102 98
38.000000 24.248711 37.500000 25.114737 99
16.500000 4.330127 16.000000 5.196152 100
12.500000 6.062178 13.500000 6.062178 101
30.500000 26.846788 15.000000 0.000000 102
16.000000 6.928203 17.000000 6.928203 103
37.500000 23.382686 38.500000 23.382686 104
8.500000 6.062178 8.000000 6.928203 105
19.500000 19.918584 19.000000 20.784610 106
8.000000 6.928203 8.500000 7.794229 107
19.000000 5.196152 19.500000 6.062178 108
2.000000 1.732051 2.500000 2.598076 109
13.500000 23.382686 45.000000 24.248711 110
14.500000 4.330127 15.000000 5.196152 111
18.000000 19.052559 19.000000 19.052559 112
38.000000 22.516660 38.500000 23.382686 113
39.500000 19.918584 39.000000 20.784610 114
20.500000 19.918584 21.000000 20.784610 115
17.500000 4.330127 18.000000 5.196152 116
15.000000 6.928203 15.500000 7.794229 117
13.000000 22.516660 13.500000 23.382686 118
13.000000 5.196152 14.000000 5.196152 119
13.000000 6.928203 13.500000 7.794229 120
15.500000 6.062178 15.000000 6.928203 121
12.000000 1.732051 13.000000 1.732051 122
9.500000 4.330127 10.000000 5.196152 123
15.500000 4.330127 16.000000 5.196152 124
12.500000 0.866025 13.500000 0.866025 125
10.500000 9.526279 10.000000 10.392305 126
14.500000 7.794229 15.500000 7.794229 127
