32 32 32 32 32
28.500000 2.598076 28.000000 3.464102 1
21.000000 17.320508 21.500000 18.186533 2
21.000000 17.320508 20.500000 18.186533 2
20.500000 18.186533 21.500000 18.186533 2
29.000000 13.856406 30.000000 13.856406 3
21.500000 12.990381 22.500000 12.990381 3
21.500000 6.062178 22.000000 6.928203 3
27.000000 12.124356 28.000000 12.124356 3
23.000000 12.124356 24.000000 12.124356 3
21.000000 13.856406 22.000000 13.856406 3
23.500000 11.258330 23.000000 12.124356 3
22.000000 10.392305 22.500000 11.258330 3
29.500000 12.990381 29.000000 13.856406 3
23.500000 6.062178 23.000000 6.928203 3
29.500000 12.990381 30.500000 12.990381 3
26.000000 12.124356 26.500000 12.990381 3
28.500000 12.990381 29.000000 13.856406 3
22.500000 9.526279 22.000000 10.392305 3
30.500000 12.990381 30.000000 13.856406 3
27.000000 13.856406 28.000000 13.856406 3
24.000000 12.124356 23.500000 12.990381 3
26.000000 12.124356 25.500000 12.990381 3
27.000000 10.392305 26.500000 11.258330 3
27.000000 10.392305 27.500000 11.258330 3
28.000000 15.588457 29.000000 15.588457 3
20.500000 7.794229 21.000000 8.660254 3
27.500000 14.722432 28.500000 14.722432 3
25.000000 10.392305 24.500000 11.258330 3
28.500000 12.990381 28.000000 13.856406 3
24.500000 9.526279 25.500000 9.526279 3
24.000000 12.124356 24.500000 12.990381 3
24.000000 8.660254 25.000000 8.660254 3
23.000000 6.928203 24.000000 6.928203 3
23.000000 12.124356 23.500000 12.990381 3
23.000000 10.392305 23.500000 11.258330 3
21.500000 7.794229 21.000000 8.660254 3
29.500000 14.722432 29.000000 15.588457 3
21.000000 6.928203 20.500000 7.794229 3
22.000000 6.928203 23.000000 6.928203 3
29.500000 11.258330 30.000000 12.124356 3
21.500000 7.794229 22.000000 8.660254 3
25.500000 9.526279 25.000000 10.392305 3
23.500000 9.526279 24.000000 10.392305 3
25.000000 10.392305 25.500000 11.258330 3
23.500000 11.258330 24.500000 11.258330 3
19.500000 7.794229 20.500000 7.794229 3
20.000000 6.928203 20.500000 7.794229 3
22.000000 10.392305 23.000000 10.392305 3
24.500000 12.990381 24.000000 13.856406 3
30.000000 13.856406 31.000000 13.856406 3
29.000000 12.124356 30.000000 12.124356 3
22.500000 6.062178 23.000000 6.928203 3
27.500000 12.990381 28.500000 12.990381 3
30.000000 12.124356 29.500000 12.990381 3
21.500000 6.062178 21.000000 6.928203 3
22.500000 11.258330 23.000000 12.124356 3
21.500000 9.526279 22.000000 10.392305 3
20.500000 7.794229 20.000000 8.660254 3
21.000000 8.660254 22.000000 8.660254 3
26.000000 12.124356 27.000000 12.124356 3
25.500000 12.990381 25.000000 13.856406 3
25.000000 8.660254 25.500000 9.526279 3
20.000000 6.928203 19.500000 7.794229 3
24.000000 8.660254 23.500000 9.526279 3
20.000000 6.928203 21.000000 6.928203 3
29.000000 12.124356 28.500000 12.990381 3
21.500000 9.526279 22.500000 9.526279 3
20.500000 9.526279 21.000000 10.392305 3
20.000000 8.660254 21.000000 8.660254 3
21.000000 10.392305 22.000000 10.392305 3
28.500000 14.722432 29.000000 15.588457 3
20.500000 12.990381 20.000000 13.856406 3
25.000000 10.392305 26.000000 10.392305 3
23.500000 7.794229 23.000000 8.660254 3
23.000000 8.660254 22.500000 9.526279 3
27.500000 14.722432 28.000000 15.588457 3
21.500000 6.062178 22.500000 6.062178 3
22.000000 6.928203 22.500000 7.794229 3
26.500000 9.526279 26.000000 10.392305 3
29.500000 11.258330 30.500000 11.258330 3
24.500000 11.258330 25.500000 11.258330 3
23.000000 8.660254 24.000000 8.660254 3
20.500000 12.990381 21.500000 12.990381 3
22.500000 6.062178 22.000000 6.928203 3
22.500000 12.990381 23.500000 12.990381 3
25.500000 9.526279 26.500000 9.526279 3
27.500000 11.258330 27.000000 12.124356 3
23.500000 9.526279 24.500000 9.526279 3
22.000000 13.856406 23.000000 13.856406 3
23.500000 6.062178 24.000000 6.928203 3
25.500000 11.258330 26.500000 11.258330 3
24.000000 10.392305 25.000000 10.392305 3
20.000000 13.856406 21.000000 13.856406 3
21.000000 10.392305 21.500000 11.258330 3
24.500000 9.526279 24.000000 10.392305 3
27.500000 11.258330 28.000000 12.124356 3
28.000000 12.124356 28.500000 12.990381 3
20.500000 9.526279 21.500000 9.526279 3
19.500000 7.794229 20.000000 8.660254 3
26.500000 12.990381 27.500000 12.990381 3
21.500000 11.258330 22.000000 12.124356 3
23.500000 12.990381 24.000000 13.856406 3
24.500000 11.258330 25.000000 12.124356 3
22.500000 9.526279 23.000000 10.392305 3
20.500000 7.794229 21.500000 7.794229 3
21.500000 12.990381 21.000000 13.856406 3
23.000000 6.928203 23.500000 7.794229 3
25.500000 12.990381 26.500000 12.990381 3
25.500000 9.526279 26.000000 10.392305 3
21.000000 12.124356 21.500000 12.990381 3
28.000000 13.856406 27.500000 14.722432 3
25.000000 12.124356 25.500000 12.990381 3
24.000000 8.660254 24.500000 9.526279 3
21.000000 12.124356 20.500000 12.990381 3
23.500000 11.258330 24.000000 12.124356 3
28.500000 11.258330 29.000000 12.124356 3
30.000000 12.124356 30.500000 12.990381 3
21.500000 11.258330 21.000000 12.124356 3
23.000000 10.392305 22.500000 11.258330 3
24.000000 6.928203 23.500000 7.794229 3
24.000000 10.392305 23.500000 11.258330 3
28.500000 14.722432 28.000000 15.588457 3
27.000000 12.124356 26.500000 12.990381 3
28.500000 14.722432 29.500000 14.722432 3
23.000000 6.928203 22.500000 7.794229 3
27.500000 12.990381 27.000000 13.856406 3
29.500000 11.258330 29.000000 12.124356 3
26.500000 11.258330 27.000000 12.124356 3
29.000000 13.856406 28.500000 14.722432 3
21.000000 8.660254 20.500000 9.526279 3
24.500000 12.990381 25.000000 13.856406 3
29.000000 13.856406 29.500000 14.722432 3
28.500000 11.258330 28.000000 12.124356 3
22.500000 12.990381 22.000000 13.856406 3
28.000000 13.856406 29.000000 13.856406 3
20.000000 8.660254 20.500000 9.526279 3
28.000000 12.124356 27.500000 12.990381 3
30.000000 13.856406 29.500000 14.722432 3
22.500000 6.062178 23.500000 6.062178 3
30.500000 12.990381 31.000000 13.856406 3
30.500000 11.258330 30.000000 12.124356 3
26.500000 12.990381 27.000000 13.856406 3
21.500000 9.526279 21.000000 10.392305 3
24.500000 9.526279 25.000000 10.392305 3
22.000000 8.660254 21.500000 9.526279 3
22.500000 11.258330 23.500000 11.258330 3
27.000000 13.856406 27.500000 14.722432 3
22.000000 8.660254 23.000000 8.660254 3
22.500000 7.794229 22.000000 8.660254 3
26.000000 10.392305 26.500000 11.258330 3
21.500000 7.794229 22.500000 7.794229 3
23.000000 12.124356 22.500000 12.990381 3
22.000000 12.124356 23.000000 12.124356 3
23.000000 13.856406 24.000000 13.856406 3
24.000000 13.856406 25.000000 13.856406 3
24.000000 10.392305 24.500000 11.258330 3
27.500000 12.990381 28.000000 13.856406 3
25.000000 12.124356 26.000000 12.124356 3
23.500000 12.990381 24.500000 12.990381 3
20.500000 12.990381 21.000000 13.856406 3
22.500000 12.990381 23.000000 13.856406 3
26.500000 9.526279 27.000000 10.392305 3
23.000000 8.660254 23.500000 9.526279 3
24.500000 12.990381 25.500000 12.990381 3
21.500000 12.990381 22.000000 13.856406 3
29.000000 12.124356 29.500000 12.990381 3
31.000000 5.196152 31.500000 6.062178 4
30.500000 6.062178 30.000000 6.928203 4
31.000000 6.928203 32.000000 6.928203 4
32.500000 6.062178 33.500000 6.062178 4
33.000000 5.196152 32.500000 6.062178 4
32.500000 6.062178 33.000000 6.928203 4
31.000000 5.196152 32.000000 5.196152 4
31.500000 6.062178 32.000000 6.928203 4
31.500000 6.062178 31.000000 6.928203 4
32.500000 6.062178 32.000000 6.928203 4
31.000000 5.196152 30.500000 6.062178 4
31.500000 6.062178 32.500000 6.062178 4
32.000000 5.196152 33.000000 5.196152 4
33.000000 5.196152 33.500000 6.062178 4
32.000000 5.196152 32.500000 6.062178 4
32.000000 5.196152 31.500000 6.062178 4
32.000000 6.928203 33.000000 6.928203 4
30.000000 6.928203 31.000000 6.928203 4
30.500000 6.062178 31.000000 6.928203 4
16.500000 0.866025 17.500000 0.866025 5
18.500000 2.598076 19.000000 3.464102 5
18.000000 0.000000 19.000000 0.000000 5
17.000000 1.732051 17.500000 2.598076 5
19.000000 1.732051 20.000000 1.732051 5
19.000000 0.000000 18.500000 0.866025 5
17.500000 0.866025 18.500000 0.866025 5
33.500000 26.846788 18.000000 0.000000 5
18.000000 1.732051 18.500000 2.598076 5
19.500000 2.598076 19.000000 3.464102 5
33.500000 26.846788 17.000000 0.000000 5
19.000000 1.732051 19.500000 2.598076 5
17.000000 0.000000 17.500000 0.866025 5
32.500000 26.846788 33.500000 26.846788 5
20.000000 1.732051 20.500000 2.598076 5
19.500000 0.866025 20.000000 1.732051 5
18.500000 0.866025 18.000000 1.732051 5
16.000000 0.000000 16.500000 0.866025 5
16.500000 0.866025 17.000000 1.732051 5
18.000000 0.000000 18.500000 0.866025 5
20.000000 1.732051 19.500000 2.598076 5
18.500000 2.598076 19.500000 2.598076 5
18.000000 1.732051 17.500000 2.598076 5
19.500000 2.598076 20.500000 2.598076 5
16.000000 0.000000 17.000000 0.000000 5
17.500000 2.598076 18.500000 2.598076 5
16.000000 1.732051 17.000000 1.732051 5
16.500000 0.866025 16.000000 1.732051 5
15.000000 0.000000 16.000000 0.000000 5
31.500000 26.846788 16.000000 0.000000 5
17.000000 1.732051 18.000000 1.732051 5
17.000000 0.000000 18.000000 0.000000 5
18.000000 1.732051 19.000000 1.732051 5
19.500000 0.866025 19.000000 1.732051 5
19.000000 0.000000 19.500000 0.866025 5
18.500000 0.866025 19.000000 1.732051 5
32.500000 26.846788 17.000000 0.000000 5
31.500000 26.846788 15.000000 0.000000 5
32.500000 26.846788 16.000000 0.000000 5
17.000000 0.000000 16.500000 0.866025 5
31.500000 26.846788 32.500000 26.846788 5
18.500000 0.866025 19.500000 0.866025 5
18.000000 0.000000 17.500000 0.866025 5
29.500000 4.330127 30.500000 4.330127 6
26.500000 18.186533 26.000000 19.052559 7
20.500000 23.382686 20.000000 24.248711 8
19.500000 23.382686 20.000000 24.248711 8
21.000000 22.516660 20.500000 23.382686 8
18.500000 21.650635 19.000000 22.516660 8
20.500000 21.650635 21.000000 22.516660 8
18.000000 22.516660 19.000000 22.516660 8
20.500000 19.918584 20.000000 20.784610 8
19.000000 22.516660 18.500000 23.382686 8
22.000000 20.784610 21.500000 21.650635 8
20.500000 21.650635 20.000000 22.516660 8
20.000000 20.784610 21.000000 20.784610 8
19.500000 19.918584 19.000000 20.784610 8
20.000000 20.784610 20.500000 21.650635 8
17.000000 22.516660 18.000000 22.516660 8
18.500000 21.650635 18.000000 22.516660 8
19.500000 23.382686 20.500000 23.382686 8
20.000000 22.516660 20.500000 23.382686 8
18.000000 20.784610 17.500000 21.650635 8
20.000000 20.784610 19.500000 21.650635 8
20.000000 19.052559 20.500000 19.918584 8
18.500000 23.382686 19.500000 23.382686 8
21.500000 19.918584 22.000000 20.784610 8
20.500000 19.918584 21.500000 19.918584 8
19.000000 20.784610 20.000000 20.784610 8
19.500000 21.650635 19.000000 22.516660 8
20.000000 22.516660 21.000000 22.516660 8
17.500000 21.650635 17.000000 22.516660 8
20.000000 22.516660 19.500000 23.382686 8
19.500000 19.918584 20.000000 20.784610 8
19.000000 22.516660 20.000000 22.516660 8
20.500000 19.918584 21.000000 20.784610 8
19.500000 23.382686 19.000000 24.248711 8
21.000000 20.784610 20.500000 21.650635 8
19.000000 20.784610 19.500000 21.650635 8
19.500000 19.918584 20.500000 19.918584 8
17.500000 21.650635 18.500000 21.650635 8
18.500000 21.650635 19.500000 21.650635 8
21.000000 20.784610 22.000000 20.784610 8
19.000000 20.784610 18.500000 21.650635 8
18.000000 20.784610 19.000000 20.784610 8
19.000000 19.052559 20.000000 19.052559 8
21.500000 21.650635 21.000000 22.516660 8
19.000000 19.052559 19.500000 19.918584 8
20.500000 21.650635 21.500000 21.650635 8
20.000000 19.052559 19.500000 19.918584 8
17.500000 21.650635 18.000000 22.516660 8
19.000000 24.248711 20.000000 24.248711 8
25.000000 15.588457 24.500000 16.454483 9
23.500000 16.454483 24.500000 16.454483 9
23.500000 16.454483 24.000000 17.320508 9
24.500000 16.454483 25.500000 16.454483 9
24.000000 17.320508 25.000000 17.320508 9
25.000000 15.588457 26.000000 15.588457 9
24.500000 16.454483 25.000000 17.320508 9
26.000000 15.588457 25.500000 16.454483 9
25.000000 15.588457 25.500000 16.454483 9
24.500000 16.454483 24.000000 17.320508 9
25.500000 16.454483 25.000000 17.320508 9
34.500000 6.062178 34.000000 6.928203 10
25.500000 23.382686 25.000000 24.248711 11
11.500000 7.794229 12.500000 7.794229 12
29.500000 25.114737 29.000000 25.980762 13
30.000000 24.248711 29.500000 25.114737 13
28.500000 25.114737 29.000000 25.980762 13
29.000000 25.980762 30.000000 25.980762 13
29.000000 24.248711 28.500000 25.114737 13
29.000000 24.248711 30.000000 24.248711 13
28.500000 25.114737 29.500000 25.114737 13
29.500000 25.114737 30.000000 25.980762 13
29.000000 24.248711 29.500000 25.114737 13
18.500000 14.722432 19.000000 15.588457 14
18.500000 14.722432 18.000000 15.588457 14
20.000000 13.856406 19.500000 14.722432 14
19.500000 14.722432 19.000000 15.588457 14
19.000000 13.856406 18.500000 14.722432 14
18.000000 15.588457 19.000000 15.588457 14
19.000000 13.856406 20.000000 13.856406 14
18.500000 14.722432 19.500000 14.722432 14
19.000000 13.856406 19.500000 14.722432 14
9.000000 15.588457 40.500000 16.454483 15
42.000000 19.052559 11.000000 19.052559 15
40.500000 16.454483 40.000000 17.320508 15
41.000000 17.320508 40.500000 18.186533 15
9.000000 15.588457 10.000000 15.588457 15
10.500000 16.454483 10.000000 17.320508 15
40.500000 18.186533 41.500000 18.186533 15
10.000000 15.588457 9.500000 16.454483 15
11.000000 15.588457 10.500000 16.454483 15
10.000000 17.320508 41.500000 18.186533 15
9.500000 16.454483 41.000000 17.320508 15
10.000000 15.588457 10.500000 16.454483 15
11.500000 18.186533 11.000000 19.052559 15
41.000000 19.052559 42.000000 19.052559 15
40.000000 17.320508 40.500000 18.186533 15
40.500000 18.186533 41.000000 19.052559 15
9.000000 15.588457 9.500000 16.454483 15
10.500000 18.186533 11.500000 18.186533 15
41.000000 17.320508 41.500000 18.186533 15
11.000000 17.320508 11.500000 18.186533 15
10.500000 18.186533 11.000000 19.052559 15
40.500000 16.454483 9.500000 16.454483 15
41.500000 18.186533 42.000000 19.052559 15
9.500000 16.454483 10.000000 17.320508 15
10.500000 16.454483 11.000000 17.320508 15
41.500000 18.186533 41.000000 19.052559 15
10.000000 17.320508 10.500000 18.186533 15
10.500000 18.186533 42.000000 19.052559 15
10.000000 17.320508 11.000000 17.320508 15
10.000000 15.588457 11.000000 15.588457 15
40.000000 17.320508 41.000000 17.320508 15
10.000000 6.928203 10.500000 7.794229 16
10.500000 7.794229 11.500000 7.794229 16
10.000000 6.928203 11.000000 6.928203 16
11.000000 6.928203 10.500000 7.794229 16
11.000000 6.928203 11.500000 7.794229 16
33.000000 15.588457 32.500000 16.454483 17
11.000000 12.124356 10.500000 12.990381 18
12.000000 6.928203 13.000000 6.928203 19
13.000000 6.928203 12.500000 7.794229 19
12.000000 6.928203 12.500000 7.794229 19
38.000000 20.784610 37.500000 21.650635 20
38.000000 19.052559 39.000000 19.052559 20
37.500000 19.918584 38.000000 20.784610 20
37.000000 20.784610 36.500000 21.650635 20
38.000000 19.052559 37.500000 19.918584 20
36.500000 19.918584 37.000000 20.784610 20
37.500000 19.918584 38.500000 19.918584 20
37.000000 19.052559 38.000000 19.052559 20
37.000000 20.784610 38.000000 20.784610 20
37.500000 19.918584 37.000000 20.784610 20
35.500000 21.650635 36.500000 21.650635 20
36.500000 19.918584 36.000000 20.784610 20
37.000000 19.052559 36.500000 19.918584 20
36.000000 20.784610 36.500000 21.650635 20
36.000000 20.784610 37.000000 20.784610 20
39.000000 19.052559 38.500000 19.918584 20
38.000000 19.052559 38.500000 19.918584 20
37.000000 19.052559 37.500000 19.918584 20
36.000000 20.784610 35.500000 21.650635 20
37.000000 20.784610 37.500000 21.650635 20
38.500000 19.918584 38.000000 20.784610 20
45.500000 26.846788 29.000000 0.000000 21
44.500000 26.846788 29.000000 0.000000 21
44.500000 26.846788 45.500000 26.846788 21
8.000000 6.928203 7.500000 7.794229 22
32.000000 19.052559 32.500000 19.918584 23
31.500000 19.918584 32.500000 19.918584 23
32.000000 19.052559 31.500000 19.918584 23
10.000000 8.660254 11.000000 8.660254 24
10.500000 9.526279 11.500000 9.526279 24
10.500000 7.794229 10.000000 8.660254 24
10.000000 8.660254 10.500000 9.526279 24
11.000000 8.660254 11.500000 9.526279 24
11.500000 9.526279 11.000000 10.392305 24
11.000000 8.660254 10.500000 9.526279 24
9.500000 7.794229 10.500000 7.794229 24
9.500000 7.794229 10.000000 8.660254 24
10.500000 9.526279 11.000000 10.392305 24
10.500000 7.794229 11.000000 8.660254 24
28.500000 19.918584 28.000000 20.784610 25
27.500000 19.918584 28.500000 19.918584 25
27.500000 19.918584 28.000000 20.784610 25
23.500000 18.186533 24.500000 18.186533 26
19.000000 3.464102 18.500000 4.330127 27
26.500000 4.330127 27.500000 4.330127 28
28.500000 6.062178 29.500000 6.062178 29
27.500000 6.062178 28.500000 6.062178 29
27.500000 4.330127 27.000000 5.196152 29
28.000000 5.196152 29.000000 5.196152 29
29.000000 5.196152 29.500000 6.062178 29
27.500000 4.330127 28.000000 5.196152 29
27.000000 5.196152 28.000000 5.196152 29
28.000000 5.196152 28.500000 6.062178 29
29.000000 5.196152 28.500000 6.062178 29
27.000000 5.196152 27.500000 6.062178 29
28.000000 5.196152 27.500000 6.062178 29
32.000000 1.732051 31.500000 2.598076 30
39.500000 21.650635 39.000000 22.516660 31
38.500000 21.650635 39.000000 22.516660 31
38.500000 21.650635 39.500000 21.650635 31
33.500000 23.382686 34.500000 23.382686 32
18.000000 5.196152 18.500000 6.062178 33
18.500000 6.062178 18.000000 6.928203 33
17.500000 6.062178 18.000000 6.928203 33
18.500000 6.062178 19.500000 6.062178 33
19.000000 5.196152 18.500000 6.062178 33
18.500000 6.062178 19.000000 6.928203 33
18.000000 5.196152 17.500000 6.062178 33
18.500000 4.330127 18.000000 5.196152 33
18.500000 4.330127 19.000000 5.196152 33
19.500000 6.062178 19.000000 6.928203 33
18.000000 5.196152 19.000000 5.196152 33
17.500000 6.062178 18.500000 6.062178 33
19.000000 5.196152 19.500000 6.062178 33
12.500000 4.330127 13.500000 4.330127 34
14.000000 3.464102 14.500000 4.330127 34
13.500000 4.330127 14.500000 4.330127 34
13.000000 3.464102 12.500000 4.330127 34
13.000000 3.464102 14.000000 3.464102 34
13.000000 3.464102 13.500000 4.330127 34
14.000000 3.464102 13.500000 4.330127 34
16.000000 22.516660 17.000000 22.516660 35
9.500000 2.598076 10.000000 3.464102 36
9.500000 2.598076 9.000000 3.464102 36
9.000000 3.464102 10.000000 3.464102 36
4.000000 1.732051 5.000000 1.732051 37
4.500000 0.866025 5.500000 0.866025 37
5.000000 1.732051 6.000000 1.732051 37
5.500000 0.866025 5.000000 1.732051 37
4.500000 0.866025 5.000000 1.732051 37
4.500000 0.866025 4.000000 1.732051 37
5.500000 0.866025 6.000000 1.732051 37
29.500000 26.846788 30.500000 26.846788 38
14.000000 0.000000 15.000000 0.000000 38
30.500000 26.846788 14.000000 0.000000 38
29.500000 26.846788 14.000000 0.000000 38
30.500000 26.846788 15.000000 0.000000 38
19.000000 12.124356 18.500000 12.990381 39
24.000000 5.196152 23.500000 6.062178 40
24.000000 5.196152 24.500000 6.062178 40
23.000000 5.196152 23.500000 6.062178 40
23.500000 6.062178 24.500000 6.062178 40
23.500000 4.330127 24.000000 5.196152 40
23.000000 5.196152 24.000000 5.196152 40
23.500000 4.330127 23.000000 5.196152 40
33.500000 9.526279 34.500000 9.526279 41
34.000000 8.660254 33.500000 9.526279 41
34.000000 8.660254 35.000000 8.660254 41
35.000000 8.660254 34.500000 9.526279 41
34.000000 8.660254 34.500000 9.526279 41
20.000000 0.000000 20.500000 0.866025 42
20.000000 0.000000 21.000000 0.000000 42
21.500000 0.866025 21.000000 1.732051 42
20.500000 0.866025 21.000000 1.732051 42
20.500000 0.866025 21.500000 0.866025 42
21.000000 0.000000 21.500000 0.866025 42
21.000000 0.000000 20.500000 0.866025 42
30.000000 1.732051 31.000000 1.732051 43
28.000000 8.660254 28.500000 9.526279 44
15.000000 1.732051 15.500000 2.598076 45
31.000000 22.516660 31.500000 23.382686 46
30.000000 24.248711 31.000000 24.248711 46
30.500000 23.382686 30.000000 24.248711 46
31.500000 23.382686 31.000000 24.248711 46
30.500000 23.382686 31.500000 23.382686 46
31.500000 23.382686 32.000000 24.248711 46
30.500000 23.382686 31.000000 24.248711 46
31.000000 24.248711 32.000000 24.248711 46
31.000000 22.516660 30.500000 23.382686 46
4.500000 4.330127 4.000000 5.196152 47
5.000000 8.660254 6.000000 8.660254 48
6.000000 8.660254 5.500000 9.526279 48
5.000000 8.660254 5.500000 9.526279 48
15.000000 15.588457 14.500000 16.454483 49
5.000000 0.000000 6.000000 0.000000 50
5.000000 0.000000 5.500000 0.866025 50
6.000000 0.000000 5.500000 0.866025 50
31.000000 17.320508 32.000000 17.320508 51
31.500000 2.598076 31.000000 3.464102 52
14.000000 19.052559 13.500000 19.918584 53
4.000000 6.928203 35.500000 7.794229 54
4.000000 6.928203 4.500000 7.794229 54
35.500000 7.794229 4.500000 7.794229 54
35.000000 6.928203 4.000000 6.928203 54
35.000000 6.928203 35.500000 7.794229 54
31.000000 10.392305 30.500000 11.258330 55
28.000000 1.732051 29.000000 1.732051 56
37.500000 18.186533 38.500000 18.186533 57
29.500000 14.722432 30.000000 15.588457 58
25.500000 7.794229 25.000000 8.660254 59
24.500000 7.794229 25.500000 7.794229 59
24.500000 7.794229 25.000000 8.660254 59
12.500000 4.330127 13.000000 5.196152 60
14.000000 8.660254 14.500000 9.526279 61
4.500000 7.794229 5.500000 7.794229 62
16.000000 6.928203 17.000000 6.928203 63
16.500000 6.062178 17.000000 6.928203 63
17.000000 6.928203 16.500000 7.794229 63
16.500000 6.062178 16.000000 6.928203 63
16.000000 6.928203 16.500000 7.794229 63
26.500000 19.918584 27.500000 19.918584 64
27.000000 19.052559 26.500000 19.918584 64
27.000000 19.052559 27.500000 19.918584 64
13.000000 17.320508 13.500000 18.186533 65
36.500000 12.990381 37.000000 13.856406 66
37.000000 12.124356 37.500000 12.990381 66
37.000000 12.124356 36.500000 12.990381 66
37.500000 12.990381 37.000000 13.856406 66
36.500000 12.990381 37.500000 12.990381 66
32.000000 8.660254 31.500000 9.526279 67
31.500000 7.794229 32.000000 8.660254 67
31.000000 8.660254 31.500000 9.526279 67
31.500000 7.794229 31.000000 8.660254 67
31.000000 8.660254 32.000000 8.660254 67
1.000000 1.732051 2.000000 1.732051 68
1.000000 1.732051 32.500000 2.598076 68
32.500000 2.598076 1.500000 2.598076 68
32.000000 1.732051 1.000000 1.732051 68
1.500000 0.866025 1.000000 1.732051 68
2.000000 1.732051 1.500000 2.598076 68
1.500000 0.866025 2.000000 1.732051 68
1.000000 1.732051 1.500000 2.598076 68
32.000000 1.732051 32.500000 2.598076 68
0.500000 0.866025 32.000000 1.732051 68
0.500000 0.866025 1.000000 1.732051 68
18.500000 16.454483 19.500000 16.454483 69
19.500000 9.526279 20.000000 10.392305 70
19.000000 10.392305 20.000000 10.392305 70
19.500000 9.526279 19.000000 10.392305 70
26.500000 6.062178 27.000000 6.928203 71
14.000000 20.784610 14.500000 21.650635 72
13.500000 21.650635 14.500000 21.650635 72
14.000000 20.784610 13.500000 21.650635 72
11.500000 2.598076 12.500000 2.598076 73
42.500000 19.918584 11.500000 19.918584 74
42.500000 19.918584 43.000000 20.784610 74
11.500000 19.918584 43.000000 20.784610 74
18.500000 7.794229 19.000000 8.660254 75
22.000000 3.464102 21.500000 4.330127 76
21.500000 4.330127 22.500000 4.330127 76
22.000000 3.464102 22.500000 4.330127 76
28.000000 10.392305 29.000000 10.392305 77
28.000000 10.392305 28.500000 11.258330 77
29.000000 10.392305 28.500000 11.258330 77
24.500000 26.846788 8.000000 0.000000 78
29.500000 2.598076 29.000000 3.464102 79
28.500000 2.598076 29.000000 3.464102 79
28.500000 2.598076 29.500000 2.598076 79
12.000000 15.588457 11.500000 16.454483 80
12.000000 17.320508 13.000000 17.320508 80
12.500000 16.454483 12.000000 17.320508 80
12.500000 16.454483 13.000000 17.320508 80
12.000000 15.588457 12.500000 16.454483 80
13.000000 17.320508 14.000000 17.320508 80
13.500000 16.454483 13.000000 17.320508 80
11.500000 16.454483 12.500000 16.454483 80
13.500000 16.454483 14.000000 17.320508 80
12.500000 16.454483 13.500000 16.454483 80
11.500000 16.454483 12.000000 17.320508 80
25.000000 20.784610 24.500000 21.650635 81
29.000000 10.392305 30.000000 10.392305 82
6.500000 7.794229 7.000000 8.660254 83
16.500000 2.598076 16.000000 3.464102 84
35.500000 11.258330 35.000000 12.124356 85
35.500000 11.258330 36.000000 12.124356 85
35.000000 12.124356 36.000000 12.124356 85
28.500000 4.330127 29.000000 5.196152 86
37.000000 15.588457 36.500000 16.454483 87
36.500000 16.454483 37.500000 16.454483 87
38.000000 15.588457 38.500000 16.454483 87
37.500000 16.454483 38.500000 16.454483 87
37.000000 15.588457 38.000000 15.588457 87
37.000000 15.588457 37.500000 16.454483 87
38.000000 15.588457 37.500000 16.454483 87
15.000000 8.660254 14.500000 9.526279 88
12.000000 15.588457 13.000000 15.588457 89
43.500000 26.846788 44.500000 26.846788 90
33.500000 19.918584 34.500000 19.918584 91
34.500000 19.918584 34.000000 20.784610 91
34.000000 20.784610 33.500000 21.650635 91
33.500000 19.918584 34.000000 20.784610 91
33.000000 20.784610 34.000000 20.784610 91
33.000000 20.784610 33.500000 21.650635 91
33.500000 19.918584 33.000000 20.784610 91
9.000000 13.856406 9.500000 14.722432 92
3.500000 6.062178 4.500000 6.062178 93
32.500000 16.454483 32.000000 17.320508 94
15.000000 8.660254 16.000000 8.660254 95
15.500000 7.794229 15.000000 8.660254 95
15.500000 7.794229 16.000000 8.660254 95
21.000000 24.248711 21.500000 25.114737 96
20.500000 25.114737 21.500000 25.114737 96
21.000000 25.980762 20.500000 26.846788 96
21.000000 24.248711 20.500000 25.114737 96
19.500000 25.114737 20.000000 25.980762 96
20.000000 24.248711 21.000000 24.248711 96
20.000000 24.248711 19.500000 25.114737 96
20.000000 25.980762 21.000000 25.980762 96
21.500000 25.114737 21.000000 25.980762 96
20.500000 25.114737 21.000000 25.980762 96
20.000000 25.980762 20.500000 26.846788 96
19.500000 25.114737 20.500000 25.114737 96
20.000000 24.248711 20.500000 25.114737 96
10.500000 14.722432 11.000000 15.588457 97
23.500000 14.722432 24.000000 15.588457 98
40.500000 21.650635 41.500000 21.650635 99
41.000000 20.784610 41.500000 21.650635 99
41.000000 20.784610 40.500000 21.650635 99
4.000000 3.464102 3.500000 4.330127 100
16.000000 22.516660 15.500000 23.382686 101
28.000000 0.000000 28.500000 0.866025 102
15.000000 19.052559 15.500000 19.918584 103
30.000000 8.660254 31.000000 8.660254 104
17.000000 15.588457 17.500000 16.454483 105
15.000000 24.248711 14.500000 25.114737 106
14.000000 24.248711 15.000000 24.248711 106
14.500000 25.114737 15.500000 25.114737 106
14.500000 23.382686 14.000000 24.248711 106
14.500000 23.382686 15.000000 24.248711 106
15.000000 24.248711 15.500000 25.114737 106
14.000000 24.248711 14.500000 25.114737 106
17.000000 17.320508 16.500000 18.186533 107
16.500000 18.186533 17.500000 18.186533 107
17.000000 17.320508 17.500000 18.186533 107
27.500000 0.866025 28.500000 0.866025 108
28.500000 0.866025 28.000000 1.732051 108
27.500000 0.866025 28.000000 1.732051 108
4.000000 0.000000 3.500000 0.866025 109
4.000000 0.000000 4.500000 0.866025 109
3.500000 0.866025 4.500000 0.866025 109
29.500000 0.866025 30.000000 1.732051 110
21.500000 0.866025 22.000000 1.732051 111
41.000000 25.980762 40.500000 26.846788 112
37.500000 11.258330 38.000000 12.124356 113
37.500000 11.258330 37.000000 12.124356 113
37.500000 11.258330 6.500000 11.258330 113
37.000000 12.124356 38.000000 12.124356 113
6.500000 11.258330 38.000000 12.124356 113
34.500000 9.526279 35.000000 10.392305 114
37.500000 25.114737 38.500000 25.114737 115
38.500000 25.114737 38.000000 25.980762 115
37.500000 25.114737 38.000000 25.980762 115
18.500000 25.114737 18.000000 25.980762 116
34.500000 19.918584 35.500000 19.918584 117
34.500000 19.918584 35.000000 20.784610 117
35.500000 19.918584 35.000000 20.784610 117
14.000000 6.928203 15.000000 6.928203 118
33.000000 13.856406 34.000000 13.856406 119
34.500000 12.990381 34.000000 13.856406 119
33.500000 12.990381 34.000000 13.856406 119
34.000000 12.124356 34.500000 12.990381 119
33.500000 12.990381 33.000000 13.856406 119
34.000000 12.124356 33.500000 12.990381 119
33.500000 12.990381 34.500000 12.990381 119
30.000000 20.784610 30.500000 21.650635 120
32.000000 24.248711 32.500000 25.114737 121
39.500000 18.186533 39.000000 19.052559 122
21.000000 3.464102 22.000000 3.464102 123
21.500000 2.598076 21.000000 3.464102 123
21.500000 2.598076 22.000000 3.464102 123
20.500000 16.454483 21.500000 16.454483 124
20.000000 15.588457 20.500000 16.454483 124
21.500000 16.454483 21.000000 17.320508 124
20.500000 16.454483 21.000000 17.320508 124
21.000000 15.588457 20.500000 16.454483 124
20.000000 15.588457 21.000000 15.588457 124
21.000000 15.588457 21.500000 16.454483 124
7.500000 6.062178 8.500000 6.062178 125
10.000000 5.196152 9.500000 6.062178 125
8.500000 4.330127 8.000000 5.196152 125
9.500000 4.330127 9.000000 5.196152 125
7.500000 4.330127 8.500000 4.330127 125
7.500000 4.330127 8.000000 5.196152 125
8.500000 4.330127 9.000000 5.196152 125
10.500000 4.330127 10.000000 5.196152 125
9.500000 4.330127 10.500000 4.330127 125
10.500000 4.330127 11.000000 5.196152 125
8.500000 4.330127 9.500000 4.330127 125
8.000000 5.196152 9.000000 5.196152 125
8.000000 5.196152 8.500000 6.062178 125
8.000000 5.196152 7.500000 6.062178 125
10.000000 5.196152 11.000000 5.196152 125
9.000000 5.196152 10.000000 5.196152 125
8.500000 6.062178 9.500000 6.062178 125
9.000000 5.196152 9.500000 6.062178 125
9.000000 5.196152 8.500000 6.062178 125
9.500000 4.330127 10.000000 5.196152 125
26.000000 13.856406 25.500000 14.722432 126
25.500000 14.722432 26.500000 14.722432 126
26.000000 13.856406 26.500000 14.722432 126
35.000000 8.660254 35.500000 9.526279 127
16.000000 3.464102 16.500000 4.330127 128
16.000000 3.464102 17.000000 3.464102 128
17.000000 3.464102 16.500000 4.330127 128
20.000000 12.124356 21.000000 12.124356 129
16.500000 14.722432 16.000000 15.588457 130
25.500000 19.918584 26.500000 19.918584 131
25.500000 19.918584 26.000000 20.784610 131
26.500000 19.918584 26.000000 20.784610 131
26.500000 19.918584 27.000000 20.784610 131
26.000000 20.784610 27.000000 20.784610 131
41.500000 21.650635 41.000000 22.516660 132
41.500000 21.650635 42.000000 22.516660 132
41.000000 22.516660 42.000000 22.516660 132
9.500000 12.990381 10.000000 13.856406 133
9.500000 12.990381 9.000000 13.856406 133
9.000000 13.856406 10.000000 13.856406 133
4.500000 7.794229 5.000000 8.660254 134
4.500000 7.794229 36.000000 8.660254 134
36.000000 8.660254 5.000000 8.660254 134
36.000000 13.856406 36.500000 14.722432 135
35.500000 14.722432 36.500000 14.722432 135
36.000000 13.856406 35.500000 14.722432 135
23.000000 17.320508 24.000000 17.320508 136
20.000000 25.980762 19.500000 26.846788 137
19.000000 25.980762 19.500000 26.846788 137
19.000000 25.980762 20.000000 25.980762 137
18.000000 10.392305 17.500000 11.258330 138
34.500000 23.382686 35.000000 24.248711 139
17.500000 18.186533 17.000000 19.052559 140
29.500000 7.794229 29.000000 8.660254 141
32.500000 4.330127 32.000000 5.196152 142
25.500000 2.598076 25.000000 3.464102 143
25.500000 2.598076 26.000000 3.464102 143
25.000000 3.464102 25.500000 4.330127 143
25.500000 2.598076 26.500000 2.598076 143
25.500000 4.330127 25.000000 5.196152 143
24.500000 4.330127 25.500000 4.330127 143
26.500000 2.598076 26.000000 3.464102 143
24.500000 4.330127 25.000000 5.196152 143
26.000000 3.464102 25.500000 4.330127 143
25.000000 3.464102 26.000000 3.464102 143
25.000000 3.464102 24.500000 4.330127 143
12.000000 3.464102 12.500000 4.330127 144
26.000000 8.660254 27.000000 8.660254 145
39.500000 23.382686 39.000000 24.248711 146
38.500000 23.382686 39.000000 24.248711 146
39.000000 22.516660 39.500000 23.382686 146
38.500000 23.382686 39.500000 23.382686 146
39.500000 23.382686 40.000000 24.248711 146
39.000000 22.516660 38.500000 23.382686 146
39.000000 24.248711 40.000000 24.248711 146
32.500000 19.918584 32.000000 20.784610 147
32.000000 20.784610 33.000000 20.784610 147
32.500000 19.918584 33.000000 20.784610 147
15.000000 17.320508 14.500000 18.186533 148
14.000000 17.320508 14.500000 18.186533 148
14.000000 17.320508 15.000000 17.320508 148
13.000000 0.000000 12.500000 0.866025 149
8.000000 3.464102 9.000000 3.464102 150
11.500000 6.062178 12.500000 6.062178 151
0.000000 0.000000 31.500000 0.866025 152
37.500000 21.650635 38.000000 22.516660 153
22.500000 26.846788 7.000000 0.000000 154
23.500000 26.846788 7.000000 0.000000 154
23.500000 26.846788 8.000000 0.000000 154
7.500000 0.866025 8.000000 1.732051 154
8.000000 0.000000 8.500000 0.866025 154
7.500000 0.866025 8.500000 0.866025 154
8.500000 0.866025 8.000000 1.732051 154
7.000000 0.000000 8.000000 0.000000 154
22.500000 26.846788 23.500000 26.846788 154
8.000000 0.000000 7.500000 0.866025 154
6.500000 0.866025 7.500000 0.866025 154
7.000000 0.000000 7.500000 0.866025 154
7.000000 0.000000 6.500000 0.866025 154
25.000000 1.732051 26.000000 1.732051 155
26.000000 1.732051 25.500000 2.598076 155
25.000000 1.732051 25.500000 2.598076 155
38.500000 14.722432 38.000000 15.588457 156
39.500000 14.722432 39.000000 15.588457 156
38.500000 14.722432 39.500000 14.722432 156
38.500000 14.722432 39.000000 15.588457 156
38.000000 15.588457 39.000000 15.588457 156
19.500000 6.062178 20.500000 6.062178 157
20.000000 5.196152 20.500000 6.062178 157
20.000000 5.196152 19.500000 6.062178 157
7.000000 12.124356 38.500000 12.990381 158
16.000000 20.784610 15.500000 21.650635 159
9.000000 1.732051 9.500000 2.598076 160
13.500000 7.794229 13.000000 8.660254 161
12.500000 7.794229 13.000000 8.660254 161
12.500000 7.794229 13.500000 7.794229 161
33.000000 6.928203 33.500000 7.794229 162
33.000000 6.928203 34.000000 6.928203 162
34.000000 6.928203 33.500000 7.794229 162
8.500000 12.990381 9.000000 13.856406 163
24.000000 24.248711 25.000000 24.248711 164
25.000000 24.248711 24.500000 25.114737 164
24.000000 24.248711 24.500000 25.114737 164
24.500000 25.114737 25.500000 25.114737 164
25.000000 24.248711 25.500000 25.114737 164
27.500000 23.382686 28.000000 24.248711 165
27.500000 23.382686 27.000000 24.248711 165
27.500000 25.114737 28.500000 25.114737 165
28.000000 24.248711 27.500000 25.114737 165
28.000000 24.248711 28.500000 25.114737 165
27.000000 24.248711 27.500000 25.114737 165
27.000000 24.248711 28.000000 24.248711 165
21.500000 14.722432 21.000000 15.588457 166
21.500000 14.722432 22.000000 15.588457 166
21.000000 15.588457 22.000000 15.588457 166
35.000000 19.052559 35.500000 19.918584 167
35.500000 18.186533 36.000000 19.052559 167
35.500000 18.186533 35.000000 19.052559 167
36.000000 19.052559 35.500000 19.918584 167
35.000000 19.052559 36.000000 19.052559 167
17.000000 19.052559 18.000000 19.052559 168
16.000000 19.052559 17.000000 19.052559 168
16.500000 19.918584 17.500000 19.918584 168
16.000000 19.052559 16.500000 19.918584 168
17.000000 19.052559 17.500000 19.918584 168
18.000000 19.052559 17.500000 19.918584 168
17.000000 19.052559 16.500000 19.918584 168
16.500000 25.114737 17.000000 25.980762 169
13.000000 0.000000 13.500000 0.866025 170
41.500000 23.382686 42.000000 24.248711 171
42.000000 22.516660 42.500000 23.382686 171
41.500000 23.382686 42.500000 23.382686 171
42.500000 23.382686 42.000000 24.248711 171
42.000000 22.516660 41.500000 23.382686 171
27.000000 3.464102 26.500000 4.330127 172
3.000000 1.732051 4.000000 1.732051 173
18.000000 6.928203 18.500000 7.794229 174
20.500000 11.258330 20.000000 12.124356 175
19.500000 11.258330 19.000000 12.124356 175
19.500000 11.258330 20.500000 11.258330 175
19.500000 11.258330 20.000000 12.124356 175
19.000000 12.124356 20.000000 12.124356 175
22.500000 23.382686 22.000000 24.248711 176
22.000000 24.248711 23.000000 24.248711 176
22.500000 23.382686 23.000000 24.248711 176
31.000000 10.392305 31.500000 11.258330 177
22.500000 25.114737 22.000000 25.980762 178
35.000000 13.856406 34.500000 14.722432 179
35.000000 13.856406 35.500000 14.722432 179
34.500000 14.722432 35.500000 14.722432 179
28.000000 3.464102 27.500000 4.330127 180
18.000000 3.464102 18.500000 4.330127 181
32.000000 13.856406 31.500000 14.722432 182
18.500000 12.990381 19.500000 12.990381 183
14.500000 4.330127 15.500000 4.330127 184
15.000000 3.464102 15.500000 4.330127 184
15.000000 3.464102 14.500000 4.330127 184
15.500000 26.846788 0.000000 0.000000 185
4.500000 6.062178 5.500000 6.062178 186
43.000000 20.784610 43.500000 21.650635 187
33.000000 12.124356 32.500000 12.990381 188
28.000000 20.784610 28.500000 21.650635 189
27.500000 21.650635 28.000000 22.516660 189
28.000000 20.784610 27.500000 21.650635 189
27.000000 22.516660 28.000000 22.516660 189
27.500000 21.650635 28.500000 21.650635 189
27.500000 21.650635 27.000000 22.516660 189
28.500000 21.650635 28.000000 22.516660 189
32.500000 23.382686 33.500000 23.382686 190
33.000000 22.516660 32.500000 23.382686 190
33.000000 22.516660 33.500000 23.382686 190
26.000000 17.320508 26.500000 18.186533 191
26.000000 17.320508 25.500000 18.186533 191
25.500000 18.186533 26.500000 18.186533 191
19.000000 10.392305 18.500000 11.258330 192
9.500000 2.598076 10.500000 2.598076 193
31.000000 20.784610 31.500000 21.650635 194
32.500000 16.454483 33.000000 17.320508 195
32.500000 16.454483 33.500000 16.454483 195
33.500000 16.454483 33.000000 17.320508 195
11.000000 10.392305 11.500000 11.258330 196
11.000000 10.392305 10.500000 11.258330 196
9.500000 11.258330 10.000000 12.124356 196
11.500000 11.258330 12.000000 12.124356 196
10.500000 11.258330 11.500000 11.258330 196
10.500000 11.258330 10.000000 12.124356 196
11.500000 11.258330 11.000000 12.124356 196
12.000000 12.124356 11.500000 12.990381 196
11.000000 12.124356 11.500000 12.990381 196
12.000000 10.392305 11.500000 11.258330 196
9.500000 11.258330 10.500000 11.258330 196
11.000000 12.124356 12.000000 12.124356 196
10.000000 12.124356 11.000000 12.124356 196
10.500000 11.258330 11.000000 12.124356 196
11.000000 10.392305 12.000000 10.392305 196
36.500000 18.186533 37.500000 18.186533 197
37.500000 18.186533 37.000000 19.052559 197
36.500000 18.186533 37.000000 19.052559 197
17.500000 11.258330 18.000000 12.124356 198
17.500000 11.258330 18.500000 11.258330 198
18.500000 11.258330 18.000000 12.124356 198
17.500000 12.990381 17.000000 13.856406 199
38.000000 17.320508 37.500000 18.186533 200
9.500000 12.990381 10.500000 12.990381 201
29.500000 7.794229 30.000000 8.660254 202
33.500000 11.258330 34.000000 12.124356 203
34.000000 10.392305 33.500000 11.258330 203
34.500000 11.258330 34.000000 12.124356 203
34.000000 10.392305 34.500000 11.258330 203
33.500000 11.258330 34.500000 11.258330 203
35.000000 15.588457 34.500000 16.454483 204
34.000000 15.588457 35.000000 15.588457 204
34.500000 14.722432 34.000000 15.588457 204
34.500000 14.722432 35.000000 15.588457 204
34.000000 15.588457 34.500000 16.454483 204
5.000000 5.196152 5.500000 6.062178 205
12.500000 6.062178 12.000000 6.928203 206
16.500000 12.990381 17.000000 13.856406 207
14.500000 25.114737 46.000000 25.980762 208
16.500000 11.258330 17.500000 11.258330 209
10.500000 6.062178 11.500000 6.062178 210
11.000000 5.196152 11.500000 6.062178 210
11.000000 5.196152 10.500000 6.062178 210
34.500000 26.846788 35.500000 26.846788 211
35.000000 25.980762 34.500000 26.846788 211
35.000000 25.980762 35.500000 26.846788 211
37.000000 22.516660 37.500000 23.382686 212
32.000000 3.464102 33.000000 3.464102 213
32.500000 2.598076 32.000000 3.464102 213
32.500000 2.598076 33.000000 3.464102 213
32.500000 21.650635 33.500000 21.650635 214
25.500000 16.454483 26.000000 17.320508 215
6.500000 11.258330 7.500000 11.258330 216
29.500000 0.866025 29.000000 1.732051 217
4.000000 3.464102 4.500000 4.330127 218
21.000000 19.052559 22.000000 19.052559 219
22.000000 19.052559 21.500000 19.918584 219
21.000000 19.052559 21.500000 19.918584 219
21.500000 18.186533 21.000000 19.052559 219
21.500000 18.186533 22.000000 19.052559 219
10.500000 0.866025 10.000000 1.732051 220
28.500000 21.650635 29.500000 21.650635 221
29.000000 20.784610 29.500000 21.650635 221
29.000000 20.784610 28.500000 21.650635 221
25.500000 7.794229 26.500000 7.794229 222
15.000000 17.320508 15.500000 18.186533 223
13.500000 6.062178 14.500000 6.062178 224
14.000000 5.196152 13.500000 6.062178 224
14.000000 5.196152 14.500000 6.062178 224
35.500000 14.722432 36.000000 15.588457 225
33.000000 17.320508 32.500000 18.186533 226
32.500000 18.186533 33.000000 19.052559 226
33.000000 17.320508 33.500000 18.186533 226
32.500000 18.186533 32.000000 19.052559 226
33.500000 18.186533 33.000000 19.052559 226
32.500000 18.186533 33.500000 18.186533 226
32.000000 19.052559 33.000000 19.052559 226
20.000000 3.464102 20.500000 4.330127 227
19.500000 4.330127 20.500000 4.330127 227
20.000000 3.464102 19.500000 4.330127 227
31.500000 18.186533 31.000000 19.052559 228
30.500000 18.186533 31.500000 18.186533 228
30.500000 18.186533 31.000000 19.052559 228
14.000000 6.928203 13.500000 7.794229 229
16.000000 5.196152 15.500000 6.062178 230
38.000000 20.784610 38.500000 21.650635 231
15.000000 5.196152 16.000000 5.196152 232
19.000000 8.660254 18.500000 9.526279 233
24.000000 19.052559 25.000000 19.052559 234
21.500000 23.382686 21.000000 24.248711 235
24.500000 14.722432 25.000000 15.588457 236
24.500000 14.722432 25.500000 14.722432 236
25.500000 14.722432 25.000000 15.588457 236
3.000000 3.464102 4.000000 3.464102 237
19.000000 25.980762 18.500000 26.846788 238
40.000000 25.980762 39.500000 26.846788 239
26.500000 14.722432 27.000000 15.588457 240
27.500000 14.722432 27.000000 15.588457 240
26.500000 14.722432 27.500000 14.722432 240
30.000000 25.980762 31.000000 25.980762 241
42.000000 25.980762 42.500000 26.846788 242
42.000000 25.980762 43.000000 25.980762 242
43.000000 25.980762 42.500000 26.846788 242
25.000000 5.196152 26.000000 5.196152 243
13.000000 13.856406 14.000000 13.856406 244
13.000000 13.856406 13.500000 14.722432 244
12.500000 14.722432 13.500000 14.722432 244
14.000000 13.856406 13.500000 14.722432 244
13.000000 13.856406 12.500000 14.722432 244
34.000000 19.052559 33.500000 19.918584 245
33.000000 19.052559 34.000000 19.052559 245
33.000000 19.052559 33.500000 19.918584 245
33.500000 4.330127 2.500000 4.330127 246
2.500000 4.330127 34.000000 5.196152 246
33.500000 4.330127 34.000000 5.196152 246
18.500000 26.846788 2.000000 0.000000 247
18.500000 26.846788 3.000000 0.000000 247
2.000000 0.000000 3.000000 0.000000 247
38.000000 22.516660 37.500000 23.382686 248
37.500000 23.382686 38.500000 23.382686 248
38.000000 22.516660 38.500000 23.382686 248
36.000000 25.980762 35.500000 26.846788 249
36.000000 25.980762 36.500000 26.846788 249
35.500000 26.846788 36.500000 26.846788 249
29.500000 2.598076 30.500000 2.598076 250
16.000000 10.392305 17.000000 10.392305 251
16.500000 9.526279 17.000000 10.392305 251
15.500000 9.526279 16.500000 9.526279 251
16.500000 9.526279 16.000000 10.392305 251
15.500000 9.526279 16.000000 10.392305 251
18.000000 10.392305 19.000000 10.392305 252
24.500000 0.866025 25.000000 1.732051 253
17.500000 19.918584 18.500000 19.918584 254
24.000000 22.516660 23.500000 23.382686 255
12.000000 13.856406 11.500000 14.722432 256
15.500000 9.526279 15.000000 10.392305 257
12.000000 0.000000 11.500000 0.866025 258
11.500000 0.866025 12.500000 0.866025 258
12.000000 0.000000 12.500000 0.866025 258
5.500000 9.526279 37.000000 10.392305 259
36.500000 9.526279 5.500000 9.526279 259
36.500000 9.526279 37.000000 10.392305 259
37.500000 26.846788 38.500000 26.846788 260
38.000000 25.980762 37.500000 26.846788 260
38.000000 25.980762 38.500000 26.846788 260
30.000000 15.588457 31.000000 15.588457 261
25.000000 17.320508 25.500000 18.186533 262
35.500000 16.454483 36.500000 16.454483 263
36.000000 15.588457 36.500000 16.454483 263
36.000000 15.588457 35.500000 16.454483 263
45.000000 25.980762 44.500000 26.846788 264
37.500000 23.382686 38.000000 24.248711 265
20.000000 3.464102 21.000000 3.464102 266
5.500000 6.062178 6.000000 6.928203 267
5.500000 6.062178 5.000000 6.928203 267
5.000000 6.928203 6.000000 6.928203 267
37.500000 21.650635 37.000000 22.516660 268
17.500000 7.794229 17.000000 8.660254 269
30.000000 8.660254 30.500000 9.526279 270
30.500000 9.526279 30.000000 10.392305 270
29.500000 9.526279 30.000000 10.392305 270
29.500000 9.526279 30.500000 9.526279 270
30.000000 8.660254 29.500000 9.526279 270
30.500000 4.330127 31.500000 4.330127 271
31.000000 3.464102 30.500000 4.330127 271
31.000000 3.464102 31.500000 4.330127 271
26.500000 23.382686 26.000000 24.248711 272
16.500000 23.382686 17.500000 23.382686 273
17.500000 23.382686 17.000000 24.248711 273
16.500000 23.382686 17.000000 24.248711 273
8.000000 12.124356 9.000000 12.124356 274
8.000000 12.124356 8.500000 12.990381 274
9.000000 12.124356 8.500000 12.990381 274
5.500000 2.598076 5.000000 3.464102 275
5.000000 1.732051 4.500000 2.598076 275
5.500000 2.598076 6.000000 3.464102 275
4.500000 2.598076 5.000000 3.464102 275
5.000000 3.464102 6.000000 3.464102 275
5.000000 1.732051 5.500000 2.598076 275
4.500000 2.598076 5.500000 2.598076 275
34.000000 20.784610 34.500000 21.650635 276
3.500000 6.062178 4.000000 6.928203 277
46.500000 26.846788 30.000000 0.000000 278
35.000000 12.124356 35.500000 12.990381 279
34.500000 12.990381 35.000000 13.856406 279
35.000000 12.124356 34.500000 12.990381 279
34.500000 12.990381 35.500000 12.990381 279
35.500000 12.990381 35.000000 13.856406 279
28.500000 9.526279 28.000000 10.392305 280
43.000000 25.980762 44.000000 25.980762 281
23.000000 0.000000 24.000000 0.000000 282
39.500000 26.846788 23.000000 0.000000 282
39.500000 26.846788 24.000000 0.000000 282
22.500000 19.918584 22.000000 20.784610 283
34.500000 21.650635 35.500000 21.650635 284
19.500000 26.846788 4.000000 0.000000 285
11.000000 3.464102 11.500000 4.330127 286
33.500000 25.114737 34.000000 25.980762 287
27.500000 16.454483 28.500000 16.454483 288
8.500000 11.258330 9.500000 11.258330 289
29.500000 21.650635 30.500000 21.650635 290
41.500000 25.114737 41.000000 25.980762 291
35.000000 10.392305 36.000000 10.392305 292
35.500000 9.526279 35.000000 10.392305 293
18.000000 17.320508 19.000000 17.320508 294
17.500000 18.186533 18.500000 18.186533 294
18.000000 17.320508 18.500000 18.186533 294
18.000000 17.320508 17.500000 18.186533 294
19.000000 17.320508 18.500000 18.186533 294
27.500000 26.846788 11.000000 0.000000 295
25.000000 25.980762 25.500000 26.846788 295
9.000000 0.000000 10.000000 0.000000 295
26.500000 26.846788 10.000000 0.000000 295
25.000000 25.980762 26.000000 25.980762 295
26.000000 25.980762 25.500000 26.846788 295
26.500000 26.846788 11.000000 0.000000 295
26.000000 25.980762 26.500000 26.846788 295
27.000000 25.980762 27.500000 26.846788 295
26.000000 25.980762 27.000000 25.980762 295
25.500000 26.846788 10.000000 0.000000 295
26.500000 26.846788 27.500000 26.846788 295
25.500000 26.846788 9.000000 0.000000 295
25.500000 26.846788 26.500000 26.846788 295
10.000000 0.000000 11.000000 0.000000 295
31.000000 22.516660 32.000000 22.516660 296
30.500000 21.650635 31.500000 21.650635 296
30.500000 21.650635 31.000000 22.516660 296
31.500000 21.650635 32.000000 22.516660 296
31.500000 21.650635 31.000000 22.516660 296
17.000000 6.928203 18.000000 6.928203 297
5.500000 2.598076 6.500000 2.598076 298
9.000000 13.856406 8.500000 14.722432 299
23.500000 25.114737 24.000000 25.980762 300
23.500000 25.114737 24.500000 25.114737 300
24.500000 25.114737 24.000000 25.980762 300
28.500000 18.186533 29.500000 18.186533 301
15.500000 2.598076 15.000000 3.464102 302
28.500000 23.382686 29.500000 23.382686 303
20.000000 10.392305 20.500000 11.258330 304
21.000000 10.392305 20.500000 11.258330 304
20.000000 10.392305 21.000000 10.392305 304
14.000000 15.588457 13.500000 16.454483 305
14.500000 16.454483 14.000000 17.320508 306
34.000000 13.856406 33.500000 14.722432 307
25.000000 22.516660 24.500000 23.382686 308
14.000000 22.516660 13.500000 23.382686 309
14.000000 22.516660 14.500000 23.382686 309
13.000000 22.516660 14.000000 22.516660 309
13.000000 22.516660 13.500000 23.382686 309
13.500000 23.382686 14.500000 23.382686 309
15.500000 21.650635 16.000000 22.516660 310
16.000000 13.856406 15.500000 14.722432 311
15.500000 14.722432 16.500000 14.722432 311
16.000000 13.856406 16.500000 14.722432 311
16.000000 1.732051 16.500000 2.598076 312
34.500000 11.258330 35.500000 11.258330 313
6.000000 8.660254 6.500000 9.526279 314
39.500000 14.722432 40.000000 15.588457 315
8.500000 14.722432 40.000000 15.588457 315
39.500000 14.722432 8.500000 14.722432 315
29.000000 5.196152 30.000000 5.196152 316
32.000000 6.928203 31.500000 7.794229 317
32.000000 6.928203 32.500000 7.794229 317
31.500000 7.794229 32.500000 7.794229 317
11.000000 15.588457 12.000000 15.588457 318
14.000000 10.392305 13.500000 11.258330 319
13.000000 10.392305 14.000000 10.392305 319
13.500000 11.258330 14.500000 11.258330 319
14.000000 10.392305 14.500000 11.258330 319
13.000000 10.392305 13.500000 11.258330 319
8.500000 14.722432 9.000000 15.588457 320
44.000000 25.980762 45.000000 25.980762 321
13.000000 5.196152 12.500000 6.062178 322
12.000000 5.196152 12.500000 6.062178 322
12.000000 5.196152 13.000000 5.196152 322
40.000000 20.784610 39.500000 21.650635 323
40.000000 20.784610 40.500000 21.650635 323
39.500000 21.650635 40.500000 21.650635 323
22.000000 3.464102 23.000000 3.464102 324
28.000000 19.052559 28.500000 19.918584 325
36.500000 25.114737 37.000000 25.980762 326
15.500000 19.918584 15.000000 20.784610 327
33.500000 16.454483 34.000000 17.320508 328
34.500000 16.454483 34.000000 17.320508 328
33.500000 16.454483 34.500000 16.454483 328
31.500000 16.454483 31.000000 17.320508 329
31.000000 12.124356 31.500000 12.990381 330
16.000000 17.320508 16.500000 18.186533 331
15.500000 18.186533 16.500000 18.186533 331
16.000000 17.320508 15.500000 18.186533 331
26.500000 16.454483 26.000000 17.320508 332
25.000000 20.784610 26.000000 20.784610 333
21.500000 14.722432 22.500000 14.722432 334
22.000000 13.856406 21.500000 14.722432 334
22.000000 13.856406 22.500000 14.722432 334
9.000000 0.000000 9.500000 0.866025 335
8.500000 0.866025 9.500000 0.866025 335
9.000000 0.000000 8.500000 0.866025 335
17.500000 12.990381 18.500000 12.990381 336
18.500000 12.990381 18.000000 13.856406 336
17.500000 12.990381 18.000000 13.856406 336
28.500000 7.794229 29.000000 8.660254 337
10.500000 0.866025 11.500000 0.866025 338
11.500000 0.866025 11.000000 1.732051 338
10.500000 0.866025 11.000000 1.732051 338
16.000000 25.980762 17.000000 25.980762 339
17.000000 25.980762 16.500000 26.846788 339
16.000000 25.980762 16.500000 26.846788 339
15.500000 18.186533 16.000000 19.052559 340
15.500000 18.186533 15.000000 19.052559 340
15.000000 19.052559 16.000000 19.052559 340
46.500000 26.846788 31.000000 0.000000 341
10.500000 2.598076 11.500000 2.598076 342
30.000000 19.052559 29.500000 19.918584 343
29.000000 6.928203 30.000000 6.928203 344
3.000000 1.732051 2.500000 2.598076 345
3.500000 2.598076 3.000000 3.464102 345
2.000000 1.732051 2.500000 2.598076 345
3.000000 1.732051 3.500000 2.598076 345
2.500000 2.598076 2.000000 3.464102 345
2.000000 1.732051 3.000000 1.732051 345
2.000000 3.464102 3.000000 3.464102 345
2.500000 2.598076 3.500000 2.598076 345
2.500000 2.598076 3.000000 3.464102 345
30.000000 1.732051 29.500000 2.598076 346
29.000000 6.928203 28.500000 7.794229 347
30.000000 5.196152 31.000000 5.196152 348
30.500000 4.330127 30.000000 5.196152 348
30.500000 4.330127 31.000000 5.196152 348
18.000000 24.248711 17.500000 25.114737 349
13.000000 8.660254 14.000000 8.660254 350
23.500000 23.382686 23.000000 24.248711 351
23.500000 23.382686 24.000000 24.248711 351
23.000000 24.248711 24.000000 24.248711 351
35.500000 26.846788 19.000000 0.000000 352
13.500000 12.990381 14.000000 13.856406 353
38.500000 25.114737 39.500000 25.114737 354
38.500000 25.114737 39.000000 25.980762 354
39.500000 25.114737 39.000000 25.980762 354
12.500000 9.526279 13.500000 9.526279 355
13.000000 5.196152 13.500000 6.062178 356
26.500000 6.062178 26.000000 6.928203 357
6.500000 7.794229 6.000000 8.660254 358
36.000000 13.856406 37.000000 13.856406 359
33.000000 3.464102 33.500000 4.330127 360
33.000000 3.464102 32.500000 4.330127 360
32.500000 4.330127 33.500000 4.330127 360
46.000000 25.980762 15.000000 25.980762 361
27.000000 0.000000 26.500000 0.866025 362
32.000000 22.516660 33.000000 22.516660 363
14.500000 11.258330 15.000000 12.124356 364
31.000000 24.248711 31.500000 25.114737 365
11.000000 5.196152 12.000000 5.196152 366
25.000000 19.052559 24.500000 19.918584 367
11.000000 6.928203 12.000000 6.928203 368
16.000000 1.732051 15.500000 2.598076 369
24.000000 3.464102 24.500000 4.330127 370
24.000000 3.464102 23.500000 4.330127 370
23.500000 4.330127 24.500000 4.330127 370
14.500000 21.650635 15.500000 21.650635 371
15.500000 21.650635 15.000000 22.516660 371
14.500000 21.650635 15.000000 22.516660 371
25.500000 7.794229 26.000000 8.660254 372
27.500000 2.598076 28.000000 3.464102 373
38.000000 12.124356 38.500000 12.990381 374
38.000000 17.320508 39.000000 17.320508 375
15.000000 6.928203 15.500000 7.794229 376
23.500000 19.918584 24.500000 19.918584 377
9.500000 14.722432 9.000000 15.588457 378
14.500000 0.866025 15.500000 0.866025 379
22.000000 25.980762 21.500000 26.846788 380
9.000000 12.124356 10.000000 12.124356 381
16.500000 26.846788 0.000000 0.000000 382
18.000000 15.588457 18.500000 16.454483 383
39.000000 15.588457 39.500000 16.454483 384
38.500000 12.990381 7.500000 12.990381 385
27.500000 16.454483 27.000000 17.320508 386
15.500000 4.330127 16.000000 5.196152 387
21.500000 26.846788 6.000000 0.000000 388
32.000000 10.392305 33.000000 10.392305 389
19.500000 0.866025 20.500000 0.866025 390
36.500000 14.722432 37.000000 15.588457 391
17.000000 24.248711 16.500000 25.114737 392
27.000000 15.588457 27.500000 16.454483 393
16.000000 20.784610 16.500000 21.650635 394
3.000000 0.000000 2.500000 0.866025 395
11.000000 1.732051 10.500000 2.598076 396
32.000000 13.856406 32.500000 14.722432 397
16.000000 15.588457 17.000000 15.588457 398
16.000000 15.588457 16.500000 16.454483 398
17.000000 15.588457 16.500000 16.454483 398
24.500000 25.114737 25.000000 25.980762 399
21.500000 26.846788 22.500000 26.846788 400
40.500000 19.918584 41.000000 20.784610 401
13.500000 14.722432 14.000000 15.588457 402
15.500000 25.114737 16.000000 25.980762 403
10.000000 1.732051 10.500000 2.598076 404
5.500000 9.526279 6.000000 10.392305 405
35.500000 23.382686 36.000000 24.248711 406
36.000000 22.516660 36.500000 23.382686 406
36.000000 22.516660 35.500000 23.382686 406
35.500000 23.382686 36.500000 23.382686 406
36.500000 23.382686 36.000000 24.248711 406
15.500000 6.062178 15.000000 6.928203 407
14.500000 6.062178 15.000000 6.928203 407
14.500000 6.062178 15.500000 6.062178 407
28.500000 16.454483 29.500000 16.454483 408
29.000000 17.320508 29.500000 18.186533 408
29.500000 18.186533 30.500000 18.186533 408
29.000000 17.320508 30.000000 17.320508 408
30.000000 17.320508 29.500000 18.186533 408
29.500000 16.454483 29.000000 17.320508 408
29.500000 16.454483 30.000000 17.320508 408
30.000000 17.320508 30.500000 18.186533 408
28.500000 16.454483 29.000000 17.320508 408
7.000000 1.732051 7.500000 2.598076 409
36.500000 21.650635 36.000000 22.516660 410
6.500000 6.062178 7.000000 6.928203 411
7.500000 6.062178 8.000000 6.928203 411
7.000000 6.928203 8.000000 6.928203 411
7.500000 6.062178 7.000000 6.928203 411
6.500000 6.062178 7.500000 6.062178 411
32.500000 11.258330 32.000000 12.124356 412
32.000000 10.392305 32.500000 11.258330 412
31.500000 11.258330 32.500000 11.258330 412
32.000000 10.392305 31.500000 11.258330 412
31.500000 11.258330 32.000000 12.124356 412
17.000000 12.124356 16.500000 12.990381 413
25.000000 19.052559 26.000000 19.052559 414
34.500000 21.650635 34.000000 22.516660 415
34.500000 21.650635 35.000000 22.516660 415
34.000000 22.516660 35.000000 22.516660 415
31.500000 18.186533 32.500000 18.186533 416
32.000000 17.320508 31.500000 18.186533 416
32.000000 17.320508 32.500000 18.186533 416
13.000000 15.588457 14.000000 15.588457 417
22.000000 1.732051 22.500000 2.598076 418
22.500000 0.866025 23.000000 1.732051 418
23.000000 0.000000 23.500000 0.866025 418
22.500000 0.866025 23.500000 0.866025 418
22.000000 0.000000 23.000000 0.000000 418
23.500000 0.866025 23.000000 1.732051 418
22.000000 0.000000 22.500000 0.866025 418
22.000000 1.732051 23.000000 1.732051 418
23.000000 1.732051 22.500000 2.598076 418
23.000000 0.000000 22.500000 0.866025 418
22.500000 0.866025 22.000000 1.732051 418
22.500000 21.650635 23.500000 21.650635 419
16.000000 5.196152 16.500000 6.062178 420
42.000000 24.248711 41.500000 25.114737 421
41.500000 25.114737 42.500000 25.114737 421
42.000000 24.248711 42.500000 25.114737 421
41.500000 25.114737 42.000000 25.980762 421
42.500000 25.114737 42.000000 25.980762 421
6.000000 1.732051 6.500000 2.598076 422
5.000000 6.928203 5.500000 7.794229 423
40.000000 15.588457 39.500000 16.454483 424
40.000000 15.588457 40.500000 16.454483 424
39.500000 16.454483 40.500000 16.454483 424
40.500000 25.114737 41.500000 25.114737 425
29.000000 1.732051 29.500000 2.598076 426
26.500000 18.186533 27.500000 18.186533 427
32.500000 7.794229 33.500000 7.794229 428
25.000000 22.516660 25.500000 23.382686 429
15.000000 12.124356 15.500000 12.990381 430
16.000000 12.124356 15.500000 12.990381 430
15.000000 12.124356 16.000000 12.124356 430
31.000000 6.928203 30.500000 7.794229 431
29.000000 25.980762 28.500000 26.846788 432
29.000000 25.980762 29.500000 26.846788 432
28.500000 26.846788 29.500000 26.846788 432
31.500000 25.114737 32.500000 25.114737 433
30.500000 25.114737 31.000000 25.980762 434
31.500000 25.114737 31.000000 25.980762 434
30.500000 25.114737 31.500000 25.114737 434
29.000000 19.052559 29.500000 19.918584 435
29.000000 19.052559 28.500000 19.918584 435
28.500000 19.918584 29.000000 20.784610 435
29.500000 19.918584 29.000000 20.784610 435
28.500000 19.918584 29.500000 19.918584 435
28.500000 23.382686 29.000000 24.248711 436
19.000000 17.320508 20.000000 17.320508 437
5.500000 7.794229 6.000000 8.660254 438
45.000000 25.980762 46.000000 25.980762 439
23.000000 3.464102 23.500000 4.330127 440
12.500000 0.866025 13.000000 1.732051 441
22.000000 15.588457 22.500000 16.454483 442
20.500000 26.846788 5.000000 0.000000 443
20.500000 26.846788 4.000000 0.000000 443
4.000000 0.000000 5.000000 0.000000 443
23.000000 25.980762 24.000000 25.980762 444
24.000000 25.980762 23.500000 26.846788 444
23.000000 25.980762 23.500000 26.846788 444
24.000000 15.588457 24.500000 16.454483 445
10.500000 2.598076 11.000000 3.464102 446
27.000000 8.660254 28.000000 8.660254 447
27.000000 20.784610 26.500000 21.650635 448
14.500000 12.990381 15.500000 12.990381 449
15.500000 12.990381 15.000000 13.856406 449
14.500000 12.990381 15.000000 13.856406 449
29.000000 3.464102 28.500000 4.330127 450
17.000000 5.196152 17.500000 6.062178 451
15.000000 15.588457 15.500000 16.454483 452
34.500000 23.382686 35.500000 23.382686 453
21.500000 4.330127 22.000000 5.196152 454
43.500000 21.650635 43.000000 22.516660 455
43.500000 26.846788 27.000000 0.000000 456
42.500000 26.846788 43.500000 26.846788 456
42.500000 26.846788 27.000000 0.000000 456
27.500000 25.114737 28.000000 25.980762 457
26.500000 25.114737 27.500000 25.114737 457
26.500000 25.114737 27.000000 25.980762 457
27.500000 25.114737 27.000000 25.980762 457
27.000000 25.980762 28.000000 25.980762 457
26.500000 0.866025 27.500000 0.866025 458
18.500000 25.114737 19.000000 25.980762 459
38.500000 12.990381 39.000000 13.856406 460
34.000000 17.320508 33.500000 18.186533 461
34.000000 25.980762 33.500000 26.846788 462
18.000000 8.660254 18.500000 9.526279 463
24.500000 18.186533 25.500000 18.186533 464
28.500000 6.062178 28.000000 6.928203 465
25.500000 21.650635 26.500000 21.650635 466
45.000000 24.248711 45.500000 25.114737 467
44.500000 25.114737 45.500000 25.114737 467
45.000000 24.248711 44.500000 25.114737 467
25.500000 0.866025 25.000000 1.732051 468
13.500000 11.258330 13.000000 12.124356 469
13.500000 11.258330 14.000000 12.124356 469
13.000000 12.124356 14.000000 12.124356 469
33.000000 10.392305 34.000000 10.392305 470
13.000000 17.320508 12.500000 18.186533 471
20.500000 4.330127 21.500000 4.330127 472
12.000000 13.856406 12.500000 14.722432 473
37.500000 14.722432 38.000000 15.588457 474
22.000000 24.248711 21.500000 25.114737 475
26.500000 23.382686 27.500000 23.382686 476
36.500000 25.114737 37.500000 25.114737 477
37.000000 24.248711 36.500000 25.114737 477
37.000000 24.248711 37.500000 25.114737 477
40.000000 22.516660 41.000000 22.516660 478
24.500000 6.062178 25.500000 6.062178 479
17.500000 4.330127 18.000000 5.196152 480
30.500000 7.794229 31.500000 7.794229 481
7.500000 9.526279 8.500000 9.526279 482
12.500000 18.186533 12.000000 19.052559 483
27.500000 2.598076 27.000000 3.464102 484
30.500000 14.722432 31.000000 15.588457 485
19.500000 18.186533 20.000000 19.052559 486
36.000000 12.124356 36.500000 12.990381 487
25.500000 21.650635 25.000000 22.516660 488
16.500000 16.454483 17.000000 17.320508 489
16.000000 5.196152 17.000000 5.196152 490
40.000000 24.248711 41.000000 24.248711 491
30.500000 19.918584 31.000000 20.784610 492
32.000000 25.980762 31.500000 26.846788 493
15.000000 25.980762 46.500000 26.846788 494
7.000000 3.464102 8.000000 3.464102 495
32.000000 12.124356 32.500000 12.990381 496
31.500000 12.990381 31.000000 13.856406 497
37.500000 12.990381 38.500000 12.990381 498
27.500000 26.846788 28.500000 26.846788 499
28.500000 26.846788 12.000000 0.000000 499
27.500000 26.846788 12.000000 0.000000 499
15.500000 14.722432 15.000000 15.588457 500
15.500000 25.114737 15.000000 25.980762 501
34.500000 18.186533 34.000000 19.052559 502
34.000000 19.052559 35.000000 19.052559 502
34.500000 18.186533 35.000000 19.052559 502
28.500000 0.866025 29.500000 0.866025 503
27.500000 23.382686 28.500000 23.382686 504
8.500000 9.526279 9.000000 10.392305 505
8.500000 9.526279 9.500000 9.526279 505
9.500000 9.526279 9.000000 10.392305 505
32.000000 15.588457 31.500000 16.454483 506
36.000000 24.248711 37.000000 24.248711 507
39.000000 25.980762 39.500000 26.846788 508
6.000000 10.392305 7.000000 10.392305 509
22.500000 19.918584 23.000000 20.784610 510
21.000000 0.000000 22.000000 0.000000 511
10.000000 3.464102 11.000000 3.464102 512
10.000000 3.464102 10.500000 4.330127 512
11.000000 3.464102 10.500000 4.330127 512
19.500000 18.186533 20.500000 18.186533 513
27.000000 22.516660 26.500000 23.382686 514
28.000000 0.000000 29.000000 0.000000 515
35.000000 17.320508 35.500000 18.186533 516
32.500000 14.722432 33.500000 14.722432 517
32.500000 14.722432 33.000000 15.588457 517
33.500000 14.722432 33.000000 15.588457 517
6.500000 4.330127 7.000000 5.196152 518
26.500000 21.650635 27.000000 22.516660 519
14.500000 7.794229 14.000000 8.660254 520
14.500000 14.722432 15.000000 15.588457 521
14.000000 22.516660 15.000000 22.516660 522
15.000000 15.588457 16.000000 15.588457 523
30.000000 17.320508 31.000000 17.320508 524
24.500000 19.918584 25.500000 19.918584 525
37.000000 25.980762 38.000000 25.980762 526
14.500000 7.794229 15.500000 7.794229 527
7.000000 8.660254 8.000000 8.660254 528
33.000000 24.248711 34.000000 24.248711 529
33.500000 23.382686 33.000000 24.248711 529
33.500000 23.382686 34.000000 24.248711 529
12.000000 3.464102 11.500000 4.330127 530
24.000000 20.784610 23.500000 21.650635 531
23.500000 21.650635 24.500000 21.650635 531
24.000000 20.784610 24.500000 21.650635 531
17.500000 16.454483 18.500000 16.454483 532
27.000000 6.928203 26.500000 7.794229 533
27.500000 7.794229 27.000000 8.660254 533
26.500000 7.794229 27.000000 8.660254 533
26.500000 7.794229 27.500000 7.794229 533
27.000000 6.928203 27.500000 7.794229 533
42.500000 26.846788 26.000000 0.000000 534
8.500000 7.794229 9.500000 7.794229 535
9.000000 6.928203 9.500000 7.794229 535
9.000000 6.928203 8.500000 7.794229 535
17.000000 12.124356 17.500000 12.990381 536
16.500000 11.258330 16.000000 12.124356 537
26.000000 8.660254 25.500000 9.526279 538
9.500000 0.866025 9.000000 1.732051 539
7.500000 11.258330 8.500000 11.258330 540
8.000000 10.392305 8.500000 11.258330 540
7.000000 10.392305 8.000000 10.392305 540
8.000000 10.392305 7.500000 11.258330 540
7.000000 10.392305 7.500000 11.258330 540
25.500000 25.114737 26.000000 25.980762 541
11.500000 12.990381 11.000000 13.856406 542
26.000000 6.928203 25.500000 7.794229 543
23.500000 2.598076 24.000000 3.464102 544
14.000000 12.124356 15.000000 12.124356 545
19.000000 8.660254 20.000000 8.660254 546
22.000000 22.516660 23.000000 22.516660 547
43.500000 21.650635 12.500000 21.650635 548
6.500000 7.794229 7.500000 7.794229 549
6.500000 9.526279 7.000000 10.392305 550
27.000000 1.732051 28.000000 1.732051 551
37.000000 10.392305 37.500000 11.258330 552
4.000000 5.196152 4.500000 6.062178 553
40.000000 17.320508 39.500000 18.186533 554
30.500000 2.598076 30.000000 3.464102 555
30.000000 3.464102 31.000000 3.464102 555
30.500000 2.598076 31.000000 3.464102 555
17.500000 14.722432 18.000000 15.588457 556
19.500000 16.454483 20.500000 16.454483 557
18.000000 19.052559 19.000000 19.052559 558
36.000000 19.052559 36.500000 19.918584 559
17.000000 15.588457 18.000000 15.588457 560
15.500000 0.866025 16.500000 0.866025 561
17.000000 20.784610 17.500000 21.650635 562
16.500000 21.650635 17.500000 21.650635 562
17.000000 20.784610 16.500000 21.650635 562
18.000000 22.516660 17.500000 23.382686 563
31.500000 9.526279 32.000000 10.392305 564
41.500000 26.846788 25.000000 0.000000 565
40.500000 26.846788 41.500000 26.846788 565
40.500000 26.846788 25.000000 0.000000 565
6.000000 5.196152 7.000000 5.196152 566
38.500000 26.846788 22.000000 0.000000 567
17.000000 8.660254 17.500000 9.526279 568
37.000000 10.392305 36.500000 11.258330 569
24.500000 19.918584 25.000000 20.784610 570
31.000000 13.856406 31.500000 14.722432 571
30.500000 14.722432 31.500000 14.722432 571
31.000000 13.856406 30.500000 14.722432 571
28.000000 25.980762 28.500000 26.846788 572
17.500000 16.454483 17.000000 17.320508 573
6.000000 10.392305 6.500000 11.258330 574
23.000000 13.856406 23.500000 14.722432 575
40.500000 19.918584 41.500000 19.918584 576
41.000000 19.052559 41.500000 19.918584 576
41.000000 19.052559 40.500000 19.918584 576
28.000000 6.928203 28.500000 7.794229 577
27.000000 0.000000 28.000000 0.000000 578
18.500000 11.258330 19.000000 12.124356 579
30.000000 22.516660 29.500000 23.382686 580
42.000000 25.980762 41.500000 26.846788 581
28.500000 26.846788 13.000000 0.000000 582
28.000000 17.320508 27.500000 18.186533 583
27.000000 17.320508 27.500000 18.186533 583
27.000000 17.320508 28.000000 17.320508 583
23.000000 1.732051 24.000000 1.732051 584
7.500000 12.990381 8.000000 13.856406 585
22.000000 22.516660 22.500000 23.382686 586
42.500000 23.382686 43.500000 23.382686 587
32.000000 8.660254 32.500000 9.526279 588
21.500000 23.382686 22.000000 24.248711 589
16.500000 7.794229 17.000000 8.660254 590
34.500000 6.062178 3.500000 6.062178 591
17.500000 4.330127 17.000000 5.196152 592
16.500000 4.330127 17.000000 5.196152 592
16.500000 4.330127 17.500000 4.330127 592
34.000000 6.928203 35.000000 6.928203 593
46.000000 25.980762 45.500000 26.846788 594
39.000000 17.320508 38.500000 18.186533 595
29.500000 4.330127 29.000000 5.196152 596
26.000000 5.196152 27.000000 5.196152 597
27.000000 5.196152 26.500000 6.062178 597
26.000000 5.196152 26.500000 6.062178 597
12.000000 8.660254 11.500000 9.526279 598
12.500000 9.526279 12.000000 10.392305 599
14.000000 10.392305 15.000000 10.392305 600
7.500000 2.598076 7.000000 3.464102 601
13.500000 18.186533 14.000000 19.052559 602
21.000000 5.196152 22.000000 5.196152 603
40.500000 23.382686 41.000000 24.248711 604
40.500000 23.382686 41.500000 23.382686 604
41.500000 23.382686 41.000000 24.248711 604
29.000000 0.000000 29.500000 0.866025 605
34.000000 17.320508 34.500000 18.186533 606
21.500000 21.650635 22.000000 22.516660 607
27.500000 18.186533 27.000000 19.052559 608
35.500000 12.990381 36.500000 12.990381 609
24.000000 1.732051 24.500000 2.598076 610
8.000000 1.732051 9.000000 1.732051 611
35.000000 17.320508 34.500000 18.186533 612
29.000000 22.516660 28.500000 23.382686 613
9.500000 6.062178 9.000000 6.928203 614
2.500000 0.866025 3.500000 0.866025 615
17.500000 25.114737 18.000000 25.980762 616
6.500000 6.062178 6.000000 6.928203 617
21.500000 16.454483 22.500000 16.454483 618
22.500000 16.454483 22.000000 17.320508 618
21.500000 16.454483 22.000000 17.320508 618
15.500000 7.794229 16.500000 7.794229 619
42.000000 22.516660 43.000000 22.516660 620
17.000000 3.464102 18.000000 3.464102 621
6.000000 3.464102 6.500000 4.330127 622
5.500000 4.330127 6.500000 4.330127 622
6.000000 3.464102 5.500000 4.330127 622
5.500000 4.330127 6.000000 5.196152 623
31.000000 25.980762 31.500000 26.846788 624
17.000000 24.248711 18.000000 24.248711 625
2.500000 4.330127 3.000000 5.196152 626
34.500000 25.114737 35.000000 25.980762 627
23.500000 18.186533 23.000000 19.052559 628
27.500000 7.794229 28.500000 7.794229 629
44.500000 23.382686 44.000000 24.248711 630
44.500000 23.382686 45.000000 24.248711 630
44.000000 24.248711 45.000000 24.248711 630
3.500000 0.866025 3.000000 1.732051 631
9.500000 9.526279 10.500000 9.526279 632
10.500000 9.526279 10.000000 10.392305 632
9.500000 9.526279 10.000000 10.392305 632
20.500000 2.598076 21.000000 3.464102 633
18.000000 8.660254 17.500000 9.526279 634
10.000000 0.000000 10.500000 0.866025 635
33.500000 7.794229 34.500000 7.794229 636
13.000000 1.732051 13.500000 2.598076 637
11.000000 17.320508 12.000000 17.320508 638
6.500000 11.258330 7.000000 12.124356 639
39.000000 13.856406 39.500000 14.722432 640
18.500000 18.186533 19.500000 18.186533 641
32.000000 25.980762 33.000000 25.980762 642
27.500000 6.062178 27.000000 6.928203 643
27.000000 6.928203 28.000000 6.928203 644
33.000000 25.980762 32.500000 26.846788 645
12.500000 2.598076 13.500000 2.598076 646
27.000000 15.588457 26.500000 16.454483 647
44.000000 22.516660 44.500000 23.382686 648
31.500000 14.722432 32.000000 15.588457 649
12.000000 19.052559 13.000000 19.052559 650
28.500000 6.062178 29.000000 6.928203 651
18.500000 16.454483 18.000000 17.320508 652
19.000000 24.248711 18.500000 25.114737 653
42.500000 21.650635 43.000000 22.516660 654
15.500000 16.454483 16.000000 17.320508 655
14.500000 2.598076 15.000000 3.464102 656
36.500000 11.258330 36.000000 12.124356 657
23.000000 22.516660 24.000000 22.516660 658
15.000000 5.196152 14.500000 6.062178 659
12.500000 14.722432 13.000000 15.588457 660
24.000000 6.928203 25.000000 6.928203 661
15.000000 25.980762 15.500000 26.846788 662
24.000000 5.196152 25.000000 5.196152 663
14.500000 0.866025 15.000000 1.732051 664
23.500000 14.722432 24.500000 14.722432 665
23.500000 0.866025 24.500000 0.866025 666
8.500000 7.794229 9.000000 8.660254 667
15.500000 26.846788 31.000000 0.000000 668
39.000000 20.784610 39.500000 21.650635 669
28.500000 18.186533 29.000000 19.052559 670
18.500000 2.598076 18.000000 3.464102 671
28.000000 15.588457 28.500000 16.454483 672
45.500000 26.846788 46.500000 26.846788 673
23.500000 2.598076 23.000000 3.464102 674
12.000000 1.732051 11.500000 2.598076 675
30.000000 0.000000 29.500000 0.866025 676
19.000000 6.928203 20.000000 6.928203 677
32.500000 12.990381 33.500000 12.990381 678
12.000000 19.052559 12.500000 19.918584 679
14.500000 2.598076 14.000000 3.464102 680
38.000000 24.248711 37.500000 25.114737 681
14.500000 19.918584 15.000000 20.784610 682
19.500000 14.722432 20.000000 15.588457 683
30.500000 0.866025 31.000000 1.732051 684
37.000000 13.856406 37.500000 14.722432 685
17.000000 10.392305 17.500000 11.258330 686
16.500000 26.846788 1.000000 0.000000 687
25.500000 6.062178 26.000000 6.928203 688
39.000000 22.516660 40.000000 22.516660 689
27.000000 1.732051 27.500000 2.598076 690
38.000000 13.856406 38.500000 14.722432 691
25.500000 12.990381 26.000000 13.856406 692
13.500000 0.866025 13.000000 1.732051 693
26.000000 0.000000 26.500000 0.866025 694
7.000000 1.732051 8.000000 1.732051 695
15.000000 13.856406 15.500000 14.722432 696
31.500000 0.866025 32.000000 1.732051 697
23.500000 21.650635 24.000000 22.516660 698
6.000000 0.000000 7.000000 0.000000 699
26.000000 24.248711 27.000000 24.248711 700
24.000000 25.980762 24.500000 26.846788 701
29.000000 20.784610 30.000000 20.784610 702
22.000000 25.980762 23.000000 25.980762 703
40.000000 19.052559 39.500000 19.918584 704
29.500000 0.866025 30.500000 0.866025 705
9.000000 12.124356 9.500000 12.990381 706
13.500000 18.186533 14.500000 18.186533 707
41.000000 24.248711 40.500000 25.114737 708
28.000000 22.516660 29.000000 22.516660 709
30.000000 24.248711 30.500000 25.114737 710
12.500000 2.598076 12.000000 3.464102 711
35.500000 16.454483 36.000000 17.320508 712
22.000000 5.196152 22.500000 6.062178 713
25.000000 6.928203 24.500000 7.794229 714
12.500000 19.918584 12.000000 20.784610 715
11.500000 19.918584 12.500000 19.918584 715
11.500000 19.918584 12.000000 20.784610 715
15.500000 12.990381 16.500000 12.990381 716
16.000000 8.660254 17.000000 8.660254 717
5.000000 5.196152 6.000000 5.196152 718
11.000000 13.856406 10.500000 14.722432 719
14.500000 14.722432 14.000000 15.588457 720
12.000000 8.660254 13.000000 8.660254 721
13.000000 0.000000 14.000000 0.000000 722
39.500000 25.114737 40.000000 25.980762 723
7.500000 2.598076 8.500000 2.598076 724
28.500000 9.526279 29.500000 9.526279 725
24.500000 6.062178 25.000000 6.928203 726
34.000000 5.196152 34.500000 6.062178 727
8.500000 12.990381 8.000000 13.856406 728
26.000000 19.052559 27.000000 19.052559 729
14.000000 19.052559 15.000000 19.052559 730
19.500000 26.846788 3.000000 0.000000 731
23.000000 15.588457 23.500000 16.454483 732
33.500000 21.650635 34.000000 22.516660 733
16.000000 8.660254 16.500000 9.526279 734
34.000000 25.980762 35.000000 25.980762 735
29.000000 8.660254 28.500000 9.526279 736
13.500000 2.598076 14.000000 3.464102 737
30.000000 25.980762 30.500000 26.846788 738
9.500000 0.866025 10.000000 1.732051 739
10.000000 10.392305 10.500000 11.258330 740
30.000000 20.784610 31.000000 20.784610 741
36.000000 8.660254 36.500000 9.526279 742
39.500000 18.186533 40.000000 19.052559 743
21.000000 25.980762 21.500000 26.846788 744
26.000000 24.248711 26.500000 25.114737 745
14.000000 24.248711 45.500000 25.114737 746
26.000000 3.464102 26.500000 4.330127 747
14.500000 0.866025 14.000000 1.732051 748
29.000000 3.464102 29.500000 4.330127 749
29.000000 3.464102 30.000000 3.464102 749
30.000000 3.464102 29.500000 4.330127 749
44.000000 25.980762 43.500000 26.846788 750
23.500000 23.382686 24.500000 23.382686 751
23.000000 19.052559 22.500000 19.918584 752
12.500000 19.918584 13.000000 20.784610 753
16.500000 11.258330 17.000000 12.124356 754
11.000000 13.856406 11.500000 14.722432 755
37.000000 25.980762 36.500000 26.846788 756
12.500000 2.598076 13.000000 3.464102 757
38.500000 16.454483 39.000000 17.320508 758
12.500000 11.258330 12.000000 12.124356 759
30.500000 9.526279 31.000000 10.392305 760
31.500000 9.526279 31.000000 10.392305 760
30.500000 9.526279 31.500000 9.526279 760
10.500000 6.062178 11.000000 6.928203 761
34.500000 9.526279 34.000000 10.392305 762
26.500000 2.598076 27.500000 2.598076 763
19.000000 19.052559 18.500000 19.918584 764
22.500000 25.114737 23.500000 25.114737 765
29.500000 21.650635 30.000000 22.516660 766
31.000000 12.124356 30.500000 12.990381 767
28.000000 17.320508 29.000000 17.320508 768
14.500000 11.258330 15.500000 11.258330 769
16.500000 12.990381 16.000000 13.856406 770
38.500000 18.186533 38.000000 19.052559 771
35.500000 7.794229 35.000000 8.660254 772
29.000000 6.928203 29.500000 7.794229 773
33.000000 24.248711 32.500000 25.114737 774
32.500000 21.650635 33.000000 22.516660 775
18.500000 23.382686 18.000000 24.248711 776
8.000000 12.124356 7.500000 12.990381 777
36.000000 24.248711 35.500000 25.114737 778
16.000000 24.248711 15.500000 25.114737 779
22.500000 18.186533 22.000000 19.052559 780
36.500000 16.454483 37.000000 17.320508 781
17.500000 26.846788 1.000000 0.000000 782
16.000000 10.392305 15.500000 11.258330 783
33.000000 8.660254 33.500000 9.526279 784
11.000000 19.052559 11.500000 19.918584 785
10.000000 13.856406 10.500000 14.722432 786
38.500000 19.918584 39.500000 19.918584 787
18.500000 25.114737 19.500000 25.114737 788
33.000000 15.588457 34.000000 15.588457 789
35.000000 20.784610 34.500000 21.650635 790
34.500000 26.846788 18.000000 0.000000 791
8.000000 3.464102 7.500000 4.330127 792
8.000000 8.660254 8.500000 9.526279 793
32.000000 15.588457 33.000000 15.588457 794
35.500000 26.846788 20.000000 0.000000 795
19.500000 4.330127 19.000000 5.196152 796
34.000000 13.856406 34.500000 14.722432 797
4.000000 5.196152 5.000000 5.196152 798
15.500000 23.382686 16.000000 24.248711 799
14.500000 18.186533 15.000000 19.052559 800
25.000000 20.784610 25.500000 21.650635 801
13.500000 9.526279 14.000000 10.392305 802
13.500000 9.526279 14.500000 9.526279 802
14.500000 9.526279 14.000000 10.392305 802
15.500000 11.258330 16.000000 12.124356 803
16.500000 14.722432 17.500000 14.722432 804
13.000000 10.392305 12.500000 11.258330 805
8.500000 2.598076 8.000000 3.464102 806
35.500000 19.918584 36.000000 20.784610 807
17.500000 19.918584 17.000000 20.784610 808
31.000000 15.588457 32.000000 15.588457 809
30.000000 19.052559 31.000000 19.052559 810
9.000000 1.732051 8.500000 2.598076 811
7.000000 5.196152 6.500000 6.062178 812
31.000000 1.732051 30.500000 2.598076 813
13.000000 6.928203 14.000000 6.928203 814
22.000000 17.320508 21.500000 18.186533 815
32.000000 20.784610 32.500000 21.650635 816
23.500000 19.918584 24.000000 20.784610 817
14.000000 0.000000 14.500000 0.866025 818
9.500000 14.722432 10.500000 14.722432 819
21.000000 1.732051 20.500000 2.598076 820
43.000000 20.784610 42.500000 21.650635 821
12.000000 8.660254 12.500000 9.526279 822
31.000000 1.732051 31.500000 2.598076 823
26.500000 0.866025 27.000000 1.732051 824
31.000000 19.052559 30.500000 19.918584 825
14.000000 13.856406 14.500000 14.722432 826
38.000000 13.856406 37.500000 14.722432 827
15.500000 25.114737 16.500000 25.114737 828
44.500000 25.114737 44.000000 25.980762 829
10.500000 12.990381 11.000000 13.856406 830
36.000000 10.392305 37.000000 10.392305 831
26.500000 0.866025 26.000000 1.732051 832
23.500000 14.722432 23.000000 15.588457 833
38.000000 13.856406 39.000000 13.856406 834
31.000000 12.124356 32.000000 12.124356 835
13.500000 7.794229 14.500000 7.794229 836
30.500000 7.794229 30.000000 8.660254 837
36.000000 8.660254 35.500000 9.526279 838
27.000000 20.784610 28.000000 20.784610 839
26.500000 21.650635 26.000000 22.516660 840
35.000000 24.248711 34.500000 25.114737 841
24.500000 23.382686 25.000000 24.248711 842
22.000000 17.320508 23.000000 17.320508 843
33.000000 12.124356 34.000000 12.124356 844
39.000000 17.320508 40.000000 17.320508 845
41.500000 19.918584 42.000000 20.784610 846
16.500000 25.114737 17.500000 25.114737 847
7.000000 12.124356 8.000000 12.124356 848
18.500000 9.526279 19.000000 10.392305 849
43.500000 21.650635 44.000000 22.516660 850
1.500000 0.866025 2.500000 0.866025 851
28.500000 7.794229 28.000000 8.660254 852
39.500000 19.918584 39.000000 20.784610 853
38.500000 26.846788 39.500000 26.846788 854
35.500000 25.114737 36.500000 25.114737 855
32.500000 25.114737 32.000000 25.980762 856
27.500000 9.526279 28.500000 9.526279 857
26.000000 19.052559 25.500000 19.918584 858
8.000000 10.392305 9.000000 10.392305 859
11.500000 0.866025 12.000000 1.732051 860
31.500000 16.454483 32.500000 16.454483 861
15.500000 6.062178 16.000000 6.928203 862
43.000000 22.516660 43.500000 23.382686 863
1.000000 0.000000 0.500000 0.866025 864
13.500000 0.866025 14.000000 1.732051 865
7.000000 8.660254 7.500000 9.526279 866
44.500000 23.382686 13.500000 23.382686 867
7.500000 9.526279 8.000000 10.392305 868
20.500000 14.722432 21.500000 14.722432 869
33.500000 25.114737 34.500000 25.114737 870
14.000000 15.588457 14.500000 16.454483 871
31.000000 20.784610 32.000000 20.784610 872
32.500000 11.258330 33.500000 11.258330 873
33.500000 25.114737 33.000000 25.980762 874
28.000000 22.516660 27.500000 23.382686 875
43.500000 23.382686 43.000000 24.248711 876
30.500000 19.918584 31.500000 19.918584 877
