32 32 32 32 32
5.500000 6.062178 5.000000 6.928203 1
5.500000 6.062178 6.000000 6.928203 1
6.000000 6.928203 5.500000 7.794229 1
5.000000 6.928203 6.000000 6.928203 1
5.000000 6.928203 5.500000 7.794229 1
23.000000 10.392305 22.500000 11.258330 2
23.500000 11.258330 24.000000 12.124356 2
22.500000 11.258330 23.500000 11.258330 2
22.500000 11.258330 23.000000 12.124356 2
22.500000 11.258330 22.000000 12.124356 2
23.000000 10.392305 23.500000 11.258330 2
23.500000 11.258330 23.000000 12.124356 2
22.000000 12.124356 23.000000 12.124356 2
21.500000 11.258330 22.000000 12.124356 2
21.500000 11.258330 22.500000 11.258330 2
23.000000 12.124356 24.000000 12.124356 2
16.500000 18.186533 17.500000 18.186533 3
17.500000 18.186533 18.500000 18.186533 3
17.000000 17.320508 18.000000 17.320508 3
17.000000 17.320508 16.500000 18.186533 3
18.000000 17.320508 17.500000 18.186533 3
17.000000 17.320508 17.500000 18.186533 3
18.000000 17.320508 18.500000 18.186533 3
16.000000 24.248711 17.000000 24.248711 4
39.000000 20.784610 39.500000 21.650635 5
43.500000 23.382686 43.000000 24.248711 5
40.500000 25.114737 41.000000 25.980762 5
41.000000 24.248711 42.000000 24.248711 5
13.500000 23.382686 14.000000 24.248711 5
12.000000 20.784610 43.500000 21.650635 5
40.000000 19.052559 39.500000 19.918584 5
44.000000 22.516660 44.500000 23.382686 5
40.500000 23.382686 41.000000 24.248711 5
39.500000 21.650635 40.500000 21.650635 5
12.500000 21.650635 13.000000 22.516660 5
40.000000 22.516660 39.500000 23.382686 5
43.500000 25.114737 44.000000 25.980762 5
40.000000 24.248711 41.000000 24.248711 5
41.500000 25.114737 42.500000 25.114737 5
40.500000 25.114737 41.500000 25.114737 5
42.500000 25.114737 43.500000 25.114737 5
42.500000 23.382686 43.500000 23.382686 5
43.500000 25.114737 44.500000 25.114737 5
39.000000 22.516660 39.500000 23.382686 5
44.000000 22.516660 43.500000 23.382686 5
43.000000 20.784610 42.500000 21.650635 5
38.500000 23.382686 39.500000 23.382686 5
11.500000 19.918584 43.000000 20.784610 5
39.000000 20.784610 38.500000 21.650635 5
42.000000 20.784610 43.000000 20.784610 5
39.000000 22.516660 38.500000 23.382686 5
12.000000 20.784610 12.500000 21.650635 5
43.500000 21.650635 12.500000 21.650635 5
43.000000 24.248711 42.500000 25.114737 5
43.000000 20.784610 12.000000 20.784610 5
40.500000 19.918584 40.000000 20.784610 5
43.000000 22.516660 42.500000 23.382686 5
11.500000 19.918584 12.000000 20.784610 5
40.000000 19.052559 40.500000 19.918584 5
38.500000 21.650635 39.000000 22.516660 5
41.500000 21.650635 41.000000 22.516660 5
13.000000 22.516660 44.500000 23.382686 5
40.500000 21.650635 40.000000 22.516660 5
42.500000 19.918584 43.000000 20.784610 5
42.000000 22.516660 42.500000 23.382686 5
42.500000 19.918584 42.000000 20.784610 5
42.500000 21.650635 42.000000 22.516660 5
44.500000 23.382686 45.000000 24.248711 5
41.500000 25.114737 41.000000 25.980762 5
39.500000 19.918584 40.500000 19.918584 5
43.500000 21.650635 43.000000 22.516660 5
44.000000 22.516660 13.000000 22.516660 5
44.000000 24.248711 43.500000 25.114737 5
44.500000 23.382686 44.000000 24.248711 5
39.500000 23.382686 40.500000 23.382686 5
45.000000 24.248711 44.500000 25.114737 5
43.000000 20.784610 43.500000 21.650635 5
41.000000 20.784610 42.000000 20.784610 5
41.500000 23.382686 41.000000 24.248711 5
40.500000 19.918584 41.500000 19.918584 5
41.500000 19.918584 42.500000 19.918584 5
40.000000 24.248711 40.500000 25.114737 5
40.000000 20.784610 41.000000 20.784610 5
41.500000 21.650635 42.500000 21.650635 5
38.000000 22.516660 39.000000 22.516660 5
40.500000 21.650635 41.500000 21.650635 5
42.000000 24.248711 42.500000 25.114737 5
42.000000 24.248711 41.500000 25.114737 5
43.000000 24.248711 44.000000 24.248711 5
45.000000 24.248711 14.000000 24.248711 5
44.000000 24.248711 44.500000 25.114737 5
44.500000 25.114737 44.000000 25.980762 5
42.000000 24.248711 43.000000 24.248711 5
43.000000 22.516660 44.000000 22.516660 5
41.000000 22.516660 42.000000 22.516660 5
41.000000 24.248711 40.500000 25.114737 5
44.500000 23.382686 13.500000 23.382686 5
39.500000 19.918584 39.000000 20.784610 5
39.500000 19.918584 40.000000 20.784610 5
40.000000 20.784610 39.500000 21.650635 5
42.000000 20.784610 41.500000 21.650635 5
43.500000 23.382686 44.500000 23.382686 5
39.500000 23.382686 40.000000 24.248711 5
43.000000 24.248711 43.500000 25.114737 5
38.000000 22.516660 38.500000 23.382686 5
38.500000 21.650635 38.000000 22.516660 5
39.500000 21.650635 39.000000 22.516660 5
42.000000 22.516660 43.000000 22.516660 5
40.000000 20.784610 40.500000 21.650635 5
38.500000 21.650635 39.500000 21.650635 5
42.500000 23.382686 42.000000 24.248711 5
42.500000 19.918584 11.500000 19.918584 5
40.500000 21.650635 41.000000 22.516660 5
40.500000 19.918584 41.000000 20.784610 5
40.500000 23.382686 40.000000 24.248711 5
43.500000 21.650635 44.000000 22.516660 5
41.000000 20.784610 40.500000 21.650635 5
39.000000 20.784610 40.000000 20.784610 5
41.500000 23.382686 42.000000 24.248711 5
41.000000 22.516660 40.500000 23.382686 5
41.500000 21.650635 42.000000 22.516660 5
13.000000 22.516660 13.500000 23.382686 5
41.000000 20.784610 41.500000 21.650635 5
12.500000 21.650635 44.000000 22.516660 5
18.000000 5.196152 18.500000 6.062178 6
18.000000 5.196152 19.000000 5.196152 6
19.000000 5.196152 18.500000 6.062178 6
19.000000 5.196152 20.000000 5.196152 7
6.000000 10.392305 37.500000 11.258330 8
4.500000 7.794229 5.000000 8.660254 8
6.500000 9.526279 6.000000 10.392305 8
6.000000 8.660254 5.500000 9.526279 8
36.500000 11.258330 37.000000 12.124356 8
36.000000 10.392305 37.000000 10.392305 8
36.500000 9.526279 37.000000 10.392305 8
4.500000 7.794229 5.500000 7.794229 8
5.500000 9.526279 37.000000 10.392305 8
36.500000 9.526279 36.000000 10.392305 8
5.500000 7.794229 6.000000 8.660254 8
5.000000 8.660254 5.500000 9.526279 8
36.000000 8.660254 36.500000 9.526279 8
5.500000 9.526279 6.000000 10.392305 8
5.000000 8.660254 36.500000 9.526279 8
4.500000 7.794229 36.000000 8.660254 8
37.000000 10.392305 6.000000 10.392305 8
36.000000 8.660254 5.000000 8.660254 8
6.000000 10.392305 7.000000 10.392305 8
36.500000 11.258330 37.500000 11.258330 8
36.500000 9.526279 5.500000 9.526279 8
5.500000 7.794229 5.000000 8.660254 8
5.500000 9.526279 6.500000 9.526279 8
6.500000 9.526279 7.000000 10.392305 8
36.000000 10.392305 36.500000 11.258330 8
5.000000 8.660254 6.000000 8.660254 8
37.000000 10.392305 37.500000 11.258330 8
37.500000 11.258330 37.000000 12.124356 8
2.000000 0.000000 2.500000 0.866025 9
27.000000 1.732051 28.000000 1.732051 10
21.000000 0.000000 21.500000 0.866025 11
19.000000 0.000000 20.000000 0.000000 11
21.000000 3.464102 21.500000 4.330127 11
18.500000 2.598076 18.000000 3.464102 11
37.500000 26.846788 21.000000 0.000000 11
19.500000 0.866025 20.000000 1.732051 11
20.500000 2.598076 21.500000 2.598076 11
21.500000 0.866025 22.000000 1.732051 11
18.500000 2.598076 19.000000 3.464102 11
37.500000 26.846788 38.500000 26.846788 11
20.500000 2.598076 21.000000 3.464102 11
19.000000 3.464102 19.500000 4.330127 11
16.500000 2.598076 17.500000 2.598076 11
38.500000 26.846788 23.000000 0.000000 11
17.000000 1.732051 16.500000 2.598076 11
37.000000 25.980762 37.500000 26.846788 11
20.000000 1.732051 21.000000 1.732051 11
38.000000 25.980762 37.500000 26.846788 11
18.500000 0.866025 18.000000 1.732051 11
17.500000 0.866025 17.000000 1.732051 11
21.000000 1.732051 22.000000 1.732051 11
20.500000 0.866025 20.000000 1.732051 11
22.500000 0.866025 22.000000 1.732051 11
18.000000 0.000000 18.500000 0.866025 11
20.500000 2.598076 20.000000 3.464102 11
19.000000 0.000000 19.500000 0.866025 11
20.000000 3.464102 20.500000 4.330127 11
37.000000 25.980762 38.000000 25.980762 11
22.000000 1.732051 21.500000 2.598076 11
18.000000 0.000000 17.500000 0.866025 11
18.000000 0.000000 19.000000 0.000000 11
17.500000 0.866025 18.500000 0.866025 11
20.000000 0.000000 20.500000 0.866025 11
20.000000 0.000000 19.500000 0.866025 11
19.000000 3.464102 20.000000 3.464102 11
19.500000 4.330127 20.500000 4.330127 11
19.500000 0.866025 19.000000 1.732051 11
21.000000 0.000000 22.000000 0.000000 11
37.000000 25.980762 36.500000 26.846788 11
17.000000 1.732051 17.500000 2.598076 11
34.500000 26.846788 19.000000 0.000000 11
20.500000 0.866025 21.000000 1.732051 11
22.000000 0.000000 21.500000 0.866025 11
20.500000 0.866025 21.500000 0.866025 11
19.000000 1.732051 20.000000 1.732051 11
36.500000 26.846788 20.000000 0.000000 11
19.000000 1.732051 18.500000 2.598076 11
23.000000 0.000000 22.500000 0.866025 11
21.500000 0.866025 22.500000 0.866025 11
18.000000 1.732051 19.000000 1.732051 11
19.000000 1.732051 19.500000 2.598076 11
19.500000 2.598076 20.500000 2.598076 11
34.500000 26.846788 18.000000 0.000000 11
38.000000 25.980762 38.500000 26.846788 11
36.500000 26.846788 21.000000 0.000000 11
38.000000 25.980762 39.000000 25.980762 11
20.000000 3.464102 21.000000 3.464102 11
20.000000 3.464102 19.500000 4.330127 11
20.500000 4.330127 21.500000 4.330127 11
18.000000 1.732051 18.500000 2.598076 11
39.000000 25.980762 38.500000 26.846788 11
17.500000 2.598076 18.000000 3.464102 11
19.500000 2.598076 19.000000 3.464102 11
18.000000 3.464102 19.000000 3.464102 11
17.000000 1.732051 18.000000 1.732051 11
19.500000 2.598076 20.000000 3.464102 11
21.000000 1.732051 21.500000 2.598076 11
17.500000 0.866025 18.000000 1.732051 11
38.500000 26.846788 22.000000 0.000000 11
20.000000 1.732051 19.500000 2.598076 11
18.000000 1.732051 17.500000 2.598076 11
37.500000 26.846788 22.000000 0.000000 11
22.000000 0.000000 22.500000 0.866025 11
30.000000 25.980762 31.000000 25.980762 12
30.500000 25.114737 31.000000 25.980762 12
30.500000 25.114737 30.000000 25.980762 12
29.500000 16.454483 30.000000 17.320508 13
12.500000 4.330127 13.000000 5.196152 14
32.500000 11.258330 33.000000 12.124356 15
22.000000 22.516660 22.500000 23.382686 16
22.000000 22.516660 23.000000 22.516660 16
22.500000 21.650635 22.000000 22.516660 16
22.500000 21.650635 23.000000 22.516660 16
23.000000 22.516660 22.500000 23.382686 16
23.500000 12.990381 24.000000 13.856406 17
15.000000 0.000000 16.000000 0.000000 18
27.000000 3.464102 28.000000 3.464102 19
28.000000 3.464102 28.500000 4.330127 19
27.500000 4.330127 28.500000 4.330127 19
27.000000 3.464102 27.500000 4.330127 19
28.000000 3.464102 27.500000 4.330127 19
9.000000 12.124356 10.000000 12.124356 20
36.500000 19.918584 36.000000 20.784610 21
39.000000 25.980762 40.000000 25.980762 22
37.000000 17.320508 38.000000 17.320508 23
36.500000 16.454483 37.000000 17.320508 23
36.500000 16.454483 37.500000 16.454483 23
38.500000 16.454483 38.000000 17.320508 23
36.000000 17.320508 37.000000 17.320508 23
36.500000 16.454483 36.000000 17.320508 23
37.500000 16.454483 38.000000 17.320508 23
37.000000 15.588457 37.500000 16.454483 23
37.000000 15.588457 36.500000 16.454483 23
37.500000 16.454483 37.000000 17.320508 23
37.500000 16.454483 38.500000 16.454483 23
25.000000 3.464102 24.500000 4.330127 24
25.500000 4.330127 25.000000 5.196152 24
25.000000 3.464102 25.500000 4.330127 24
24.500000 4.330127 25.000000 5.196152 24
24.500000 4.330127 25.500000 4.330127 24
26.500000 4.330127 26.000000 5.196152 25
17.000000 6.928203 16.500000 7.794229 26
16.500000 7.794229 17.000000 8.660254 26
16.500000 7.794229 17.500000 7.794229 26
17.000000 8.660254 18.000000 8.660254 26
15.500000 7.794229 16.000000 8.660254 26
17.000000 6.928203 18.000000 6.928203 26
17.500000 6.062178 18.000000 6.928203 26
18.500000 7.794229 18.000000 8.660254 26
18.000000 6.928203 17.500000 7.794229 26
17.500000 7.794229 18.500000 7.794229 26
18.000000 6.928203 18.500000 7.794229 26
17.500000 7.794229 17.000000 8.660254 26
15.000000 8.660254 16.000000 8.660254 26
17.500000 6.062178 18.500000 6.062178 26
17.000000 8.660254 17.500000 9.526279 26
16.000000 8.660254 15.500000 9.526279 26
16.500000 9.526279 17.500000 9.526279 26
17.000000 6.928203 17.500000 7.794229 26
18.500000 6.062178 18.000000 6.928203 26
16.500000 7.794229 16.000000 8.660254 26
16.000000 8.660254 16.500000 9.526279 26
16.000000 8.660254 17.000000 8.660254 26
16.000000 6.928203 16.500000 7.794229 26
16.000000 6.928203 17.000000 6.928203 26
15.000000 8.660254 15.500000 9.526279 26
17.000000 8.660254 16.500000 9.526279 26
18.000000 8.660254 17.500000 9.526279 26
16.000000 6.928203 15.500000 7.794229 26
17.500000 7.794229 18.000000 8.660254 26
15.500000 7.794229 15.000000 8.660254 26
17.500000 6.062178 17.000000 6.928203 26
15.500000 9.526279 16.500000 9.526279 26
12.000000 8.660254 12.500000 9.526279 27
11.000000 8.660254 12.000000 8.660254 27
10.500000 9.526279 11.500000 9.526279 27
11.500000 9.526279 12.500000 9.526279 27
10.000000 8.660254 10.500000 9.526279 27
11.000000 8.660254 10.500000 9.526279 27
11.000000 8.660254 11.500000 9.526279 27
10.000000 8.660254 11.000000 8.660254 27
10.500000 9.526279 11.000000 10.392305 27
11.500000 9.526279 11.000000 10.392305 27
12.000000 8.660254 11.500000 9.526279 27
30.500000 18.186533 31.000000 19.052559 28
33.500000 6.062178 34.000000 6.928203 29
29.500000 0.866025 30.500000 0.866025 30
44.500000 26.846788 45.500000 26.846788 30
30.000000 0.000000 29.500000 0.866025 30
45.000000 25.980762 45.500000 26.846788 30
44.500000 26.846788 29.000000 0.000000 30
30.000000 0.000000 30.500000 0.866025 30
29.000000 0.000000 29.500000 0.866025 30
45.000000 25.980762 44.500000 26.846788 30
45.500000 26.846788 30.000000 0.000000 30
45.500000 26.846788 29.000000 0.000000 30
29.000000 0.000000 30.000000 0.000000 30
29.000000 19.052559 29.500000 19.918584 31
13.500000 19.918584 14.500000 19.918584 32
13.500000 19.918584 14.000000 20.784610 32
14.500000 19.918584 14.000000 20.784610 32
35.000000 12.124356 36.000000 12.124356 33
35.500000 11.258330 36.000000 12.124356 33
35.500000 11.258330 35.000000 12.124356 33
33.500000 25.114737 34.000000 25.980762 34
18.000000 20.784610 19.000000 20.784610 35
23.500000 18.186533 24.000000 19.052559 36
28.000000 15.588457 27.500000 16.454483 36
27.500000 14.722432 28.000000 15.588457 36
27.000000 15.588457 27.500000 16.454483 36
27.000000 17.320508 28.000000 17.320508 36
25.500000 14.722432 25.000000 15.588457 36
24.500000 18.186533 25.500000 18.186533 36
27.000000 17.320508 26.500000 18.186533 36
26.500000 18.186533 27.500000 18.186533 36
27.500000 14.722432 27.000000 15.588457 36
26.000000 17.320508 27.000000 17.320508 36
25.500000 18.186533 26.500000 18.186533 36
25.000000 17.320508 25.500000 18.186533 36
25.000000 19.052559 26.000000 19.052559 36
27.500000 14.722432 28.500000 14.722432 36
25.500000 14.722432 26.500000 14.722432 36
24.000000 17.320508 24.500000 18.186533 36
26.000000 15.588457 25.500000 16.454483 36
24.500000 16.454483 25.500000 16.454483 36
27.500000 16.454483 28.000000 17.320508 36
26.000000 13.856406 26.500000 14.722432 36
26.000000 17.320508 25.500000 18.186533 36
24.500000 18.186533 24.000000 19.052559 36
24.000000 17.320508 23.500000 18.186533 36
25.000000 15.588457 25.500000 16.454483 36
26.000000 15.588457 27.000000 15.588457 36
26.500000 18.186533 26.000000 19.052559 36
25.500000 16.454483 25.000000 17.320508 36
26.500000 14.722432 27.000000 15.588457 36
25.000000 17.320508 26.000000 17.320508 36
28.500000 14.722432 28.000000 15.588457 36
26.000000 13.856406 25.500000 14.722432 36
25.000000 15.588457 24.500000 16.454483 36
26.000000 17.320508 26.500000 18.186533 36
25.500000 16.454483 26.500000 16.454483 36
28.000000 17.320508 27.500000 18.186533 36
25.000000 19.052559 24.500000 19.918584 36
26.500000 16.454483 27.500000 16.454483 36
24.500000 16.454483 24.000000 17.320508 36
27.000000 15.588457 28.000000 15.588457 36
24.500000 16.454483 25.000000 17.320508 36
25.500000 18.186533 25.000000 19.052559 36
26.500000 16.454483 26.000000 17.320508 36
25.500000 18.186533 26.000000 19.052559 36
27.000000 17.320508 27.500000 18.186533 36
24.500000 18.186533 25.000000 19.052559 36
26.500000 16.454483 27.000000 17.320508 36
25.000000 17.320508 24.500000 18.186533 36
26.000000 19.052559 27.000000 19.052559 36
26.500000 18.186533 27.000000 19.052559 36
26.500000 14.722432 26.000000 15.588457 36
23.500000 18.186533 24.500000 18.186533 36
24.000000 19.052559 24.500000 19.918584 36
26.000000 15.588457 26.500000 16.454483 36
25.000000 12.124356 26.000000 12.124356 37
28.500000 9.526279 28.000000 10.392305 38
37.000000 22.516660 37.500000 23.382686 39
37.000000 22.516660 38.000000 22.516660 39
38.000000 22.516660 37.500000 23.382686 39
42.500000 25.114737 43.000000 25.980762 40
42.500000 25.114737 42.000000 25.980762 40
42.000000 25.980762 43.000000 25.980762 40
10.000000 12.124356 11.000000 12.124356 41
11.000000 12.124356 10.500000 12.990381 41
10.000000 12.124356 10.500000 12.990381 41
29.500000 23.382686 30.500000 23.382686 42
30.000000 24.248711 31.000000 24.248711 42
30.500000 23.382686 30.000000 24.248711 42
29.500000 23.382686 30.000000 24.248711 42
30.500000 23.382686 31.000000 24.248711 42
12.000000 3.464102 11.500000 4.330127 43
12.000000 1.732051 11.500000 2.598076 43
11.500000 2.598076 12.500000 2.598076 43
11.000000 3.464102 11.500000 4.330127 43
11.500000 2.598076 12.000000 3.464102 43
12.500000 2.598076 12.000000 3.464102 43
12.000000 3.464102 13.000000 3.464102 43
12.500000 2.598076 13.000000 3.464102 43
11.000000 3.464102 12.000000 3.464102 43
11.500000 2.598076 11.000000 3.464102 43
12.000000 1.732051 12.500000 2.598076 43
26.000000 1.732051 26.500000 2.598076 44
9.500000 2.598076 10.000000 3.464102 45
9.500000 2.598076 10.500000 2.598076 45
10.500000 2.598076 10.000000 3.464102 45
13.000000 17.320508 13.500000 18.186533 46
13.500000 18.186533 13.000000 19.052559 46
13.000000 17.320508 14.000000 17.320508 46
13.000000 19.052559 14.000000 19.052559 46
14.000000 17.320508 15.000000 17.320508 46
14.500000 18.186533 14.000000 19.052559 46
14.000000 17.320508 13.500000 18.186533 46
15.000000 17.320508 14.500000 18.186533 46
12.500000 18.186533 13.000000 19.052559 46
13.000000 17.320508 12.500000 18.186533 46
13.500000 18.186533 14.000000 19.052559 46
12.500000 18.186533 13.500000 18.186533 46
13.500000 18.186533 14.500000 18.186533 46
28.000000 20.784610 28.500000 21.650635 47
28.000000 17.320508 28.500000 18.186533 48
10.500000 4.330127 11.000000 5.196152 49
40.500000 18.186533 41.000000 19.052559 50
41.000000 17.320508 40.500000 18.186533 50
40.500000 18.186533 41.500000 18.186533 50
41.000000 17.320508 41.500000 18.186533 50
41.500000 18.186533 41.000000 19.052559 50
20.000000 20.784610 19.500000 21.650635 51
19.500000 19.918584 20.000000 20.784610 51
18.500000 19.918584 19.000000 20.784610 51
19.500000 19.918584 19.000000 20.784610 51
19.000000 20.784610 19.500000 21.650635 51
19.000000 20.784610 20.000000 20.784610 51
18.500000 19.918584 19.500000 19.918584 51
15.500000 21.650635 16.000000 22.516660 52
15.500000 21.650635 15.000000 22.516660 52
15.000000 22.516660 16.000000 22.516660 52
25.500000 23.382686 26.500000 23.382686 53
25.500000 23.382686 26.000000 24.248711 53
25.500000 23.382686 25.000000 24.248711 53
26.500000 23.382686 26.000000 24.248711 53
25.000000 24.248711 26.000000 24.248711 53
13.500000 12.990381 13.000000 13.856406 54
34.500000 25.114737 35.500000 25.114737 55
34.000000 24.248711 34.500000 25.114737 55
35.000000 24.248711 34.500000 25.114737 55
35.000000 24.248711 35.500000 25.114737 55
34.000000 24.248711 35.000000 24.248711 55
22.500000 14.722432 22.000000 15.588457 56
34.500000 11.258330 34.000000 12.124356 57
34.500000 11.258330 35.000000 12.124356 57
35.000000 12.124356 34.500000 12.990381 57
34.000000 12.124356 35.000000 12.124356 57
33.500000 11.258330 34.500000 11.258330 57
33.500000 11.258330 34.000000 12.124356 57
34.000000 12.124356 34.500000 12.990381 57
5.500000 0.866025 5.000000 1.732051 58
5.500000 0.866025 6.000000 1.732051 58
5.000000 1.732051 6.000000 1.732051 58
26.500000 25.114737 27.000000 25.980762 59
26.500000 25.114737 26.000000 25.980762 59
26.000000 25.980762 27.000000 25.980762 59
20.000000 15.588457 21.000000 15.588457 60
33.500000 7.794229 34.500000 7.794229 61
34.000000 6.928203 34.500000 7.794229 61
33.500000 7.794229 34.000000 8.660254 61
34.000000 6.928203 33.500000 7.794229 61
34.500000 7.794229 34.000000 8.660254 61
33.000000 13.856406 34.000000 13.856406 62
30.500000 16.454483 31.500000 16.454483 63
31.500000 16.454483 31.000000 17.320508 63
30.500000 16.454483 31.000000 17.320508 63
30.500000 16.454483 30.000000 17.320508 63
30.000000 17.320508 30.500000 18.186533 63
31.000000 17.320508 30.500000 18.186533 63
30.000000 17.320508 31.000000 17.320508 63
12.500000 12.990381 13.000000 13.856406 64
12.000000 13.856406 13.000000 13.856406 64
12.000000 13.856406 11.500000 14.722432 64
12.500000 14.722432 13.500000 14.722432 64
13.000000 13.856406 13.500000 14.722432 64
12.500000 14.722432 12.000000 15.588457 64
12.500000 12.990381 12.000000 13.856406 64
13.000000 13.856406 12.500000 14.722432 64
12.000000 13.856406 12.500000 14.722432 64
11.500000 14.722432 12.500000 14.722432 64
11.500000 14.722432 12.000000 15.588457 64
29.500000 18.186533 30.000000 19.052559 65
29.000000 19.052559 30.000000 19.052559 65
29.500000 18.186533 29.000000 19.052559 65
34.500000 26.846788 35.500000 26.846788 66
38.500000 16.454483 39.500000 16.454483 67
45.000000 24.248711 45.500000 25.114737 68
33.500000 19.918584 34.500000 19.918584 69
33.500000 18.186533 33.000000 19.052559 69
33.000000 19.052559 34.000000 19.052559 69
34.000000 19.052559 33.500000 19.918584 69
33.000000 19.052559 33.500000 19.918584 69
33.500000 18.186533 34.000000 19.052559 69
34.000000 19.052559 34.500000 19.918584 69
38.000000 24.248711 39.000000 24.248711 70
21.000000 5.196152 22.000000 5.196152 71
22.000000 5.196152 21.500000 6.062178 71
21.000000 5.196152 21.500000 6.062178 71
27.500000 2.598076 28.500000 2.598076 72
27.500000 2.598076 28.000000 3.464102 72
28.500000 2.598076 28.000000 3.464102 72
22.000000 24.248711 21.500000 25.114737 73
20.000000 13.856406 21.000000 13.856406 74
21.500000 12.990381 21.000000 13.856406 74
20.500000 12.990381 21.000000 13.856406 74
20.500000 12.990381 21.500000 12.990381 74
20.000000 13.856406 20.500000 14.722432 74
20.500000 12.990381 20.000000 13.856406 74
21.000000 13.856406 20.500000 14.722432 74
28.500000 16.454483 29.000000 17.320508 75
31.500000 23.382686 31.000000 24.248711 76
28.500000 21.650635 29.500000 21.650635 77
28.000000 22.516660 29.000000 22.516660 77
29.000000 20.784610 29.500000 21.650635 77
29.000000 20.784610 30.000000 20.784610 77
28.500000 21.650635 28.000000 22.516660 77
30.000000 20.784610 29.500000 21.650635 77
29.500000 21.650635 29.000000 22.516660 77
27.500000 21.650635 28.000000 22.516660 77
29.000000 20.784610 28.500000 21.650635 77
28.500000 21.650635 29.000000 22.516660 77
27.500000 21.650635 28.500000 21.650635 77
34.000000 8.660254 34.500000 9.526279 78
14.500000 14.722432 14.000000 15.588457 79
30.500000 26.846788 14.000000 0.000000 80
30.500000 26.846788 15.000000 0.000000 80
14.000000 0.000000 15.000000 0.000000 80
25.500000 25.114737 26.500000 25.114737 81
10.500000 2.598076 11.000000 3.464102 82
31.500000 2.598076 32.500000 2.598076 83
32.500000 9.526279 33.500000 9.526279 84
28.500000 12.990381 28.000000 13.856406 85
28.000000 13.856406 29.000000 13.856406 85
27.500000 12.990381 28.500000 12.990381 85
28.000000 13.856406 28.500000 14.722432 85
28.500000 14.722432 29.500000 14.722432 85
28.500000 12.990381 29.000000 13.856406 85
29.000000 13.856406 28.500000 14.722432 85
27.500000 12.990381 28.000000 13.856406 85
29.000000 13.856406 29.500000 14.722432 85
9.000000 6.928203 9.500000 7.794229 86
16.000000 25.980762 17.000000 25.980762 87
16.000000 25.980762 16.500000 26.846788 87
16.500000 26.846788 17.500000 26.846788 87
17.500000 26.846788 1.000000 0.000000 87
16.500000 26.846788 1.000000 0.000000 87
17.000000 25.980762 16.500000 26.846788 87
17.000000 25.980762 17.500000 26.846788 87
15.500000 23.382686 16.000000 24.248711 88
26.000000 22.516660 26.500000 23.382686 89
32.000000 3.464102 31.500000 4.330127 90
31.000000 3.464102 31.500000 4.330127 90
31.000000 3.464102 32.000000 3.464102 90
12.500000 21.650635 13.500000 21.650635 91
40.500000 16.454483 40.000000 17.320508 92
39.500000 16.454483 40.000000 17.320508 92
40.000000 17.320508 39.500000 18.186533 92
39.000000 17.320508 40.000000 17.320508 92
39.000000 17.320508 39.500000 18.186533 92
39.500000 16.454483 40.500000 16.454483 92
39.500000 16.454483 39.000000 17.320508 92
25.500000 2.598076 25.000000 3.464102 93
24.500000 2.598076 25.000000 3.464102 93
24.000000 3.464102 25.000000 3.464102 93
24.000000 1.732051 25.000000 1.732051 93
24.000000 1.732051 23.500000 2.598076 93
24.500000 2.598076 25.500000 2.598076 93
24.000000 1.732051 24.500000 2.598076 93
23.500000 2.598076 24.000000 3.464102 93
25.000000 1.732051 25.500000 2.598076 93
23.500000 2.598076 24.500000 2.598076 93
24.500000 2.598076 24.000000 3.464102 93
25.000000 1.732051 24.500000 2.598076 93
27.000000 22.516660 26.500000 23.382686 94
28.000000 22.516660 27.500000 23.382686 94
26.500000 23.382686 27.500000 23.382686 94
27.000000 22.516660 27.500000 23.382686 94
27.000000 22.516660 28.000000 22.516660 94
25.000000 1.732051 26.000000 1.732051 95
22.500000 18.186533 23.500000 18.186533 96
26.000000 20.784610 26.500000 21.650635 97
26.000000 20.784610 25.500000 21.650635 97
25.500000 21.650635 26.500000 21.650635 97
25.500000 21.650635 26.000000 22.516660 97
26.500000 21.650635 26.000000 22.516660 97
11.000000 10.392305 10.500000 11.258330 98
10.500000 11.258330 11.500000 11.258330 98
11.000000 10.392305 11.500000 11.258330 98
33.000000 8.660254 34.000000 8.660254 99
23.000000 20.784610 23.500000 21.650635 100
23.000000 20.784610 22.500000 21.650635 100
22.500000 21.650635 23.500000 21.650635 100
26.000000 8.660254 26.500000 9.526279 101
25.500000 9.526279 26.500000 9.526279 101
25.000000 8.660254 25.500000 9.526279 101
26.000000 8.660254 25.500000 9.526279 101
25.000000 8.660254 26.000000 8.660254 101
32.500000 18.186533 33.000000 19.052559 102
18.000000 3.464102 17.500000 4.330127 103
17.000000 3.464102 17.500000 4.330127 103
18.000000 3.464102 18.500000 4.330127 103
18.500000 4.330127 18.000000 5.196152 103
17.000000 5.196152 18.000000 5.196152 103
17.000000 3.464102 18.000000 3.464102 103
17.500000 4.330127 18.000000 5.196152 103
17.500000 4.330127 18.500000 4.330127 103
17.500000 4.330127 17.000000 5.196152 103
5.500000 2.598076 5.000000 3.464102 104
16.500000 14.722432 16.000000 15.588457 105
15.500000 14.722432 16.000000 15.588457 105
15.500000 14.722432 16.500000 14.722432 105
29.500000 21.650635 30.000000 22.516660 106
24.000000 20.784610 25.000000 20.784610 107
23.000000 25.980762 22.500000 26.846788 108
23.000000 25.980762 23.500000 26.846788 108
22.000000 25.980762 23.000000 25.980762 108
22.500000 26.846788 7.000000 0.000000 108
23.500000 26.846788 7.000000 0.000000 108
22.500000 26.846788 23.500000 26.846788 108
22.000000 25.980762 22.500000 26.846788 108
32.500000 16.454483 33.500000 16.454483 109
33.000000 15.588457 32.500000 16.454483 109
32.000000 15.588457 32.500000 16.454483 109
33.500000 16.454483 33.000000 17.320508 109
34.000000 15.588457 33.500000 16.454483 109
33.000000 15.588457 34.000000 15.588457 109
33.000000 15.588457 33.500000 16.454483 109
32.500000 16.454483 33.000000 17.320508 109
32.000000 15.588457 33.000000 15.588457 109
27.500000 0.866025 28.000000 1.732051 110
20.500000 23.382686 20.000000 24.248711 111
19.500000 23.382686 20.500000 23.382686 111
19.500000 23.382686 20.000000 24.248711 111
29.000000 5.196152 29.500000 6.062178 112
29.000000 5.196152 30.000000 5.196152 112
30.000000 5.196152 29.500000 6.062178 112
34.500000 25.114737 34.000000 25.980762 113
12.000000 10.392305 12.500000 11.258330 114
16.000000 20.784610 17.000000 20.784610 115
6.500000 6.062178 7.500000 6.062178 116
8.500000 6.062178 8.000000 6.928203 116
7.500000 6.062178 8.000000 6.928203 116
7.000000 6.928203 8.000000 6.928203 116
6.500000 6.062178 7.000000 6.928203 116
8.000000 6.928203 9.000000 6.928203 116
8.500000 6.062178 9.000000 6.928203 116
7.500000 6.062178 7.000000 6.928203 116
7.500000 6.062178 8.500000 6.062178 116
11.000000 6.928203 10.500000 7.794229 117
10.500000 6.062178 11.000000 6.928203 117
10.500000 6.062178 10.000000 6.928203 117
10.000000 6.928203 10.500000 7.794229 117
10.000000 6.928203 11.000000 6.928203 117
10.000000 6.928203 9.500000 7.794229 117
9.500000 7.794229 10.500000 7.794229 117
20.000000 8.660254 20.500000 9.526279 118
19.500000 9.526279 20.000000 10.392305 118
19.500000 9.526279 20.500000 9.526279 118
20.000000 8.660254 19.500000 9.526279 118
20.500000 9.526279 20.000000 10.392305 118
22.000000 6.928203 22.500000 7.794229 119
34.000000 10.392305 34.500000 11.258330 120
6.500000 2.598076 7.500000 2.598076 121
6.500000 2.598076 7.000000 3.464102 121
7.500000 2.598076 7.000000 3.464102 121
34.500000 14.722432 35.500000 14.722432 122
35.500000 14.722432 36.500000 14.722432 122
35.000000 13.856406 35.500000 14.722432 122
34.000000 13.856406 35.000000 13.856406 122
34.500000 12.990381 34.000000 13.856406 122
36.000000 13.856406 35.500000 14.722432 122
34.500000 12.990381 35.000000 13.856406 122
35.500000 12.990381 35.000000 13.856406 122
34.000000 13.856406 34.500000 14.722432 122
35.500000 12.990381 36.000000 13.856406 122
35.000000 13.856406 34.500000 14.722432 122
36.000000 13.856406 36.500000 14.722432 122
35.000000 13.856406 36.000000 13.856406 122
37.500000 19.918584 37.000000 20.784610 123
15.500000 25.114737 16.000000 25.980762 124
15.500000 25.114737 15.000000 25.980762 124
15.000000 25.980762 16.000000 25.980762 124
15.000000 20.784610 14.500000 21.650635 125
14.500000 21.650635 15.500000 21.650635 125
15.500000 19.918584 15.000000 20.784610 125
16.500000 19.918584 16.000000 20.784610 125
15.000000 20.784610 15.500000 21.650635 125
15.500000 19.918584 16.500000 19.918584 125
15.000000 20.784610 16.000000 20.784610 125
15.500000 19.918584 16.000000 20.784610 125
16.000000 20.784610 15.500000 21.650635 125
33.500000 16.454483 34.500000 16.454483 126
15.000000 24.248711 15.500000 25.114737 127
16.000000 24.248711 15.500000 25.114737 127
14.500000 25.114737 15.500000 25.114737 127
14.500000 23.382686 14.000000 24.248711 127
14.000000 24.248711 15.000000 24.248711 127
15.000000 24.248711 14.500000 25.114737 127
14.000000 24.248711 14.500000 25.114737 127
15.000000 24.248711 16.000000 24.248711 127
16.000000 24.248711 16.500000 25.114737 127
14.500000 23.382686 15.000000 24.248711 127
15.500000 25.114737 16.500000 25.114737 127
29.500000 26.846788 13.000000 0.000000 128
12.000000 0.000000 13.000000 0.000000 128
27.500000 26.846788 12.000000 0.000000 128
27.500000 26.846788 28.500000 26.846788 128
28.500000 26.846788 29.500000 26.846788 128
28.500000 26.846788 12.000000 0.000000 128
28.500000 26.846788 13.000000 0.000000 128
36.000000 12.124356 37.000000 12.124356 129
24.500000 6.062178 25.500000 6.062178 130
19.500000 4.330127 19.000000 5.196152 131
29.000000 8.660254 29.500000 9.526279 132
31.000000 8.660254 32.000000 8.660254 132
30.500000 7.794229 30.000000 8.660254 132
32.000000 8.660254 31.500000 9.526279 132
31.500000 9.526279 31.000000 10.392305 132
29.000000 8.660254 30.000000 8.660254 132
31.000000 8.660254 31.500000 9.526279 132
30.500000 9.526279 31.500000 9.526279 132
30.500000 9.526279 31.000000 10.392305 132
31.000000 8.660254 30.500000 9.526279 132
30.000000 8.660254 29.500000 9.526279 132
30.000000 8.660254 30.500000 9.526279 132
30.500000 7.794229 31.000000 8.660254 132
30.000000 8.660254 31.000000 8.660254 132
29.500000 9.526279 30.500000 9.526279 132
32.000000 5.196152 32.500000 6.062178 133
32.500000 4.330127 33.500000 4.330127 133
32.500000 4.330127 32.000000 5.196152 133
31.500000 6.062178 32.500000 6.062178 133
32.000000 5.196152 33.000000 5.196152 133
33.000000 5.196152 32.500000 6.062178 133
32.500000 4.330127 33.000000 5.196152 133
33.500000 4.330127 33.000000 5.196152 133
32.000000 5.196152 31.500000 6.062178 133
26.000000 24.248711 27.000000 24.248711 134
21.000000 13.856406 21.500000 14.722432 135
23.500000 4.330127 24.000000 5.196152 136
17.000000 22.516660 16.500000 23.382686 137
12.000000 17.320508 11.500000 18.186533 138
11.500000 18.186533 11.000000 19.052559 138
11.000000 17.320508 11.500000 18.186533 138
11.000000 17.320508 10.500000 18.186533 138
10.500000 18.186533 11.000000 19.052559 138
11.000000 17.320508 12.000000 17.320508 138
10.500000 18.186533 11.500000 18.186533 138
16.000000 15.588457 17.000000 15.588457 139
36.500000 25.114737 37.000000 25.980762 140
36.000000 25.980762 37.000000 25.980762 140
36.500000 25.114737 36.000000 25.980762 140
16.500000 25.114737 17.500000 25.114737 141
21.000000 24.248711 21.500000 25.114737 142
21.500000 25.114737 21.000000 25.980762 142
20.500000 25.114737 21.000000 25.980762 142
21.000000 24.248711 20.500000 25.114737 142
20.500000 25.114737 21.500000 25.114737 142
10.500000 16.454483 10.000000 17.320508 143
15.500000 12.990381 15.000000 13.856406 144
33.500000 18.186533 34.500000 18.186533 145
40.500000 26.846788 24.000000 0.000000 146
40.500000 26.846788 25.000000 0.000000 146
39.500000 26.846788 24.000000 0.000000 146
39.500000 26.846788 40.500000 26.846788 146
24.000000 0.000000 25.000000 0.000000 146
31.500000 11.258330 31.000000 12.124356 147
17.000000 13.856406 18.000000 13.856406 148
28.500000 18.186533 29.500000 18.186533 149
20.000000 6.928203 21.000000 6.928203 150
19.500000 6.062178 20.500000 6.062178 150
19.500000 6.062178 20.000000 6.928203 150
20.500000 6.062178 21.000000 6.928203 150
20.500000 6.062178 20.000000 6.928203 150
21.000000 6.928203 20.500000 7.794229 150
20.000000 6.928203 20.500000 7.794229 150
38.500000 12.990381 38.000000 13.856406 151
38.500000 12.990381 39.000000 13.856406 151
38.000000 13.856406 39.000000 13.856406 151
21.000000 15.588457 22.000000 15.588457 152
24.500000 6.062178 24.000000 6.928203 153
23.000000 6.928203 23.500000 7.794229 153
24.000000 6.928203 23.500000 7.794229 153
23.500000 6.062178 24.500000 6.062178 153
23.500000 6.062178 23.000000 6.928203 153
23.500000 6.062178 24.000000 6.928203 153
24.000000 6.928203 24.500000 7.794229 153
23.500000 7.794229 24.500000 7.794229 153
23.000000 6.928203 24.000000 6.928203 153
22.500000 12.990381 23.000000 13.856406 154
32.000000 19.052559 31.500000 19.918584 155
32.000000 19.052559 32.500000 19.918584 155
31.500000 19.918584 32.500000 19.918584 155
19.500000 25.114737 20.500000 25.114737 156
22.000000 8.660254 21.500000 9.526279 157
15.500000 2.598076 15.000000 3.464102 158
22.500000 12.990381 22.000000 13.856406 159
27.000000 25.980762 28.000000 25.980762 160
27.500000 25.114737 27.000000 25.980762 160
27.500000 25.114737 28.000000 25.980762 160
18.500000 14.722432 19.500000 14.722432 161
19.000000 13.856406 19.500000 14.722432 161
19.000000 13.856406 18.500000 14.722432 161
19.500000 14.722432 19.000000 15.588457 161
18.500000 14.722432 19.000000 15.588457 161
39.500000 25.114737 39.000000 25.980762 162
38.500000 25.114737 39.500000 25.114737 162
38.500000 25.114737 39.000000 25.980762 162
26.000000 20.784610 27.000000 20.784610 163
28.500000 19.918584 28.000000 20.784610 163
27.500000 19.918584 28.000000 20.784610 163
26.500000 19.918584 27.500000 19.918584 163
27.000000 20.784610 28.000000 20.784610 163
26.500000 19.918584 26.000000 20.784610 163
29.000000 19.052559 28.500000 19.918584 163
27.500000 19.918584 27.000000 20.784610 163
28.000000 19.052559 28.500000 19.918584 163
27.000000 19.052559 27.500000 19.918584 163
27.000000 19.052559 26.500000 19.918584 163
28.000000 19.052559 27.500000 19.918584 163
28.000000 19.052559 29.000000 19.052559 163
26.500000 19.918584 27.000000 20.784610 163
27.500000 19.918584 28.500000 19.918584 163
16.000000 15.588457 16.500000 16.454483 164
16.000000 15.588457 15.500000 16.454483 164
15.500000 16.454483 16.500000 16.454483 164
11.500000 12.990381 12.000000 13.856406 165
15.000000 12.124356 16.000000 12.124356 166
15.000000 12.124356 15.500000 12.990381 166
15.500000 12.990381 16.500000 12.990381 166
16.000000 12.124356 15.500000 12.990381 166
16.000000 12.124356 16.500000 12.990381 166
19.500000 16.454483 20.000000 17.320508 167
19.000000 17.320508 18.500000 18.186533 168
19.500000 18.186533 19.000000 19.052559 168
19.000000 17.320508 19.500000 18.186533 168
18.500000 18.186533 19.000000 19.052559 168
18.500000 18.186533 18.000000 19.052559 168
18.000000 19.052559 19.000000 19.052559 168
18.500000 18.186533 19.500000 18.186533 168
30.500000 6.062178 31.000000 6.928203 169
31.500000 6.062178 31.000000 6.928203 169
30.500000 6.062178 30.000000 6.928203 169
30.000000 6.928203 31.000000 6.928203 169
30.500000 6.062178 31.500000 6.062178 169
10.500000 0.866025 11.000000 1.732051 170
10.500000 0.866025 10.000000 1.732051 170
10.000000 1.732051 11.000000 1.732051 170
9.500000 0.866025 10.500000 0.866025 170
9.500000 0.866025 10.000000 1.732051 170
29.500000 14.722432 30.500000 14.722432 171
26.500000 6.062178 27.000000 6.928203 172
27.000000 5.196152 26.500000 6.062178 172
25.500000 6.062178 26.500000 6.062178 172
27.000000 6.928203 26.500000 7.794229 172
26.000000 5.196152 26.500000 6.062178 172
25.500000 6.062178 26.000000 6.928203 172
26.000000 6.928203 27.000000 6.928203 172
26.000000 5.196152 27.000000 5.196152 172
26.000000 6.928203 26.500000 7.794229 172
26.000000 5.196152 25.500000 6.062178 172
26.500000 6.062178 26.000000 6.928203 172
26.000000 3.464102 26.500000 4.330127 173
27.000000 3.464102 26.500000 4.330127 173
26.000000 3.464102 27.000000 3.464102 173
33.500000 14.722432 34.500000 14.722432 174
20.500000 19.918584 21.000000 20.784610 175
13.500000 12.990381 14.500000 12.990381 176
30.000000 12.124356 30.500000 12.990381 177
31.000000 12.124356 30.500000 12.990381 177
30.000000 12.124356 31.000000 12.124356 177
2.500000 2.598076 2.000000 3.464102 178
9.500000 4.330127 9.000000 5.196152 179
8.500000 4.330127 8.000000 5.196152 179
10.000000 5.196152 9.500000 6.062178 179
9.500000 6.062178 10.500000 6.062178 179
8.500000 4.330127 9.000000 5.196152 179
9.000000 3.464102 9.500000 4.330127 179
10.000000 5.196152 10.500000 6.062178 179
8.000000 3.464102 8.500000 4.330127 179
9.000000 5.196152 10.000000 5.196152 179
9.500000 4.330127 10.000000 5.196152 179
9.000000 5.196152 9.500000 6.062178 179
8.000000 3.464102 9.000000 3.464102 179
8.000000 5.196152 9.000000 5.196152 179
8.500000 4.330127 9.500000 4.330127 179
9.000000 3.464102 8.500000 4.330127 179
20.500000 25.114737 20.000000 25.980762 180
29.000000 17.320508 30.000000 17.320508 181
1.000000 1.732051 1.500000 2.598076 182
1.000000 1.732051 2.000000 1.732051 182
1.500000 2.598076 2.500000 2.598076 182
2.000000 1.732051 1.500000 2.598076 182
2.000000 1.732051 2.500000 2.598076 182
3.500000 0.866025 4.000000 1.732051 183
3.000000 0.000000 4.000000 0.000000 183
3.000000 0.000000 3.500000 0.866025 183
2.500000 0.866025 3.500000 0.866025 183
4.000000 0.000000 5.000000 0.000000 183
5.000000 0.000000 4.500000 0.866025 183
4.000000 0.000000 3.500000 0.866025 183
3.000000 0.000000 2.500000 0.866025 183
3.500000 0.866025 4.500000 0.866025 183
4.500000 0.866025 4.000000 1.732051 183
4.000000 0.000000 4.500000 0.866025 183
23.500000 4.330127 24.500000 4.330127 184
31.000000 25.980762 32.000000 25.980762 185
31.000000 25.980762 31.500000 26.846788 185
32.000000 25.980762 31.500000 26.846788 185
21.000000 12.124356 21.500000 12.990381 186
23.500000 16.454483 23.000000 17.320508 187
22.500000 16.454483 23.000000 17.320508 187
23.000000 15.588457 22.500000 16.454483 187
23.000000 15.588457 23.500000 16.454483 187
22.500000 16.454483 23.500000 16.454483 187
23.000000 17.320508 22.500000 18.186533 188
17.000000 0.000000 16.500000 0.866025 189
14.000000 0.000000 14.500000 0.866025 190
38.500000 19.918584 38.000000 20.784610 191
38.000000 20.784610 39.000000 20.784610 191
38.500000 19.918584 39.000000 20.784610 191
7.500000 9.526279 8.000000 10.392305 192
6.500000 7.794229 7.500000 7.794229 193
6.500000 7.794229 7.000000 8.660254 193
7.500000 7.794229 7.000000 8.660254 193
33.000000 17.320508 32.500000 18.186533 194
13.000000 6.928203 13.500000 7.794229 195
13.000000 6.928203 14.000000 6.928203 195
14.000000 6.928203 13.500000 7.794229 195
39.000000 24.248711 39.500000 25.114737 196
17.000000 15.588457 17.500000 16.454483 197
20.500000 21.650635 21.000000 22.516660 198
21.500000 12.990381 22.000000 13.856406 199
36.500000 14.722432 37.500000 14.722432 200
37.000000 13.856406 36.500000 14.722432 200
37.000000 13.856406 37.500000 14.722432 200
9.000000 13.856406 10.000000 13.856406 201
9.500000 12.990381 9.000000 13.856406 201
8.500000 12.990381 9.500000 12.990381 201
9.500000 12.990381 10.000000 13.856406 201
8.500000 12.990381 9.000000 13.856406 201
9.500000 12.990381 10.500000 12.990381 201
10.500000 12.990381 10.000000 13.856406 201
9.500000 16.454483 41.000000 17.320508 202
28.000000 17.320508 29.000000 17.320508 203
15.000000 19.052559 14.500000 19.918584 204
24.500000 11.258330 25.500000 11.258330 205
25.000000 6.928203 26.000000 6.928203 206
16.500000 2.598076 16.000000 3.464102 207
23.000000 22.516660 24.000000 22.516660 208
33.000000 24.248711 34.000000 24.248711 209
33.500000 21.650635 34.000000 22.516660 209
33.500000 23.382686 34.500000 23.382686 209
32.500000 23.382686 32.000000 24.248711 209
32.500000 23.382686 33.000000 24.248711 209
33.000000 22.516660 33.500000 23.382686 209
34.000000 22.516660 33.500000 23.382686 209
33.000000 22.516660 32.500000 23.382686 209
34.000000 22.516660 34.500000 23.382686 209
33.500000 23.382686 33.000000 24.248711 209
33.000000 22.516660 34.000000 22.516660 209
32.000000 24.248711 33.000000 24.248711 209
32.500000 23.382686 33.500000 23.382686 209
33.500000 21.650635 33.000000 22.516660 209
34.500000 23.382686 34.000000 24.248711 209
22.000000 15.588457 23.000000 15.588457 210
16.000000 19.052559 16.500000 19.918584 211
14.500000 25.114737 46.000000 25.980762 212
45.500000 25.114737 46.000000 25.980762 212
45.500000 25.114737 14.500000 25.114737 212
35.000000 6.928203 34.500000 7.794229 213
5.000000 3.464102 4.500000 4.330127 214
3.500000 4.330127 4.500000 4.330127 214
4.000000 3.464102 4.500000 4.330127 214
4.000000 3.464102 5.000000 3.464102 214
4.000000 3.464102 3.500000 4.330127 214
13.500000 21.650635 14.500000 21.650635 215
13.000000 6.928203 12.500000 7.794229 216
12.000000 6.928203 12.500000 7.794229 216
12.000000 6.928203 13.000000 6.928203 216
17.000000 13.856406 16.500000 14.722432 217
19.500000 21.650635 20.000000 22.516660 218
30.500000 18.186533 30.000000 19.052559 219
11.500000 18.186533 12.500000 18.186533 220
7.500000 0.866025 8.500000 0.866025 221
9.000000 8.660254 10.000000 8.660254 222
9.500000 7.794229 9.000000 8.660254 222
9.500000 7.794229 10.000000 8.660254 222
46.500000 26.846788 31.000000 0.000000 223
14.000000 1.732051 15.000000 1.732051 224
14.500000 6.062178 15.500000 6.062178 225
8.000000 3.464102 7.500000 4.330127 226
34.500000 9.526279 34.000000 10.392305 227
20.000000 22.516660 21.000000 22.516660 228
20.000000 22.516660 20.500000 23.382686 228
21.000000 22.516660 20.500000 23.382686 228
28.500000 6.062178 28.000000 6.928203 229
18.000000 22.516660 17.500000 23.382686 230
18.500000 23.382686 18.000000 24.248711 230
18.500000 23.382686 19.000000 24.248711 230
19.000000 22.516660 19.500000 23.382686 230
19.000000 22.516660 18.500000 23.382686 230
18.000000 24.248711 19.000000 24.248711 230
17.500000 23.382686 18.000000 24.248711 230
18.500000 23.382686 19.500000 23.382686 230
18.000000 22.516660 18.500000 23.382686 230
17.500000 23.382686 18.500000 23.382686 230
19.500000 23.382686 19.000000 24.248711 230
17.500000 14.722432 18.000000 15.588457 231
17.500000 14.722432 18.500000 14.722432 231
18.500000 14.722432 18.000000 15.588457 231
6.500000 4.330127 7.500000 4.330127 232
28.000000 15.588457 29.000000 15.588457 233
29.500000 25.114737 30.000000 25.980762 234
29.500000 25.114737 29.000000 25.980762 234
29.000000 25.980762 30.000000 25.980762 234
10.500000 7.794229 11.000000 8.660254 235
11.500000 7.794229 11.000000 8.660254 235
10.500000 7.794229 11.500000 7.794229 235
9.000000 5.196152 8.500000 6.062178 236
38.000000 24.248711 37.500000 25.114737 237
11.500000 11.258330 12.000000 12.124356 238
18.500000 9.526279 19.500000 9.526279 239
11.500000 6.062178 12.000000 6.928203 240
7.000000 10.392305 6.500000 11.258330 241
8.000000 10.392305 7.500000 11.258330 241
7.000000 10.392305 8.000000 10.392305 241
7.000000 10.392305 7.500000 11.258330 241
6.500000 11.258330 7.500000 11.258330 241
23.000000 15.588457 24.000000 15.588457 242
23.500000 14.722432 24.000000 15.588457 242
23.500000 14.722432 23.000000 15.588457 242
30.000000 3.464102 29.500000 4.330127 243
29.000000 3.464102 29.500000 4.330127 243
29.000000 3.464102 30.000000 3.464102 243
25.000000 22.516660 25.500000 23.382686 244
14.000000 8.660254 15.000000 8.660254 245
14.500000 7.794229 15.000000 8.660254 245
14.500000 7.794229 14.000000 8.660254 245
15.500000 14.722432 15.000000 15.588457 246
14.000000 5.196152 13.500000 6.062178 247
14.000000 5.196152 14.500000 6.062178 247
13.000000 5.196152 12.500000 6.062178 247
13.500000 6.062178 14.500000 6.062178 247
12.500000 6.062178 13.500000 6.062178 247
13.500000 4.330127 14.500000 4.330127 247
13.500000 4.330127 14.000000 5.196152 247
13.500000 4.330127 13.000000 5.196152 247
14.500000 4.330127 14.000000 5.196152 247
13.000000 5.196152 13.500000 6.062178 247
13.000000 5.196152 14.000000 5.196152 247
14.500000 11.258330 15.500000 11.258330 248
15.500000 11.258330 15.000000 12.124356 248
14.500000 11.258330 14.000000 12.124356 248
14.000000 12.124356 15.000000 12.124356 248
14.500000 11.258330 15.000000 12.124356 248
10.000000 10.392305 11.000000 10.392305 249
23.000000 19.052559 22.500000 19.918584 250
22.000000 19.052559 23.000000 19.052559 250
22.000000 19.052559 22.500000 19.918584 250
32.000000 12.124356 31.500000 12.990381 251
46.000000 25.980762 46.500000 26.846788 252
31.500000 9.526279 32.000000 10.392305 253
32.500000 11.258330 32.000000 12.124356 254
27.000000 10.392305 26.500000 11.258330 255
21.000000 10.392305 21.500000 11.258330 256
31.000000 22.516660 32.000000 22.516660 257
31.500000 21.650635 31.000000 22.516660 257
31.500000 21.650635 32.000000 22.516660 257
16.500000 21.650635 17.000000 22.516660 258
16.500000 21.650635 17.500000 21.650635 258
17.000000 20.784610 17.500000 21.650635 258
17.000000 20.784610 16.500000 21.650635 258
16.500000 21.650635 16.000000 22.516660 258
17.500000 21.650635 17.000000 22.516660 258
16.000000 22.516660 17.000000 22.516660 258
22.500000 6.062178 23.000000 6.928203 259
31.000000 19.052559 31.500000 19.918584 260
22.500000 6.062178 22.000000 6.928203 261
2.000000 3.464102 3.000000 3.464102 262
25.500000 11.258330 26.500000 11.258330 263
26.500000 11.258330 26.000000 12.124356 263
25.500000 11.258330 26.000000 12.124356 263
29.000000 12.124356 30.000000 12.124356 264
10.000000 0.000000 9.500000 0.866025 265
25.500000 26.846788 10.000000 0.000000 265
24.500000 26.846788 9.000000 0.000000 265
25.500000 26.846788 9.000000 0.000000 265
9.000000 0.000000 10.000000 0.000000 265
25.000000 25.980762 25.500000 26.846788 265
24.500000 26.846788 25.500000 26.846788 265
9.000000 0.000000 9.500000 0.866025 265
25.000000 25.980762 24.500000 26.846788 265
32.000000 8.660254 33.000000 8.660254 266
28.500000 0.866025 29.000000 1.732051 267
24.000000 24.248711 25.000000 24.248711 268
24.500000 23.382686 25.000000 24.248711 268
24.500000 23.382686 24.000000 24.248711 268
21.000000 22.516660 21.500000 23.382686 269
5.500000 4.330127 6.000000 5.196152 270
25.500000 21.650635 25.000000 22.516660 271
24.500000 21.650635 25.500000 21.650635 271
24.500000 21.650635 25.000000 22.516660 271
12.000000 5.196152 12.500000 6.062178 272
20.000000 17.320508 21.000000 17.320508 273
20.000000 17.320508 19.500000 18.186533 273
19.500000 18.186533 20.500000 18.186533 273
21.000000 17.320508 20.500000 18.186533 273
20.000000 17.320508 20.500000 18.186533 273
7.000000 5.196152 8.000000 5.196152 274
25.500000 2.598076 26.500000 2.598076 275
22.000000 13.856406 21.500000 14.722432 276
7.500000 12.990381 39.000000 13.856406 277
32.000000 22.516660 32.500000 23.382686 278
30.500000 0.866025 31.000000 1.732051 279
30.500000 0.866025 31.500000 0.866025 279
31.500000 0.866025 31.000000 1.732051 279
13.000000 8.660254 13.500000 9.526279 280
12.000000 10.392305 13.000000 10.392305 280
13.500000 9.526279 14.000000 10.392305 280
12.500000 9.526279 12.000000 10.392305 280
13.500000 9.526279 13.000000 10.392305 280
13.000000 10.392305 14.000000 10.392305 280
13.000000 8.660254 12.500000 9.526279 280
12.500000 9.526279 13.500000 9.526279 280
12.500000 9.526279 13.000000 10.392305 280
16.000000 17.320508 16.500000 18.186533 281
16.000000 17.320508 15.500000 18.186533 281
15.500000 18.186533 16.500000 18.186533 281
32.500000 7.794229 33.500000 7.794229 282
21.500000 7.794229 22.500000 7.794229 283
20.500000 14.722432 20.000000 15.588457 284
26.500000 2.598076 27.500000 2.598076 285
13.500000 7.794229 13.000000 8.660254 286
7.000000 6.928203 6.500000 7.794229 287
18.500000 12.990381 19.500000 12.990381 288
7.500000 11.258330 8.500000 11.258330 289
31.500000 11.258330 32.500000 11.258330 290
32.000000 10.392305 31.500000 11.258330 290
32.000000 10.392305 32.500000 11.258330 290
22.000000 20.784610 22.500000 21.650635 291
24.500000 12.990381 25.500000 12.990381 292
30.000000 15.588457 29.500000 16.454483 293
36.000000 12.124356 35.500000 12.990381 294
27.500000 23.382686 28.500000 23.382686 295
13.500000 12.990381 14.000000 13.856406 296
8.500000 7.794229 9.000000 8.660254 297
35.500000 21.650635 36.000000 22.516660 298
34.000000 5.196152 33.500000 6.062178 299
29.000000 24.248711 28.500000 25.114737 300
33.000000 25.980762 32.500000 26.846788 301
21.500000 16.454483 22.500000 16.454483 302
23.000000 8.660254 24.000000 8.660254 303
23.500000 7.794229 24.000000 8.660254 303
23.500000 7.794229 23.000000 8.660254 303
6.000000 6.928203 7.000000 6.928203 304
20.000000 10.392305 21.000000 10.392305 305
19.000000 12.124356 20.000000 12.124356 306
19.500000 11.258330 20.000000 12.124356 306
19.000000 12.124356 19.500000 12.990381 306
20.000000 12.124356 19.500000 12.990381 306
19.500000 11.258330 19.000000 12.124356 306
13.000000 3.464102 14.000000 3.464102 307
13.000000 3.464102 13.500000 4.330127 307
14.000000 3.464102 13.500000 4.330127 307
5.000000 3.464102 5.500000 4.330127 308
5.000000 3.464102 6.000000 3.464102 308
6.000000 3.464102 5.500000 4.330127 308
24.000000 5.196152 23.500000 6.062178 309
19.000000 20.784610 18.500000 21.650635 310
27.500000 7.794229 28.500000 7.794229 311
28.000000 6.928203 27.500000 7.794229 311
28.000000 6.928203 28.500000 7.794229 311
22.500000 2.598076 23.000000 3.464102 312
9.000000 12.124356 8.500000 12.990381 313
31.000000 24.248711 30.500000 25.114737 314
31.500000 14.722432 32.500000 14.722432 315
27.000000 12.124356 28.000000 12.124356 316
8.000000 8.660254 8.500000 9.526279 317
8.000000 8.660254 9.000000 8.660254 317
8.000000 8.660254 7.500000 9.526279 317
7.500000 9.526279 8.500000 9.526279 317
9.000000 8.660254 8.500000 9.526279 317
26.500000 26.846788 11.000000 0.000000 318
36.500000 23.382686 37.000000 24.248711 319
22.000000 17.320508 22.500000 18.186533 320
31.000000 12.124356 31.500000 12.990381 321
26.000000 19.052559 25.500000 19.918584 322
17.500000 11.258330 17.000000 12.124356 323
28.000000 0.000000 28.500000 0.866025 324
42.500000 26.846788 43.500000 26.846788 325
11.500000 0.866025 11.000000 1.732051 326
21.500000 18.186533 22.500000 18.186533 327
18.500000 6.062178 19.500000 6.062178 328
24.500000 25.114737 25.500000 25.114737 329
25.000000 24.248711 24.500000 25.114737 329
25.000000 24.248711 25.500000 25.114737 329
6.500000 9.526279 7.500000 9.526279 330
7.000000 8.660254 6.500000 9.526279 330
7.000000 8.660254 7.500000 9.526279 330
34.500000 16.454483 34.000000 17.320508 331
37.500000 25.114737 38.000000 25.980762 332
29.000000 15.588457 28.500000 16.454483 333
27.000000 25.980762 27.500000 26.846788 334
8.500000 2.598076 8.000000 3.464102 335
7.500000 7.794229 8.000000 8.660254 336
14.500000 6.062178 15.000000 6.928203 337
34.500000 21.650635 35.500000 21.650635 338
3.500000 6.062178 4.500000 6.062178 339
30.000000 13.856406 30.500000 14.722432 340
31.000000 13.856406 31.500000 14.722432 340
30.500000 12.990381 31.000000 13.856406 340
30.500000 14.722432 31.500000 14.722432 340
30.000000 13.856406 31.000000 13.856406 340
31.000000 13.856406 32.000000 13.856406 340
31.000000 13.856406 30.500000 14.722432 340
30.500000 12.990381 30.000000 13.856406 340
32.000000 13.856406 31.500000 14.722432 340
29.000000 8.660254 28.500000 9.526279 341
22.500000 23.382686 22.000000 24.248711 342
22.000000 8.660254 23.000000 8.660254 343
31.000000 20.784610 31.500000 21.650635 344
32.000000 1.732051 31.500000 2.598076 345
23.500000 25.114737 23.000000 25.980762 346
22.500000 25.114737 23.000000 25.980762 346
22.500000 25.114737 23.500000 25.114737 346
18.000000 10.392305 19.000000 10.392305 347
17.500000 19.918584 18.000000 20.784610 348
19.500000 21.650635 20.500000 21.650635 349
38.000000 13.856406 38.500000 14.722432 350
10.500000 4.330127 10.000000 5.196152 351
40.000000 25.980762 39.500000 26.846788 352
14.000000 10.392305 14.500000 11.258330 353
27.000000 10.392305 28.000000 10.392305 354
13.500000 11.258330 14.000000 12.124356 355
13.000000 12.124356 14.000000 12.124356 355
13.500000 11.258330 13.000000 12.124356 355
34.000000 20.784610 33.500000 21.650635 356
34.000000 20.784610 34.500000 21.650635 356
33.500000 21.650635 34.500000 21.650635 356
35.000000 17.320508 35.500000 18.186533 357
34.500000 18.186533 35.500000 18.186533 357
34.500000 18.186533 35.000000 19.052559 357
35.500000 18.186533 35.000000 19.052559 357
35.000000 17.320508 34.500000 18.186533 357
39.500000 25.114737 40.500000 25.114737 358
11.500000 16.454483 11.000000 17.320508 359
10.500000 14.722432 11.000000 15.588457 360
36.500000 12.990381 37.500000 12.990381 361
37.000000 12.124356 36.500000 12.990381 361
37.500000 12.990381 37.000000 13.856406 361
36.500000 12.990381 37.000000 13.856406 361
37.000000 12.124356 37.500000 12.990381 361
31.000000 19.052559 30.500000 19.918584 362
40.000000 15.588457 40.500000 16.454483 363
40.000000 15.588457 9.000000 15.588457 363
9.000000 15.588457 40.500000 16.454483 363
22.500000 19.918584 22.000000 20.784610 364
19.500000 11.258330 20.500000 11.258330 365
20.000000 24.248711 19.500000 25.114737 366
25.000000 10.392305 24.500000 11.258330 367
9.500000 9.526279 10.500000 9.526279 368
38.000000 12.124356 38.500000 12.990381 369
24.000000 8.660254 24.500000 9.526279 370
39.000000 19.052559 38.500000 19.918584 371
23.000000 1.732051 23.500000 2.598076 372
17.500000 12.990381 17.000000 13.856406 373
16.500000 12.990381 17.500000 12.990381 373
16.000000 13.856406 17.000000 13.856406 373
16.500000 12.990381 17.000000 13.856406 373
16.500000 12.990381 16.000000 13.856406 373
36.500000 23.382686 37.500000 23.382686 374
33.500000 26.846788 17.000000 0.000000 375
8.500000 9.526279 9.000000 10.392305 376
22.000000 10.392305 23.000000 10.392305 377
15.000000 3.464102 15.500000 4.330127 378
15.000000 3.464102 14.500000 4.330127 378
14.500000 4.330127 15.500000 4.330127 378
32.500000 2.598076 32.000000 3.464102 379
5.500000 7.794229 6.500000 7.794229 380
27.000000 0.000000 27.500000 0.866025 381
26.500000 0.866025 27.500000 0.866025 381
27.000000 0.000000 26.500000 0.866025 381
35.500000 23.382686 35.000000 24.248711 382
31.000000 15.588457 30.500000 16.454483 383
30.000000 15.588457 30.500000 16.454483 383
30.000000 15.588457 31.000000 15.588457 383
22.500000 9.526279 23.000000 10.392305 384
17.500000 9.526279 18.500000 9.526279 385
24.500000 11.258330 24.000000 12.124356 386
31.500000 7.794229 32.500000 7.794229 387
32.000000 6.928203 32.500000 7.794229 387
32.000000 6.928203 31.500000 7.794229 387
39.000000 15.588457 40.000000 15.588457 388
39.500000 14.722432 39.000000 15.588457 388
39.500000 14.722432 40.000000 15.588457 388
0.000000 0.000000 1.000000 0.000000 389
24.000000 24.248711 23.500000 25.114737 390
23.000000 24.248711 24.000000 24.248711 390
23.000000 24.248711 23.500000 25.114737 390
31.000000 24.248711 31.500000 25.114737 391
34.500000 23.382686 35.500000 23.382686 392
35.000000 22.516660 34.500000 23.382686 392
35.000000 22.516660 35.500000 23.382686 392
36.000000 22.516660 35.500000 23.382686 392
35.000000 22.516660 36.000000 22.516660 392
29.500000 19.918584 29.000000 20.784610 393
24.000000 12.124356 24.500000 12.990381 394
22.500000 14.722432 23.500000 14.722432 395
9.000000 8.660254 9.500000 9.526279 396
16.500000 11.258330 17.000000 12.124356 397
42.000000 25.980762 41.500000 26.846788 398
23.500000 9.526279 24.500000 9.526279 399
23.500000 25.114737 24.500000 25.114737 400
15.500000 9.526279 15.000000 10.392305 401
32.500000 6.062178 32.000000 6.928203 402
17.500000 26.846788 18.500000 26.846788 403
33.500000 25.114737 33.000000 25.980762 404
32.500000 25.114737 33.000000 25.980762 404
32.500000 25.114737 33.500000 25.114737 404
32.000000 3.464102 32.500000 4.330127 405
19.000000 10.392305 19.500000 11.258330 406
46.500000 26.846788 30.000000 0.000000 407
27.000000 24.248711 26.500000 25.114737 408
11.000000 5.196152 11.500000 6.062178 409
19.000000 13.856406 20.000000 13.856406 410
12.500000 0.866025 12.000000 1.732051 411
26.000000 8.660254 27.000000 8.660254 412
35.500000 12.990381 36.500000 12.990381 413
26.000000 12.124356 27.000000 12.124356 414
10.000000 15.588457 10.500000 16.454483 415
10.000000 15.588457 11.000000 15.588457 415
11.000000 15.588457 10.500000 16.454483 415
27.000000 24.248711 27.500000 25.114737 416
20.500000 26.846788 21.500000 26.846788 417
21.000000 25.980762 20.500000 26.846788 417
21.000000 25.980762 21.500000 26.846788 417
14.000000 15.588457 13.500000 16.454483 418
14.000000 15.588457 14.500000 16.454483 418
13.500000 16.454483 14.500000 16.454483 418
3.500000 2.598076 4.000000 3.464102 419
3.500000 2.598076 3.000000 3.464102 419
3.000000 3.464102 4.000000 3.464102 419
2.500000 4.330127 3.500000 4.330127 420
10.500000 16.454483 11.000000 17.320508 421
32.500000 11.258330 33.500000 11.258330 422
15.000000 0.000000 15.500000 0.866025 423
31.000000 3.464102 30.500000 4.330127 424
45.500000 25.114737 45.000000 25.980762 425
21.500000 4.330127 22.000000 5.196152 426
12.500000 11.258330 12.000000 12.124356 427
9.500000 11.258330 10.000000 12.124356 428
9.500000 11.258330 10.500000 11.258330 428
10.500000 11.258330 10.000000 12.124356 428
17.500000 16.454483 18.000000 17.320508 429
17.500000 16.454483 18.500000 16.454483 429
18.500000 16.454483 18.000000 17.320508 429
21.500000 26.846788 22.500000 26.846788 430
22.500000 26.846788 6.000000 0.000000 430
21.500000 26.846788 6.000000 0.000000 430
6.500000 0.866025 7.000000 1.732051 431
1.000000 0.000000 1.500000 0.866025 432
27.500000 7.794229 27.000000 8.660254 433
14.500000 16.454483 15.500000 16.454483 434
17.000000 10.392305 18.000000 10.392305 435
29.000000 22.516660 28.500000 23.382686 436
28.000000 25.980762 29.000000 25.980762 437
29.000000 13.856406 30.000000 13.856406 438
34.000000 25.980762 35.000000 25.980762 439
37.500000 21.650635 37.000000 22.516660 440
22.000000 1.732051 22.500000 2.598076 441
23.000000 1.732051 22.500000 2.598076 441
22.000000 1.732051 23.000000 1.732051 441
15.500000 6.062178 16.000000 6.928203 442
18.000000 13.856406 19.000000 13.856406 443
26.500000 7.794229 26.000000 8.660254 444
19.000000 8.660254 18.500000 9.526279 445
18.000000 6.928203 19.000000 6.928203 446
10.000000 15.588457 9.500000 16.454483 447
14.000000 1.732051 13.500000 2.598076 448
23.500000 0.866025 24.000000 1.732051 449
23.500000 0.866025 24.500000 0.866025 449
24.000000 0.000000 24.500000 0.866025 449
24.000000 0.000000 23.500000 0.866025 449
24.500000 0.866025 24.000000 1.732051 449
29.000000 6.928203 29.500000 7.794229 450
19.500000 16.454483 19.000000 17.320508 451
24.000000 13.856406 24.500000 14.722432 452
27.500000 25.114737 28.500000 25.114737 453
29.500000 4.330127 30.000000 5.196152 454
9.000000 13.856406 9.500000 14.722432 455
8.500000 14.722432 9.000000 15.588457 455
9.000000 13.856406 8.500000 14.722432 455
9.500000 14.722432 9.000000 15.588457 455
8.500000 14.722432 9.500000 14.722432 455
36.500000 21.650635 36.000000 22.516660 456
27.000000 0.000000 28.000000 0.000000 457
43.500000 26.846788 27.000000 0.000000 457
43.500000 26.846788 28.000000 0.000000 457
23.000000 5.196152 22.500000 6.062178 458
22.000000 5.196152 23.000000 5.196152 458
22.000000 5.196152 22.500000 6.062178 458
28.500000 7.794229 29.500000 7.794229 459
28.500000 7.794229 29.000000 8.660254 460
37.500000 18.186533 38.500000 18.186533 461
38.500000 18.186533 38.000000 19.052559 461
37.500000 18.186533 38.000000 19.052559 461
35.000000 8.660254 35.500000 9.526279 462
28.500000 12.990381 29.500000 12.990381 463
35.000000 19.052559 35.500000 19.918584 464
25.500000 12.990381 26.500000 12.990381 465
25.500000 12.990381 26.000000 13.856406 465
26.500000 12.990381 26.000000 13.856406 465
15.500000 26.846788 31.000000 0.000000 466
31.000000 0.000000 31.500000 0.866025 466
31.000000 0.000000 0.000000 0.000000 466
0.000000 0.000000 31.500000 0.866025 466
15.500000 26.846788 0.000000 0.000000 466
20.000000 10.392305 19.500000 11.258330 467
27.000000 1.732051 27.500000 2.598076 468
23.000000 12.124356 23.500000 12.990381 469
16.000000 19.052559 17.000000 19.052559 470
12.500000 16.454483 13.000000 17.320508 471
12.500000 16.454483 12.000000 17.320508 471
13.000000 15.588457 12.500000 16.454483 471
13.000000 15.588457 13.500000 16.454483 471
12.000000 17.320508 13.000000 17.320508 471
12.500000 16.454483 13.500000 16.454483 471
13.500000 16.454483 13.000000 17.320508 471
11.500000 0.866025 12.000000 1.732051 472
8.000000 10.392305 9.000000 10.392305 473
7.000000 12.124356 7.500000 12.990381 474
8.000000 12.124356 7.500000 12.990381 474
7.000000 12.124356 8.000000 12.124356 474
15.000000 13.856406 15.500000 14.722432 475
39.000000 17.320508 38.500000 18.186533 476
38.000000 17.320508 39.000000 17.320508 476
38.000000 17.320508 38.500000 18.186533 476
31.500000 16.454483 32.500000 16.454483 477
9.500000 14.722432 10.000000 15.588457 478
2.000000 3.464102 33.500000 4.330127 479
2.500000 2.598076 3.500000 2.598076 480
13.500000 19.918584 13.000000 20.784610 481
37.000000 20.784610 36.500000 21.650635 482
11.000000 5.196152 10.500000 6.062178 483
27.000000 10.392305 27.500000 11.258330 484
17.000000 24.248711 17.500000 25.114737 485
9.000000 1.732051 10.000000 1.732051 486
24.000000 22.516660 24.500000 23.382686 487
20.000000 19.052559 21.000000 19.052559 488
32.000000 25.980762 33.000000 25.980762 489
18.000000 15.588457 18.500000 16.454483 490
18.000000 25.980762 19.000000 25.980762 491
0.500000 0.866025 32.000000 1.732051 492
11.500000 14.722432 11.000000 15.588457 493
1.500000 2.598076 33.000000 3.464102 494
28.500000 23.382686 29.500000 23.382686 495
23.000000 19.052559 23.500000 19.918584 496
12.000000 5.196152 11.500000 6.062178 497
17.500000 19.918584 17.000000 20.784610 498
29.500000 14.722432 30.000000 15.588457 499
29.500000 14.722432 29.000000 15.588457 499
29.000000 15.588457 30.000000 15.588457 499
20.500000 23.382686 21.000000 24.248711 500
25.500000 19.918584 25.000000 20.784610 501
25.000000 13.856406 24.500000 14.722432 502
27.000000 25.980762 26.500000 26.846788 503
15.000000 25.980762 15.500000 26.846788 504
11.000000 15.588457 11.500000 16.454483 505
5.500000 4.330127 5.000000 5.196152 506
38.000000 19.052559 37.500000 19.918584 507
10.000000 17.320508 41.500000 18.186533 508
10.000000 17.320508 10.500000 18.186533 508
41.500000 18.186533 10.500000 18.186533 508
6.000000 3.464102 6.500000 4.330127 509
14.000000 20.784610 14.500000 21.650635 510
14.000000 3.464102 15.000000 3.464102 511
35.000000 19.052559 36.000000 19.052559 512
35.000000 20.784610 34.500000 21.650635 513
18.500000 25.114737 19.000000 25.980762 514
18.500000 16.454483 19.000000 17.320508 515
16.000000 12.124356 17.000000 12.124356 516
10.500000 18.186533 42.000000 19.052559 517
13.500000 7.794229 14.500000 7.794229 518
30.500000 26.846788 31.500000 26.846788 519
20.500000 7.794229 20.000000 8.660254 520
17.500000 12.990381 18.500000 12.990381 521
4.500000 6.062178 5.500000 6.062178 522
27.000000 12.124356 26.500000 12.990381 523
29.500000 19.918584 30.500000 19.918584 524
27.500000 9.526279 27.000000 10.392305 525
31.000000 20.784610 32.000000 20.784610 526
17.500000 25.114737 18.500000 25.114737 527
18.000000 24.248711 18.500000 25.114737 527
18.000000 24.248711 17.500000 25.114737 527
40.000000 25.980762 41.000000 25.980762 528
3.500000 4.330127 4.000000 5.196152 529
33.500000 19.918584 33.000000 20.784610 530
13.000000 1.732051 12.500000 2.598076 531
36.000000 22.516660 36.500000 23.382686 532
32.000000 20.784610 33.000000 20.784610 533
31.000000 24.248711 32.000000 24.248711 534
13.500000 14.722432 14.500000 14.722432 535
33.000000 12.124356 32.500000 12.990381 536
33.000000 12.124356 33.500000 12.990381 536
32.500000 12.990381 33.500000 12.990381 536
23.500000 19.918584 24.000000 20.784610 537
23.500000 19.918584 23.000000 20.784610 537
23.000000 20.784610 24.000000 20.784610 537
15.000000 5.196152 16.000000 5.196152 538
17.000000 12.124356 18.000000 12.124356 539
35.500000 19.918584 35.000000 20.784610 540
34.000000 19.052559 35.000000 19.052559 541
29.500000 23.382686 29.000000 24.248711 542
2.500000 4.330127 34.000000 5.196152 543
30.000000 12.124356 29.500000 12.990381 544
35.000000 24.248711 36.000000 24.248711 545
12.000000 0.000000 11.500000 0.866025 546
32.000000 17.320508 31.500000 18.186533 547
23.000000 12.124356 22.500000 12.990381 548
32.500000 21.650635 33.500000 21.650635 549
37.500000 18.186533 37.000000 19.052559 550
36.500000 18.186533 37.500000 18.186533 550
36.500000 18.186533 37.000000 19.052559 550
36.000000 15.588457 35.500000 16.454483 551
0.500000 0.866025 1.000000 1.732051 552
29.500000 6.062178 30.500000 6.062178 553
36.000000 17.320508 36.500000 18.186533 554
34.500000 19.918584 35.000000 20.784610 555
7.500000 11.258330 7.000000 12.124356 556
35.500000 7.794229 35.000000 8.660254 557
21.000000 19.052559 20.500000 19.918584 558
14.000000 10.392305 13.500000 11.258330 559
29.500000 0.866025 29.000000 1.732051 560
32.000000 19.052559 33.000000 19.052559 561
17.500000 9.526279 18.000000 10.392305 562
17.500000 14.722432 17.000000 15.588457 563
38.000000 12.124356 7.000000 12.124356 564
30.000000 25.980762 30.500000 26.846788 565
12.500000 7.794229 13.000000 8.660254 566
28.500000 11.258330 28.000000 12.124356 567
30.500000 2.598076 31.000000 3.464102 568
29.500000 9.526279 30.000000 10.392305 569
29.000000 10.392305 30.000000 10.392305 569
30.000000 10.392305 29.500000 11.258330 569
29.000000 10.392305 29.500000 11.258330 569
29.500000 9.526279 29.000000 10.392305 569
3.500000 4.330127 3.000000 5.196152 570
26.500000 0.866025 27.000000 1.732051 571
26.000000 1.732051 27.000000 1.732051 571
26.500000 0.866025 26.000000 1.732051 571
0.500000 0.866025 1.500000 0.866025 572
29.500000 11.258330 29.000000 12.124356 573
30.000000 22.516660 31.000000 22.516660 574
36.000000 24.248711 36.500000 25.114737 575
4.500000 6.062178 4.000000 6.928203 576
11.000000 12.124356 12.000000 12.124356 577
12.000000 12.124356 11.500000 12.990381 577
11.000000 12.124356 11.500000 12.990381 577
8.000000 6.928203 7.500000 7.794229 578
9.500000 9.526279 10.000000 10.392305 579
4.500000 2.598076 4.000000 3.464102 580
35.000000 10.392305 34.500000 11.258330 581
4.000000 1.732051 3.500000 2.598076 582
37.000000 15.588457 38.000000 15.588457 583
24.500000 25.114737 24.000000 25.980762 584
27.500000 6.062178 28.000000 6.928203 585
27.000000 6.928203 28.000000 6.928203 585
27.500000 6.062178 27.000000 6.928203 585
13.000000 0.000000 14.000000 0.000000 586
36.500000 25.114737 37.500000 25.114737 587
32.000000 3.464102 33.000000 3.464102 588
22.500000 0.866025 23.500000 0.866025 589
30.500000 18.186533 31.500000 18.186533 590
5.500000 0.866025 6.500000 0.866025 591
21.500000 25.114737 22.000000 25.980762 592
16.000000 5.196152 17.000000 5.196152 593
31.000000 15.588457 32.000000 15.588457 594
35.500000 7.794229 36.000000 8.660254 595
23.000000 10.392305 24.000000 10.392305 596
23.500000 9.526279 24.000000 10.392305 596
23.500000 9.526279 23.000000 10.392305 596
18.000000 25.980762 18.500000 26.846788 597
29.000000 3.464102 28.500000 4.330127 598
0.000000 0.000000 0.500000 0.866025 599
22.500000 7.794229 23.000000 8.660254 600
29.000000 0.000000 28.500000 0.866025 601
16.500000 23.382686 17.500000 23.382686 602
15.500000 4.330127 16.000000 5.196152 603
16.500000 4.330127 16.000000 5.196152 603
15.500000 4.330127 16.500000 4.330127 603
31.500000 12.990381 32.000000 13.856406 604
31.500000 12.990381 32.500000 12.990381 604
32.500000 12.990381 32.000000 13.856406 604
36.000000 15.588457 37.000000 15.588457 605
1.500000 0.866025 2.000000 1.732051 606
2.500000 0.866025 2.000000 1.732051 606
1.500000 0.866025 2.500000 0.866025 606
35.500000 16.454483 36.500000 16.454483 607
8.000000 1.732051 8.500000 2.598076 608
9.000000 1.732051 8.500000 2.598076 608
8.000000 1.732051 9.000000 1.732051 608
25.000000 25.980762 26.000000 25.980762 609
38.500000 14.722432 38.000000 15.588457 610
37.500000 14.722432 38.000000 15.588457 610
37.500000 14.722432 38.500000 14.722432 610
33.000000 13.856406 33.500000 14.722432 611
26.000000 12.124356 25.500000 12.990381 612
9.500000 2.598076 9.000000 3.464102 613
23.000000 3.464102 23.500000 4.330127 614
22.500000 4.330127 23.500000 4.330127 614
23.000000 3.464102 22.500000 4.330127 614
35.000000 25.980762 35.500000 26.846788 615
36.500000 19.918584 37.500000 19.918584 616
24.000000 13.856406 23.500000 14.722432 617
12.500000 7.794229 12.000000 8.660254 618
35.500000 25.114737 35.000000 25.980762 619
33.000000 20.784610 34.000000 20.784610 620
34.500000 7.794229 35.500000 7.794229 621
20.500000 19.918584 20.000000 20.784610 622
13.500000 0.866025 14.000000 1.732051 623
26.500000 7.794229 27.500000 7.794229 624
17.000000 5.196152 16.500000 6.062178 625
35.000000 20.784610 36.000000 20.784610 626
28.000000 8.660254 27.500000 9.526279 627
37.000000 19.052559 36.500000 19.918584 628
26.000000 0.000000 25.500000 0.866025 629
41.000000 19.052559 42.000000 19.052559 630
25.000000 13.856406 25.500000 14.722432 631
28.000000 10.392305 28.500000 11.258330 632
27.000000 5.196152 28.000000 5.196152 633
30.000000 17.320508 29.500000 18.186533 634
24.000000 22.516660 23.500000 23.382686 635
22.500000 23.382686 23.500000 23.382686 636
33.000000 8.660254 33.500000 9.526279 637
29.000000 12.124356 28.500000 12.990381 638
28.000000 12.124356 29.000000 12.124356 638
28.000000 12.124356 28.500000 12.990381 638
19.500000 14.722432 20.000000 15.588457 639
15.000000 1.732051 14.500000 2.598076 640
28.000000 8.660254 28.500000 9.526279 641
16.500000 23.382686 17.000000 24.248711 642
24.500000 25.114737 25.000000 25.980762 643
29.000000 10.392305 28.500000 11.258330 644
7.500000 7.794229 8.500000 7.794229 645
33.000000 13.856406 32.500000 14.722432 646
25.000000 8.660254 24.500000 9.526279 647
24.000000 15.588457 25.000000 15.588457 648
23.500000 16.454483 24.500000 16.454483 649
19.500000 12.990381 20.500000 12.990381 650
31.000000 5.196152 30.500000 6.062178 651
24.500000 19.918584 24.000000 20.784610 652
43.500000 26.846788 44.500000 26.846788 653
29.500000 21.650635 30.500000 21.650635 654
33.500000 6.062178 33.000000 6.928203 655
21.500000 25.114737 22.500000 25.114737 656
7.000000 1.732051 7.500000 2.598076 657
23.500000 26.846788 8.000000 0.000000 658
11.000000 6.928203 12.000000 6.928203 659
12.000000 3.464102 12.500000 4.330127 660
16.000000 3.464102 16.500000 4.330127 661
32.500000 12.990381 33.000000 13.856406 662
34.000000 25.980762 33.500000 26.846788 663
23.000000 0.000000 24.000000 0.000000 664
10.000000 3.464102 10.500000 4.330127 665
20.000000 25.980762 19.500000 26.846788 666
16.500000 9.526279 17.000000 10.392305 667
20.500000 11.258330 21.000000 12.124356 668
35.000000 10.392305 36.000000 10.392305 669
18.000000 12.124356 18.500000 12.990381 670
25.000000 5.196152 25.500000 6.062178 671
31.000000 10.392305 30.500000 11.258330 672
37.000000 24.248711 38.000000 24.248711 673
14.500000 4.330127 15.000000 5.196152 674
33.000000 10.392305 32.500000 11.258330 675
20.500000 6.062178 21.500000 6.062178 676
37.500000 19.918584 38.000000 20.784610 677
16.000000 1.732051 15.500000 2.598076 678
14.000000 8.660254 14.500000 9.526279 679
11.000000 3.464102 10.500000 4.330127 680
42.000000 19.052559 42.500000 19.918584 681
4.000000 5.196152 4.500000 6.062178 682
29.500000 12.990381 30.000000 13.856406 683
22.000000 19.052559 21.500000 19.918584 684
21.000000 19.052559 22.000000 19.052559 684
21.000000 19.052559 21.500000 19.918584 684
17.500000 26.846788 2.000000 0.000000 685
41.000000 25.980762 41.500000 26.846788 686
8.000000 5.196152 7.500000 6.062178 687
19.500000 9.526279 19.000000 10.392305 688
27.500000 23.382686 27.000000 24.248711 689
27.000000 24.248711 28.000000 24.248711 689
27.500000 23.382686 28.000000 24.248711 689
31.500000 19.918584 31.000000 20.784610 690
13.000000 0.000000 13.500000 0.866025 691
32.500000 26.846788 16.000000 0.000000 692
24.500000 12.990381 25.000000 13.856406 693
7.000000 3.464102 7.500000 4.330127 694
14.500000 12.990381 15.000000 13.856406 695
37.000000 24.248711 36.500000 25.114737 696
10.000000 1.732051 10.500000 2.598076 697
15.000000 15.588457 15.500000 16.454483 698
33.500000 26.846788 34.500000 26.846788 699
25.000000 20.784610 25.500000 21.650635 700
29.500000 0.866025 30.000000 1.732051 701
11.000000 0.000000 11.500000 0.866025 702
15.000000 13.856406 14.500000 14.722432 703
12.500000 2.598076 13.500000 2.598076 704
6.000000 0.000000 6.500000 0.866025 705
26.500000 9.526279 26.000000 10.392305 706
10.000000 10.392305 9.500000 11.258330 707
33.000000 5.196152 33.500000 6.062178 708
6.000000 1.732051 5.500000 2.598076 709
6.000000 1.732051 6.500000 2.598076 709
5.500000 2.598076 6.500000 2.598076 709
19.000000 19.052559 20.000000 19.052559 710
36.500000 21.650635 37.000000 22.516660 711
3.000000 3.464102 2.500000 4.330127 712
20.000000 25.980762 20.500000 26.846788 713
21.500000 23.382686 22.000000 24.248711 714
12.000000 15.588457 12.500000 16.454483 715
40.500000 16.454483 9.500000 16.454483 716
37.000000 20.784610 37.500000 21.650635 717
30.500000 11.258330 31.000000 12.124356 718
19.000000 10.392305 18.500000 11.258330 719
28.000000 25.980762 28.500000 26.846788 720
25.500000 4.330127 26.500000 4.330127 721
15.000000 22.516660 15.500000 23.382686 722
31.500000 0.866025 32.000000 1.732051 723
27.500000 12.990381 27.000000 13.856406 724
39.000000 19.052559 40.000000 19.052559 725
14.000000 13.856406 15.000000 13.856406 726
6.500000 2.598076 6.000000 3.464102 727
17.500000 21.650635 18.500000 21.650635 728
19.500000 7.794229 19.000000 8.660254 729
12.000000 19.052559 11.500000 19.918584 730
39.500000 14.722432 8.500000 14.722432 731
14.500000 18.186533 15.500000 18.186533 732
16.500000 25.114737 17.000000 25.980762 733
9.000000 1.732051 9.500000 2.598076 734
13.500000 6.062178 13.000000 6.928203 735
14.500000 2.598076 15.500000 2.598076 736
22.000000 3.464102 23.000000 3.464102 737
28.000000 1.732051 29.000000 1.732051 738
39.000000 15.588457 39.500000 16.454483 739
5.500000 6.062178 6.500000 6.062178 740
8.000000 12.124356 9.000000 12.124356 741
22.500000 19.918584 23.000000 20.784610 742
12.500000 11.258330 13.500000 11.258330 743
11.500000 18.186533 12.000000 19.052559 744
36.500000 14.722432 37.000000 15.588457 745
20.500000 16.454483 21.000000 17.320508 746
15.000000 10.392305 14.500000 11.258330 747
21.000000 8.660254 20.500000 9.526279 748
15.500000 23.382686 16.500000 23.382686 749
20.000000 5.196152 20.500000 6.062178 750
39.500000 23.382686 39.000000 24.248711 751
29.500000 26.846788 30.500000 26.846788 752
3.000000 5.196152 34.500000 6.062178 753
31.000000 20.784610 30.500000 21.650635 754
16.500000 0.866025 16.000000 1.732051 755
26.000000 10.392305 25.500000 11.258330 756
18.500000 26.846788 3.000000 0.000000 757
19.000000 8.660254 20.000000 8.660254 758
44.000000 25.980762 44.500000 26.846788 759
27.000000 13.856406 27.500000 14.722432 760
26.000000 0.000000 27.000000 0.000000 761
20.500000 7.794229 21.500000 7.794229 762
28.500000 6.062178 29.000000 6.928203 763
24.000000 22.516660 25.000000 22.516660 764
32.000000 17.320508 33.000000 17.320508 765
16.500000 16.454483 16.000000 17.320508 766
19.500000 6.062178 19.000000 6.928203 767
31.500000 14.722432 32.000000 15.588457 768
35.500000 14.722432 36.000000 15.588457 769
25.500000 0.866025 25.000000 1.732051 770
14.500000 0.866025 14.000000 1.732051 771
18.500000 11.258330 18.000000 12.124356 772
26.500000 2.598076 26.000000 3.464102 773
14.500000 19.918584 15.500000 19.918584 774
42.000000 25.980762 42.500000 26.846788 775
33.000000 3.464102 33.500000 4.330127 776
16.500000 16.454483 17.000000 17.320508 777
12.000000 10.392305 11.500000 11.258330 778
18.500000 12.990381 19.000000 13.856406 779
21.500000 14.722432 22.000000 15.588457 780
23.000000 8.660254 23.500000 9.526279 781
21.000000 17.320508 21.500000 18.186533 782
16.500000 6.062178 16.000000 6.928203 783
13.000000 0.000000 12.500000 0.866025 784
9.500000 14.722432 10.500000 14.722432 785
24.000000 25.980762 24.500000 26.846788 786
16.500000 4.330127 17.500000 4.330127 787
32.500000 19.918584 33.000000 20.784610 788
4.000000 6.928203 35.500000 7.794229 789
20.000000 5.196152 21.000000 5.196152 790
17.000000 10.392305 17.500000 11.258330 791
21.500000 21.650635 22.000000 22.516660 792
32.500000 9.526279 33.000000 10.392305 793
31.500000 7.794229 32.000000 8.660254 794
11.500000 19.918584 12.500000 19.918584 795
12.000000 12.124356 13.000000 12.124356 796
33.500000 12.990381 34.500000 12.990381 797
32.500000 14.722432 33.000000 15.588457 798
31.000000 6.928203 32.000000 6.928203 799
21.500000 4.330127 22.500000 4.330127 800
36.000000 20.784610 36.500000 21.650635 801
13.000000 19.052559 12.500000 19.918584 802
17.500000 18.186533 17.000000 19.052559 803
4.500000 0.866025 5.000000 1.732051 804
30.000000 1.732051 31.000000 1.732051 805
5.000000 5.196152 4.500000 6.062178 806
11.500000 16.454483 12.500000 16.454483 807
27.500000 0.866025 28.500000 0.866025 808
43.000000 25.980762 43.500000 26.846788 809
22.500000 23.382686 23.000000 24.248711 810
3.000000 1.732051 2.500000 2.598076 811
28.500000 25.114737 29.000000 25.980762 812
17.500000 21.650635 18.000000 22.516660 813
15.500000 9.526279 16.000000 10.392305 814
16.000000 0.000000 16.500000 0.866025 815
31.500000 9.526279 32.500000 9.526279 816
13.500000 14.722432 13.000000 15.588457 817
21.500000 2.598076 22.000000 3.464102 818
31.500000 18.186533 32.000000 19.052559 819
30.000000 3.464102 30.500000 4.330127 820
8.500000 0.866025 9.500000 0.866025 821
22.500000 18.186533 22.000000 19.052559 822
25.000000 3.464102 26.000000 3.464102 823
30.000000 20.784610 31.000000 20.784610 824
13.000000 8.660254 14.000000 8.660254 825
15.000000 1.732051 16.000000 1.732051 826
16.000000 10.392305 16.500000 11.258330 827
22.000000 22.516660 21.500000 23.382686 828
6.000000 1.732051 7.000000 1.732051 829
21.500000 16.454483 22.000000 17.320508 830
15.000000 12.124356 14.500000 12.990381 831
34.000000 5.196152 3.000000 5.196152 832
5.000000 0.000000 6.000000 0.000000 833
34.500000 9.526279 35.500000 9.526279 834
25.500000 19.918584 26.000000 20.784610 835
14.000000 12.124356 13.500000 12.990381 836
11.500000 12.990381 11.000000 13.856406 837
3.500000 6.062178 35.000000 6.928203 838
37.500000 25.114737 38.500000 25.114737 839
7.000000 0.000000 7.500000 0.866025 840
26.500000 9.526279 27.500000 9.526279 841
17.000000 5.196152 17.500000 6.062178 842
16.000000 10.392305 17.000000 10.392305 843
21.000000 15.588457 21.500000 16.454483 844
35.000000 17.320508 36.000000 17.320508 845
23.500000 12.990381 23.000000 13.856406 846
8.000000 0.000000 7.500000 0.866025 847
32.500000 26.846788 17.000000 0.000000 848
30.000000 1.732051 29.500000 2.598076 849
36.000000 10.392305 35.500000 11.258330 850
27.000000 12.124356 27.500000 12.990381 851
18.500000 21.650635 19.000000 22.516660 852
14.000000 22.516660 14.500000 23.382686 853
13.500000 21.650635 14.000000 22.516660 854
16.500000 18.186533 16.000000 19.052559 855
24.000000 20.784610 24.500000 21.650635 856
20.500000 9.526279 21.500000 9.526279 857
17.000000 12.124356 17.500000 12.990381 858
7.000000 1.732051 8.000000 1.732051 859
28.500000 4.330127 28.000000 5.196152 860
30.000000 22.516660 29.500000 23.382686 861
21.500000 21.650635 21.000000 22.516660 862
15.500000 0.866025 16.000000 1.732051 863
14.000000 19.052559 15.000000 19.052559 864
23.000000 13.856406 22.500000 14.722432 865
