32 32 32 32 32
19.000000 15.588457 18.500000 16.454483 1
18.000000 15.588457 19.000000 15.588457 1
18.000000 15.588457 18.500000 16.454483 1
16.000000 5.196152 17.000000 5.196152 2
25.500000 26.846788 26.500000 26.846788 3
10.000000 0.000000 9.500000 0.866025 3
10.000000 1.732051 9.500000 2.598076 3
10.000000 1.732051 10.500000 2.598076 3
9.500000 2.598076 10.000000 3.464102 3
9.000000 3.464102 10.000000 3.464102 3
11.500000 0.866025 11.000000 1.732051 3
25.500000 26.846788 10.000000 0.000000 3
26.500000 26.846788 11.000000 0.000000 3
26.000000 25.980762 26.500000 26.846788 3
9.000000 1.732051 9.500000 2.598076 3
10.000000 0.000000 11.000000 0.000000 3
9.500000 2.598076 10.500000 2.598076 3
11.500000 0.866025 12.500000 0.866025 3
10.000000 0.000000 10.500000 0.866025 3
11.000000 1.732051 11.500000 2.598076 3
9.000000 0.000000 10.000000 0.000000 3
9.500000 0.866025 10.000000 1.732051 3
10.500000 0.866025 11.000000 1.732051 3
11.500000 0.866025 12.000000 1.732051 3
26.000000 25.980762 27.000000 25.980762 3
9.500000 0.866025 10.500000 0.866025 3
10.500000 0.866025 10.000000 1.732051 3
26.000000 25.980762 25.500000 26.846788 3
11.000000 0.000000 11.500000 0.866025 3
9.500000 2.598076 9.000000 3.464102 3
9.500000 0.866025 9.000000 1.732051 3
10.500000 0.866025 11.500000 0.866025 3
10.500000 2.598076 10.000000 3.464102 3
10.500000 2.598076 11.500000 2.598076 3
12.000000 1.732051 11.500000 2.598076 3
12.000000 0.000000 11.500000 0.866025 3
11.000000 0.000000 10.500000 0.866025 3
12.000000 0.000000 12.500000 0.866025 3
11.000000 0.000000 12.000000 0.000000 3
26.500000 26.846788 10.000000 0.000000 3
9.000000 1.732051 10.000000 1.732051 3
27.000000 25.980762 26.500000 26.846788 3
9.000000 0.000000 9.500000 0.866025 3
32.500000 19.918584 33.500000 19.918584 4
30.500000 18.186533 31.000000 19.052559 4
34.500000 21.650635 34.000000 22.516660 4
34.000000 19.052559 33.500000 19.918584 4
33.500000 21.650635 34.500000 21.650635 4
33.500000 21.650635 34.000000 22.516660 4
32.500000 19.918584 32.000000 20.784610 4
31.000000 19.052559 32.000000 19.052559 4
33.500000 18.186533 34.000000 19.052559 4
33.000000 20.784610 33.500000 21.650635 4
32.500000 18.186533 33.000000 19.052559 4
33.500000 19.918584 34.000000 20.784610 4
32.000000 20.784610 32.500000 21.650635 4
32.000000 19.052559 33.000000 19.052559 4
34.000000 20.784610 34.500000 21.650635 4
33.500000 21.650635 33.000000 22.516660 4
32.000000 19.052559 32.500000 19.918584 4
31.500000 18.186533 32.000000 19.052559 4
31.500000 19.918584 32.000000 20.784610 4
33.000000 20.784610 32.500000 21.650635 4
30.500000 18.186533 31.500000 18.186533 4
32.000000 20.784610 33.000000 20.784610 4
32.500000 18.186533 32.000000 19.052559 4
31.500000 19.918584 32.500000 19.918584 4
33.500000 18.186533 33.000000 19.052559 4
32.500000 21.650635 33.000000 22.516660 4
33.000000 19.052559 34.000000 19.052559 4
31.500000 18.186533 31.000000 19.052559 4
34.000000 20.784610 33.500000 21.650635 4
33.000000 19.052559 32.500000 19.918584 4
32.500000 19.918584 33.000000 20.784610 4
33.000000 22.516660 34.000000 22.516660 4
31.000000 19.052559 31.500000 19.918584 4
32.000000 19.052559 31.500000 19.918584 4
32.500000 18.186533 33.500000 18.186533 4
8.500000 7.794229 9.000000 8.660254 5
20.500000 2.598076 21.500000 2.598076 6
21.000000 3.464102 20.500000 4.330127 6
20.000000 3.464102 20.500000 4.330127 6
21.500000 2.598076 21.000000 3.464102 6
22.000000 3.464102 21.500000 4.330127 6
21.000000 3.464102 22.000000 3.464102 6
21.000000 1.732051 20.500000 2.598076 6
20.500000 4.330127 21.500000 4.330127 6
21.500000 2.598076 22.000000 3.464102 6
20.000000 3.464102 21.000000 3.464102 6
21.000000 1.732051 21.500000 2.598076 6
20.500000 2.598076 21.000000 3.464102 6
20.500000 2.598076 20.000000 3.464102 6
22.000000 15.588457 22.500000 16.454483 7
22.500000 18.186533 23.000000 19.052559 7
21.500000 16.454483 21.000000 17.320508 7
23.500000 16.454483 23.000000 17.320508 7
22.500000 18.186533 23.500000 18.186533 7
21.500000 16.454483 22.500000 16.454483 7
22.000000 17.320508 22.500000 18.186533 7
21.000000 17.320508 22.000000 17.320508 7
23.000000 15.588457 22.500000 16.454483 7
22.000000 15.588457 21.500000 16.454483 7
23.500000 18.186533 23.000000 19.052559 7
22.500000 16.454483 22.000000 17.320508 7
23.000000 17.320508 24.000000 17.320508 7
21.500000 16.454483 22.000000 17.320508 7
23.500000 16.454483 24.000000 17.320508 7
22.000000 15.588457 23.000000 15.588457 7
22.500000 16.454483 23.000000 17.320508 7
23.000000 15.588457 23.500000 16.454483 7
22.000000 17.320508 23.000000 17.320508 7
23.000000 17.320508 23.500000 18.186533 7
23.000000 17.320508 22.500000 18.186533 7
22.500000 16.454483 23.500000 16.454483 7
21.000000 8.660254 20.500000 9.526279 8
20.000000 8.660254 20.500000 9.526279 8
20.000000 8.660254 21.000000 8.660254 8
13.000000 5.196152 13.500000 6.062178 9
32.000000 13.856406 32.500000 14.722432 10
31.500000 14.722432 32.500000 14.722432 10
32.000000 13.856406 31.500000 14.722432 10
32.000000 13.856406 33.000000 13.856406 10
33.000000 13.856406 32.500000 14.722432 10
22.500000 4.330127 23.000000 5.196152 11
17.000000 22.516660 18.000000 22.516660 12
31.000000 12.124356 32.000000 12.124356 13
19.000000 24.248711 20.000000 24.248711 14
15.500000 25.114737 15.000000 25.980762 15
5.500000 4.330127 6.000000 5.196152 15
21.000000 25.980762 20.500000 26.846788 15
18.500000 25.114737 19.000000 25.980762 15
19.000000 25.980762 18.500000 26.846788 15
33.000000 3.464102 33.500000 4.330127 15
33.500000 6.062178 34.000000 6.928203 15
20.500000 26.846788 4.000000 0.000000 15
16.500000 26.846788 0.000000 0.000000 15
6.500000 0.866025 7.000000 1.732051 15
36.000000 8.660254 5.000000 8.660254 15
32.000000 3.464102 33.000000 3.464102 15
4.000000 1.732051 4.500000 2.598076 15
4.000000 5.196152 5.000000 5.196152 15
3.500000 2.598076 3.000000 3.464102 15
20.000000 25.980762 20.500000 26.846788 15
21.000000 24.248711 21.500000 25.114737 15
6.000000 0.000000 5.500000 0.866025 15
2.000000 0.000000 1.500000 0.866025 15
34.000000 6.928203 35.000000 6.928203 15
5.000000 1.732051 6.000000 1.732051 15
5.000000 0.000000 4.500000 0.866025 15
4.500000 6.062178 5.000000 6.928203 15
20.500000 26.846788 21.500000 26.846788 15
3.000000 3.464102 3.500000 4.330127 15
6.000000 3.464102 6.500000 4.330127 15
1.500000 2.598076 2.500000 2.598076 15
4.500000 4.330127 5.500000 4.330127 15
19.500000 26.846788 4.000000 0.000000 15
1.000000 1.732051 1.500000 2.598076 15
21.000000 25.980762 22.000000 25.980762 15
16.000000 25.980762 16.500000 26.846788 15
32.500000 4.330127 33.000000 5.196152 15
4.500000 0.866025 5.000000 1.732051 15
2.500000 2.598076 3.500000 2.598076 15
33.500000 4.330127 34.000000 5.196152 15
5.500000 2.598076 6.000000 3.464102 15
5.000000 1.732051 5.500000 2.598076 15
3.000000 3.464102 2.500000 4.330127 15
4.500000 7.794229 5.500000 7.794229 15
33.000000 6.928203 34.000000 6.928203 15
19.000000 25.980762 20.000000 25.980762 15
2.000000 0.000000 3.000000 0.000000 15
32.500000 2.598076 32.000000 3.464102 15
0.000000 0.000000 0.500000 0.866025 15
3.500000 4.330127 4.500000 4.330127 15
20.500000 23.382686 21.000000 24.248711 15
2.500000 4.330127 3.500000 4.330127 15
2.000000 3.464102 3.000000 3.464102 15
31.000000 0.000000 0.000000 0.000000 15
46.500000 26.846788 15.500000 26.846788 15
5.000000 5.196152 6.000000 5.196152 15
20.500000 23.382686 21.500000 23.382686 15
17.000000 24.248711 18.000000 24.248711 15
18.000000 25.980762 18.500000 26.846788 15
17.500000 26.846788 2.000000 0.000000 15
18.000000 24.248711 18.500000 25.114737 15
1.000000 0.000000 1.500000 0.866025 15
33.000000 3.464102 32.500000 4.330127 15
35.000000 6.928203 4.000000 6.928203 15
16.500000 26.846788 1.000000 0.000000 15
19.500000 26.846788 3.000000 0.000000 15
33.500000 4.330127 33.000000 5.196152 15
6.500000 2.598076 6.000000 3.464102 15
6.000000 3.464102 7.000000 3.464102 15
3.500000 4.330127 4.000000 5.196152 15
2.500000 2.598076 2.000000 3.464102 15
21.500000 25.114737 22.000000 25.980762 15
3.000000 5.196152 34.500000 6.062178 15
6.500000 2.598076 7.000000 3.464102 15
19.500000 26.846788 20.500000 26.846788 15
4.500000 7.794229 5.000000 8.660254 15
5.000000 3.464102 6.000000 3.464102 15
3.500000 2.598076 4.000000 3.464102 15
34.000000 5.196152 34.500000 6.062178 15
4.500000 2.598076 5.000000 3.464102 15
21.500000 26.846788 6.000000 0.000000 15
1.500000 0.866025 2.500000 0.866025 15
32.500000 4.330127 33.500000 4.330127 15
20.000000 25.980762 21.000000 25.980762 15
35.500000 7.794229 36.000000 8.660254 15
21.500000 23.382686 21.000000 24.248711 15
22.000000 25.980762 21.500000 26.846788 15
1.500000 0.866025 1.000000 1.732051 15
4.000000 6.928203 4.500000 7.794229 15
17.500000 25.114737 18.000000 25.980762 15
17.000000 25.980762 17.500000 26.846788 15
6.000000 0.000000 6.500000 0.866025 15
36.000000 8.660254 36.500000 9.526279 15
17.000000 24.248711 16.500000 25.114737 15
4.000000 6.928203 5.000000 6.928203 15
5.500000 0.866025 5.000000 1.732051 15
21.000000 24.248711 22.000000 24.248711 15
5.000000 8.660254 36.500000 9.526279 15
18.500000 26.846788 19.500000 26.846788 15
3.500000 2.598076 4.500000 2.598076 15
17.500000 26.846788 1.000000 0.000000 15
15.000000 25.980762 46.500000 26.846788 15
4.500000 2.598076 5.500000 2.598076 15
2.500000 0.866025 3.500000 0.866025 15
31.000000 0.000000 31.500000 0.866025 15
21.000000 24.248711 20.500000 25.114737 15
33.000000 3.464102 2.000000 3.464102 15
2.000000 1.732051 3.000000 1.732051 15
5.000000 0.000000 5.500000 0.866025 15
4.000000 0.000000 3.500000 0.866025 15
17.500000 26.846788 18.500000 26.846788 15
2.000000 1.732051 1.500000 2.598076 15
3.000000 0.000000 3.500000 0.866025 15
2.000000 1.732051 2.500000 2.598076 15
15.500000 25.114737 16.500000 25.114737 15
3.500000 6.062178 4.500000 6.062178 15
3.500000 0.866025 3.000000 1.732051 15
15.000000 25.980762 15.500000 26.846788 15
2.500000 0.866025 3.000000 1.732051 15
1.500000 2.598076 2.000000 3.464102 15
4.000000 3.464102 4.500000 4.330127 15
7.000000 3.464102 6.500000 4.330127 15
17.500000 25.114737 17.000000 25.980762 15
4.500000 0.866025 5.500000 0.866025 15
5.500000 7.794229 5.000000 8.660254 15
5.500000 2.598076 6.500000 2.598076 15
16.500000 25.114737 17.000000 25.980762 15
21.500000 26.846788 5.000000 0.000000 15
6.500000 4.330127 6.000000 5.196152 15
7.000000 1.732051 6.500000 2.598076 15
17.000000 25.980762 16.500000 26.846788 15
19.500000 25.114737 20.000000 25.980762 15
22.000000 24.248711 21.500000 25.114737 15
4.000000 0.000000 4.500000 0.866025 15
1.000000 0.000000 2.000000 0.000000 15
33.000000 5.196152 33.500000 6.062178 15
4.000000 6.928203 35.500000 7.794229 15
5.000000 3.464102 4.500000 4.330127 15
35.500000 7.794229 4.500000 7.794229 15
33.500000 6.062178 34.500000 6.062178 15
4.500000 4.330127 4.000000 5.196152 15
5.500000 4.330127 6.500000 4.330127 15
34.500000 6.062178 35.000000 6.928203 15
5.500000 4.330127 5.000000 5.196152 15
33.500000 6.062178 33.000000 6.928203 15
33.000000 5.196152 34.000000 5.196152 15
15.500000 26.846788 0.000000 0.000000 15
3.000000 3.464102 4.000000 3.464102 15
0.000000 0.000000 1.000000 0.000000 15
4.500000 0.866025 4.000000 1.732051 15
16.500000 26.846788 17.500000 26.846788 15
20.500000 25.114737 21.500000 25.114737 15
5.000000 8.660254 6.000000 8.660254 15
15.000000 25.980762 16.000000 25.980762 15
35.000000 6.928203 35.500000 7.794229 15
6.000000 1.732051 6.500000 2.598076 15
1.500000 0.866025 2.000000 1.732051 15
18.500000 26.846788 3.000000 0.000000 15
6.500000 0.866025 6.000000 1.732051 15
18.500000 25.114737 18.000000 25.980762 15
5.500000 7.794229 6.000000 8.660254 15
3.500000 6.062178 35.000000 6.928203 15
32.000000 1.732051 1.000000 1.732051 15
3.500000 4.330127 3.000000 5.196152 15
16.000000 25.980762 15.500000 26.846788 15
4.000000 3.464102 3.500000 4.330127 15
1.000000 1.732051 2.000000 1.732051 15
3.500000 0.866025 4.000000 1.732051 15
4.500000 4.330127 5.000000 5.196152 15
2.500000 4.330127 3.000000 5.196152 15
0.500000 0.866025 1.000000 1.732051 15
18.000000 24.248711 17.500000 25.114737 15
0.500000 0.866025 32.000000 1.732051 15
16.000000 25.980762 17.000000 25.980762 15
17.000000 24.248711 17.500000 25.114737 15
34.000000 5.196152 3.000000 5.196152 15
4.000000 5.196152 4.500000 6.062178 15
4.000000 5.196152 3.500000 6.062178 15
32.500000 2.598076 33.000000 3.464102 15
19.500000 25.114737 20.500000 25.114737 15
18.500000 25.114737 19.500000 25.114737 15
1.000000 1.732051 32.500000 2.598076 15
6.000000 1.732051 5.500000 2.598076 15
31.500000 0.866025 32.000000 1.732051 15
20.500000 25.114737 20.000000 25.980762 15
5.000000 6.928203 5.500000 7.794229 15
3.000000 5.196152 3.500000 6.062178 15
20.500000 26.846788 5.000000 0.000000 15
5.000000 6.928203 4.500000 7.794229 15
2.500000 2.598076 3.000000 3.464102 15
4.000000 3.464102 5.000000 3.464102 15
32.000000 1.732051 32.500000 2.598076 15
46.500000 26.846788 31.000000 0.000000 15
16.500000 25.114737 16.000000 25.980762 15
16.500000 25.114737 17.500000 25.114737 15
21.500000 23.382686 22.000000 24.248711 15
19.500000 25.114737 19.000000 25.980762 15
21.000000 15.588457 20.500000 16.454483 16
17.000000 15.588457 17.500000 16.454483 17
11.500000 4.330127 12.500000 4.330127 18
12.500000 4.330127 12.000000 5.196152 18
12.000000 5.196152 13.000000 5.196152 18
11.500000 4.330127 12.000000 5.196152 18
12.500000 4.330127 13.000000 5.196152 18
21.000000 12.124356 20.500000 12.990381 19
18.000000 10.392305 19.000000 10.392305 19
21.000000 13.856406 22.000000 13.856406 19
17.500000 9.526279 18.000000 10.392305 19
17.000000 13.856406 18.000000 13.856406 19
17.000000 12.124356 18.000000 12.124356 19
18.500000 14.722432 19.500000 14.722432 19
17.500000 11.258330 17.000000 12.124356 19
18.000000 10.392305 17.500000 11.258330 19
19.000000 12.124356 20.000000 12.124356 19
19.500000 12.990381 20.500000 12.990381 19
19.000000 13.856406 18.500000 14.722432 19
17.500000 14.722432 18.500000 14.722432 19
18.000000 13.856406 17.500000 14.722432 19
22.000000 13.856406 21.500000 14.722432 19
20.000000 12.124356 19.500000 12.990381 19
17.000000 10.392305 18.000000 10.392305 19
19.500000 12.990381 20.000000 13.856406 19
18.000000 10.392305 18.500000 11.258330 19
20.000000 13.856406 19.500000 14.722432 19
16.000000 12.124356 17.000000 12.124356 19
18.000000 12.124356 19.000000 12.124356 19
20.500000 14.722432 21.500000 14.722432 19
20.500000 12.990381 20.000000 13.856406 19
16.500000 11.258330 17.500000 11.258330 19
19.000000 13.856406 19.500000 14.722432 19
18.500000 12.990381 19.500000 12.990381 19
17.500000 14.722432 18.000000 15.588457 19
19.000000 12.124356 19.500000 12.990381 19
21.500000 14.722432 22.500000 14.722432 19
20.000000 12.124356 20.500000 12.990381 19
19.500000 12.990381 19.000000 13.856406 19
18.500000 14.722432 18.000000 15.588457 19
16.500000 12.990381 17.500000 12.990381 19
17.500000 11.258330 18.000000 12.124356 19
17.000000 12.124356 16.500000 12.990381 19
17.000000 13.856406 17.500000 14.722432 19
16.500000 11.258330 16.000000 12.124356 19
20.500000 12.990381 21.000000 13.856406 19
21.000000 13.856406 20.500000 14.722432 19
17.500000 12.990381 17.000000 13.856406 19
17.500000 12.990381 18.000000 13.856406 19
17.500000 11.258330 18.500000 11.258330 19
19.500000 14.722432 20.500000 14.722432 19
17.000000 12.124356 17.500000 12.990381 19
20.000000 13.856406 20.500000 14.722432 19
16.000000 13.856406 17.000000 13.856406 19
16.000000 12.124356 16.500000 12.990381 19
22.000000 13.856406 22.500000 14.722432 19
18.000000 12.124356 18.500000 12.990381 19
18.000000 13.856406 19.000000 13.856406 19
16.500000 11.258330 17.000000 12.124356 19
21.000000 13.856406 21.500000 14.722432 19
18.500000 11.258330 19.000000 12.124356 19
20.000000 12.124356 21.000000 12.124356 19
18.500000 12.990381 18.000000 13.856406 19
16.500000 12.990381 17.000000 13.856406 19
16.500000 12.990381 16.000000 13.856406 19
19.000000 13.856406 20.000000 13.856406 19
19.000000 10.392305 18.500000 11.258330 19
18.000000 12.124356 17.500000 12.990381 19
17.500000 9.526279 17.000000 10.392305 19
17.000000 10.392305 16.500000 11.258330 19
18.000000 13.856406 18.500000 14.722432 19
20.000000 13.856406 21.000000 13.856406 19
10.500000 18.186533 42.000000 19.052559 20
41.500000 18.186533 41.000000 19.052559 20
10.000000 17.320508 41.500000 18.186533 20
10.000000 17.320508 11.000000 17.320508 20
41.000000 19.052559 42.000000 19.052559 20
10.000000 17.320508 10.500000 18.186533 20
42.000000 19.052559 11.000000 19.052559 20
10.500000 18.186533 11.000000 19.052559 20
41.500000 18.186533 42.000000 19.052559 20
11.000000 17.320508 10.500000 18.186533 20
41.500000 18.186533 10.500000 18.186533 20
40.500000 26.846788 41.500000 26.846788 21
44.000000 25.980762 44.500000 26.846788 21
23.500000 4.330127 23.000000 5.196152 21
42.500000 23.382686 43.000000 24.248711 21
24.000000 3.464102 24.500000 4.330127 21
40.000000 24.248711 40.500000 25.114737 21
41.000000 25.980762 41.500000 26.846788 21
42.500000 25.114737 42.000000 25.980762 21
25.000000 3.464102 25.500000 4.330127 21
23.500000 4.330127 24.500000 4.330127 21
26.000000 3.464102 25.500000 4.330127 21
26.000000 1.732051 27.000000 1.732051 21
25.000000 0.000000 25.500000 0.866025 21
24.000000 6.928203 23.500000 7.794229 21
27.000000 0.000000 27.500000 0.866025 21
25.000000 1.732051 26.000000 1.732051 21
24.500000 6.062178 24.000000 6.928203 21
24.500000 2.598076 25.000000 3.464102 21
26.000000 0.000000 27.000000 0.000000 21
23.500000 6.062178 24.500000 6.062178 21
41.500000 26.846788 25.000000 0.000000 21
27.000000 0.000000 28.000000 0.000000 21
25.000000 5.196152 24.500000 6.062178 21
28.000000 0.000000 27.500000 0.866025 21
26.500000 4.330127 26.000000 5.196152 21
41.500000 25.114737 42.500000 25.114737 21
23.500000 6.062178 24.000000 6.928203 21
40.500000 25.114737 41.000000 25.980762 21
24.500000 4.330127 24.000000 5.196152 21
42.000000 24.248711 42.500000 25.114737 21
42.500000 26.846788 43.500000 26.846788 21
25.500000 4.330127 26.500000 4.330127 21
41.000000 25.980762 42.000000 25.980762 21
23.000000 6.928203 23.500000 7.794229 21
43.500000 25.114737 43.000000 25.980762 21
42.000000 25.980762 41.500000 26.846788 21
25.000000 5.196152 26.000000 5.196152 21
24.000000 5.196152 23.500000 6.062178 21
45.000000 25.980762 45.500000 26.846788 21
40.500000 26.846788 24.000000 0.000000 21
25.500000 4.330127 25.000000 5.196152 21
25.000000 3.464102 24.500000 4.330127 21
43.500000 26.846788 44.500000 26.846788 21
23.000000 6.928203 24.000000 6.928203 21
42.000000 25.980762 43.000000 25.980762 21
41.000000 24.248711 40.500000 25.114737 21
24.000000 5.196152 24.500000 6.062178 21
25.500000 0.866025 26.000000 1.732051 21
24.500000 2.598076 24.000000 3.464102 21
24.500000 0.866025 25.000000 1.732051 21
40.000000 25.980762 40.500000 26.846788 21
43.500000 26.846788 28.000000 0.000000 21
24.500000 2.598076 25.500000 2.598076 21
42.000000 25.980762 42.500000 26.846788 21
24.000000 0.000000 24.500000 0.866025 21
25.500000 4.330127 26.000000 5.196152 21
44.500000 26.846788 28.000000 0.000000 21
44.000000 25.980762 43.500000 26.846788 21
25.000000 1.732051 25.500000 2.598076 21
45.000000 25.980762 44.500000 26.846788 21
24.500000 4.330127 25.500000 4.330127 21
41.500000 25.114737 41.000000 25.980762 21
27.000000 0.000000 26.500000 0.866025 21
43.000000 24.248711 43.500000 25.114737 21
26.000000 3.464102 26.500000 4.330127 21
42.500000 23.382686 42.000000 24.248711 21
40.500000 26.846788 25.000000 0.000000 21
40.000000 24.248711 41.000000 24.248711 21
26.000000 0.000000 25.500000 0.866025 21
40.500000 25.114737 40.000000 25.980762 21
42.000000 24.248711 43.000000 24.248711 21
40.000000 24.248711 39.500000 25.114737 21
43.000000 25.980762 44.000000 25.980762 21
23.000000 5.196152 23.500000 6.062178 21
23.000000 5.196152 24.000000 5.196152 21
41.500000 26.846788 26.000000 0.000000 21
27.500000 0.866025 27.000000 1.732051 21
42.500000 26.846788 27.000000 0.000000 21
25.500000 2.598076 26.000000 3.464102 21
42.000000 24.248711 41.500000 25.114737 21
26.500000 0.866025 27.000000 1.732051 21
24.500000 4.330127 25.000000 5.196152 21
40.500000 25.114737 41.500000 25.114737 21
26.500000 0.866025 27.500000 0.866025 21
23.500000 6.062178 23.000000 6.928203 21
26.000000 0.000000 26.500000 0.866025 21
24.000000 0.000000 25.000000 0.000000 21
25.500000 2.598076 25.000000 3.464102 21
43.000000 25.980762 43.500000 26.846788 21
44.000000 25.980762 45.000000 25.980762 21
42.500000 26.846788 26.000000 0.000000 21
41.500000 23.382686 42.500000 23.382686 21
41.000000 24.248711 42.000000 24.248711 21
25.000000 0.000000 26.000000 0.000000 21
26.000000 1.732051 25.500000 2.598076 21
39.500000 25.114737 40.500000 25.114737 21
25.000000 1.732051 24.500000 2.598076 21
41.500000 23.382686 42.000000 24.248711 21
44.500000 26.846788 45.500000 26.846788 21
25.500000 0.866025 25.000000 1.732051 21
23.500000 4.330127 24.000000 5.196152 21
24.500000 0.866025 25.500000 0.866025 21
24.000000 3.464102 23.500000 4.330127 21
43.500000 25.114737 44.000000 25.980762 21
42.500000 25.114737 43.500000 25.114737 21
10.500000 2.598076 11.000000 3.464102 22
22.500000 2.598076 23.000000 3.464102 23
22.500000 2.598076 22.000000 3.464102 23
22.500000 2.598076 23.500000 2.598076 23
22.500000 0.866025 23.500000 0.866025 23
22.500000 0.866025 23.000000 1.732051 23
22.000000 1.732051 23.000000 1.732051 23
23.000000 1.732051 22.500000 2.598076 23
22.000000 3.464102 23.000000 3.464102 23
23.000000 1.732051 23.500000 2.598076 23
22.000000 1.732051 22.500000 2.598076 23
23.500000 0.866025 23.000000 1.732051 23
22.500000 0.866025 22.000000 1.732051 23
23.500000 2.598076 23.000000 3.464102 23
30.000000 12.124356 30.500000 12.990381 24
31.000000 12.124356 30.500000 12.990381 24
30.000000 12.124356 31.000000 12.124356 24
23.000000 6.928203 22.500000 7.794229 25
22.000000 6.928203 22.500000 7.794229 25
22.000000 6.928203 23.000000 6.928203 25
32.500000 23.382686 32.000000 24.248711 26
38.000000 20.784610 39.000000 20.784610 27
38.500000 19.918584 39.000000 20.784610 27
38.500000 19.918584 38.000000 20.784610 27
26.000000 19.052559 26.500000 19.918584 28
13.500000 18.186533 14.500000 18.186533 29
14.500000 18.186533 14.000000 19.052559 29
13.500000 18.186533 14.000000 19.052559 29
13.500000 18.186533 13.000000 19.052559 29
13.000000 19.052559 14.000000 19.052559 29
25.500000 7.794229 26.500000 7.794229 30
26.500000 7.794229 26.000000 8.660254 30
25.500000 7.794229 26.000000 8.660254 30
12.000000 12.124356 12.500000 12.990381 31
12.500000 12.990381 12.000000 13.856406 31
13.000000 12.124356 13.500000 12.990381 31
12.000000 12.124356 13.000000 12.124356 31
11.500000 12.990381 12.000000 13.856406 31
13.000000 12.124356 12.500000 12.990381 31
11.500000 12.990381 12.500000 12.990381 31
12.000000 12.124356 11.500000 12.990381 31
12.500000 12.990381 13.500000 12.990381 31
19.500000 6.062178 19.000000 6.928203 32
42.500000 21.650635 43.000000 22.516660 33
42.500000 21.650635 43.500000 21.650635 33
43.500000 21.650635 43.000000 22.516660 33
15.500000 9.526279 16.500000 9.526279 34
22.000000 12.124356 23.000000 12.124356 35
22.000000 12.124356 22.500000 12.990381 35
23.000000 12.124356 22.500000 12.990381 35
13.000000 3.464102 12.500000 4.330127 36
33.000000 6.928203 33.500000 7.794229 37
32.500000 7.794229 32.000000 8.660254 37
30.000000 8.660254 31.000000 8.660254 37
31.500000 7.794229 32.500000 7.794229 37
31.000000 8.660254 32.000000 8.660254 37
33.500000 7.794229 34.000000 8.660254 37
32.500000 9.526279 32.000000 10.392305 37
33.500000 7.794229 33.000000 8.660254 37
34.000000 8.660254 33.500000 9.526279 37
32.000000 8.660254 32.500000 9.526279 37
30.500000 7.794229 30.000000 8.660254 37
32.000000 8.660254 33.000000 8.660254 37
33.000000 8.660254 32.500000 9.526279 37
32.000000 10.392305 33.000000 10.392305 37
30.500000 7.794229 31.000000 8.660254 37
34.000000 8.660254 34.500000 9.526279 37
32.500000 7.794229 33.000000 8.660254 37
33.500000 9.526279 34.500000 9.526279 37
31.500000 7.794229 31.000000 8.660254 37
33.000000 8.660254 34.000000 8.660254 37
33.000000 6.928203 32.500000 7.794229 37
32.000000 8.660254 31.500000 9.526279 37
33.000000 8.660254 33.500000 9.526279 37
32.500000 9.526279 33.000000 10.392305 37
31.500000 9.526279 32.000000 10.392305 37
31.000000 8.660254 31.500000 9.526279 37
31.000000 6.928203 30.500000 7.794229 37
32.000000 6.928203 32.500000 7.794229 37
33.500000 9.526279 33.000000 10.392305 37
32.000000 6.928203 33.000000 6.928203 37
32.500000 9.526279 33.500000 9.526279 37
32.000000 6.928203 31.500000 7.794229 37
31.000000 6.928203 32.000000 6.928203 37
31.000000 6.928203 31.500000 7.794229 37
9.500000 9.526279 10.000000 10.392305 38
9.500000 9.526279 9.000000 10.392305 38
8.500000 9.526279 8.000000 10.392305 38
7.500000 9.526279 8.500000 9.526279 38
8.000000 10.392305 9.000000 10.392305 38
7.500000 9.526279 8.000000 10.392305 38
9.000000 10.392305 10.000000 10.392305 38
8.500000 9.526279 9.000000 10.392305 38
8.500000 9.526279 9.500000 9.526279 38
16.000000 3.464102 16.500000 4.330127 39
17.500000 2.598076 17.000000 3.464102 39
16.500000 2.598076 16.000000 3.464102 39
16.500000 2.598076 17.000000 3.464102 39
17.000000 3.464102 16.500000 4.330127 39
16.500000 2.598076 17.500000 2.598076 39
16.000000 3.464102 17.000000 3.464102 39
20.000000 5.196152 21.000000 5.196152 40
28.000000 3.464102 28.500000 4.330127 41
29.000000 3.464102 28.500000 4.330127 41
28.000000 3.464102 29.000000 3.464102 41
28.500000 2.598076 29.000000 3.464102 41
28.500000 2.598076 28.000000 3.464102 41
28.000000 3.464102 27.500000 4.330127 41
27.500000 4.330127 28.500000 4.330127 41
26.500000 21.650635 26.000000 22.516660 42
24.000000 20.784610 24.500000 21.650635 43
39.000000 17.320508 39.500000 18.186533 44
36.500000 14.722432 37.000000 15.588457 45
16.000000 8.660254 15.500000 9.526279 46
12.000000 8.660254 11.500000 9.526279 46
14.000000 10.392305 14.500000 11.258330 46
12.000000 6.928203 12.500000 7.794229 46
15.500000 7.794229 16.000000 8.660254 46
14.000000 6.928203 13.500000 7.794229 46
11.500000 7.794229 12.500000 7.794229 46
10.500000 11.258330 11.500000 11.258330 46
15.000000 8.660254 14.500000 9.526279 46
14.500000 9.526279 15.000000 10.392305 46
14.000000 8.660254 13.500000 9.526279 46
16.000000 6.928203 15.500000 7.794229 46
14.000000 8.660254 14.500000 9.526279 46
12.000000 10.392305 12.500000 11.258330 46
11.000000 10.392305 10.500000 11.258330 46
12.500000 6.062178 12.000000 6.928203 46
11.000000 10.392305 12.000000 10.392305 46
12.500000 6.062178 13.000000 6.928203 46
12.500000 7.794229 13.500000 7.794229 46
11.500000 9.526279 11.000000 10.392305 46
12.000000 5.196152 12.500000 6.062178 46
15.500000 7.794229 16.500000 7.794229 46
13.000000 8.660254 13.500000 9.526279 46
16.000000 6.928203 16.500000 7.794229 46
16.500000 7.794229 16.000000 8.660254 46
15.000000 8.660254 15.500000 9.526279 46
13.500000 9.526279 13.000000 10.392305 46
13.000000 6.928203 14.000000 6.928203 46
14.000000 6.928203 14.500000 7.794229 46
11.000000 10.392305 11.500000 11.258330 46
15.000000 6.928203 15.500000 7.794229 46
13.500000 9.526279 14.000000 10.392305 46
14.500000 9.526279 15.500000 9.526279 46
14.500000 7.794229 15.500000 7.794229 46
15.500000 9.526279 15.000000 10.392305 46
11.500000 11.258330 12.500000 11.258330 46
13.000000 6.928203 12.500000 7.794229 46
11.500000 6.062178 12.000000 6.928203 46
15.500000 7.794229 15.000000 8.660254 46
14.000000 10.392305 13.500000 11.258330 46
14.500000 7.794229 14.000000 8.660254 46
11.500000 6.062178 11.000000 6.928203 46
15.000000 6.928203 16.000000 6.928203 46
13.000000 8.660254 12.500000 9.526279 46
15.000000 10.392305 14.500000 11.258330 46
14.000000 6.928203 15.000000 6.928203 46
12.500000 9.526279 12.000000 10.392305 46
13.500000 11.258330 14.500000 11.258330 46
12.500000 7.794229 13.000000 8.660254 46
12.000000 10.392305 11.500000 11.258330 46
13.500000 11.258330 13.000000 12.124356 46
12.500000 11.258330 13.000000 12.124356 46
11.500000 6.062178 12.500000 6.062178 46
11.500000 9.526279 12.000000 10.392305 46
11.500000 9.526279 12.500000 9.526279 46
13.000000 6.928203 13.500000 7.794229 46
11.500000 7.794229 12.000000 8.660254 46
14.500000 9.526279 14.000000 10.392305 46
12.000000 6.928203 11.500000 7.794229 46
13.500000 7.794229 13.000000 8.660254 46
12.000000 5.196152 11.500000 6.062178 46
12.500000 11.258330 13.500000 11.258330 46
13.500000 7.794229 14.000000 8.660254 46
13.000000 8.660254 14.000000 8.660254 46
12.500000 9.526279 13.500000 9.526279 46
11.000000 8.660254 11.500000 9.526279 46
11.500000 7.794229 11.000000 8.660254 46
14.000000 8.660254 15.000000 8.660254 46
11.000000 6.928203 11.500000 7.794229 46
11.000000 6.928203 12.000000 6.928203 46
14.000000 10.392305 15.000000 10.392305 46
12.500000 9.526279 13.000000 10.392305 46
13.000000 10.392305 13.500000 11.258330 46
8.500000 7.794229 8.000000 8.660254 47
26.000000 17.320508 26.500000 18.186533 48
35.000000 20.784610 35.500000 21.650635 49
15.000000 13.856406 16.000000 13.856406 50
11.500000 18.186533 12.500000 18.186533 51
10.500000 16.454483 10.000000 17.320508 52
7.000000 5.196152 7.500000 6.062178 53
15.500000 2.598076 16.500000 2.598076 54
16.000000 1.732051 16.500000 2.598076 54
16.000000 1.732051 15.500000 2.598076 54
34.000000 15.588457 34.500000 16.454483 55
34.000000 15.588457 35.000000 15.588457 55
35.000000 15.588457 34.500000 16.454483 55
29.000000 10.392305 30.000000 10.392305 56
29.000000 10.392305 29.500000 11.258330 56
29.500000 9.526279 29.000000 10.392305 56
29.500000 9.526279 30.000000 10.392305 56
30.000000 10.392305 29.500000 11.258330 56
28.500000 12.990381 29.500000 12.990381 57
31.000000 20.784610 32.000000 20.784610 58
32.000000 20.784610 31.500000 21.650635 58
31.000000 20.784610 31.500000 21.650635 58
23.000000 8.660254 24.000000 8.660254 59
23.500000 9.526279 24.500000 9.526279 59
22.500000 9.526279 23.500000 9.526279 59
23.500000 7.794229 24.000000 8.660254 59
24.000000 8.660254 24.500000 9.526279 59
23.000000 8.660254 22.500000 9.526279 59
24.000000 8.660254 23.500000 9.526279 59
23.500000 7.794229 23.000000 8.660254 59
23.000000 8.660254 23.500000 9.526279 59
18.500000 11.258330 19.500000 11.258330 60
10.500000 7.794229 10.000000 8.660254 61
16.000000 22.516660 16.500000 23.382686 62
38.500000 25.114737 39.500000 25.114737 63
39.000000 24.248711 38.500000 25.114737 63
39.000000 24.248711 39.500000 25.114737 63
11.500000 14.722432 11.000000 15.588457 64
21.000000 0.000000 21.500000 0.866025 65
36.500000 26.846788 21.000000 0.000000 65
37.500000 26.846788 21.000000 0.000000 65
37.500000 26.846788 22.000000 0.000000 65
21.000000 0.000000 22.000000 0.000000 65
36.500000 26.846788 37.500000 26.846788 65
22.000000 0.000000 21.500000 0.866025 65
29.500000 23.382686 29.000000 24.248711 66
31.000000 22.516660 31.500000 23.382686 66
30.000000 25.980762 31.000000 25.980762 66
31.000000 22.516660 30.500000 23.382686 66
16.000000 0.000000 17.000000 0.000000 66
32.000000 25.980762 32.500000 26.846788 66
31.500000 26.846788 32.500000 26.846788 66
30.000000 24.248711 29.500000 25.114737 66
30.000000 25.980762 30.500000 26.846788 66
32.000000 24.248711 32.500000 25.114737 66
31.000000 25.980762 31.500000 26.846788 66
30.500000 25.114737 30.000000 25.980762 66
30.000000 24.248711 30.500000 25.114737 66
30.000000 24.248711 31.000000 24.248711 66
28.500000 23.382686 28.000000 24.248711 66
29.500000 25.114737 30.500000 25.114737 66
33.000000 25.980762 33.500000 26.846788 66
31.500000 26.846788 16.000000 0.000000 66
29.000000 24.248711 29.500000 25.114737 66
30.500000 23.382686 31.500000 23.382686 66
32.000000 25.980762 33.000000 25.980762 66
32.500000 25.114737 32.000000 25.980762 66
31.500000 21.650635 32.000000 22.516660 66
31.500000 23.382686 31.000000 24.248711 66
30.500000 25.114737 31.500000 25.114737 66
31.500000 23.382686 32.000000 24.248711 66
32.000000 25.980762 31.500000 26.846788 66
17.000000 0.000000 18.000000 0.000000 66
30.500000 23.382686 31.000000 24.248711 66
31.500000 21.650635 31.000000 22.516660 66
31.000000 22.516660 32.000000 22.516660 66
30.500000 26.846788 31.500000 26.846788 66
30.500000 25.114737 31.000000 25.980762 66
29.500000 23.382686 30.500000 23.382686 66
32.000000 24.248711 31.500000 25.114737 66
31.500000 25.114737 31.000000 25.980762 66
33.000000 25.980762 32.500000 26.846788 66
33.500000 26.846788 18.000000 0.000000 66
31.000000 24.248711 31.500000 25.114737 66
32.500000 26.846788 16.000000 0.000000 66
32.000000 22.516660 31.500000 23.382686 66
32.500000 26.846788 33.500000 26.846788 66
29.500000 23.382686 30.000000 24.248711 66
32.500000 26.846788 17.000000 0.000000 66
31.000000 24.248711 32.000000 24.248711 66
31.500000 25.114737 32.500000 25.114737 66
28.500000 23.382686 29.500000 23.382686 66
28.500000 23.382686 29.000000 24.248711 66
30.500000 23.382686 30.000000 24.248711 66
28.000000 24.248711 29.000000 24.248711 66
31.000000 25.980762 30.500000 26.846788 66
34.000000 24.248711 33.500000 25.114737 67
33.500000 25.114737 34.500000 25.114737 67
35.000000 24.248711 34.500000 25.114737 67
34.000000 24.248711 34.500000 25.114737 67
34.000000 24.248711 35.000000 24.248711 67
25.000000 25.980762 25.500000 26.846788 68
24.500000 26.846788 25.500000 26.846788 68
25.000000 25.980762 24.500000 26.846788 68
21.000000 5.196152 20.500000 6.062178 69
28.000000 17.320508 28.500000 18.186533 70
28.000000 19.052559 29.000000 19.052559 70
28.500000 18.186533 28.000000 19.052559 70
27.500000 18.186533 28.500000 18.186533 70
28.000000 17.320508 27.500000 18.186533 70
28.500000 18.186533 29.000000 19.052559 70
27.500000 18.186533 28.000000 19.052559 70
35.000000 10.392305 34.500000 11.258330 71
34.000000 10.392305 34.500000 11.258330 71
34.000000 10.392305 35.000000 10.392305 71
18.000000 19.052559 17.500000 19.918584 72
18.000000 19.052559 18.500000 19.918584 72
17.500000 18.186533 17.000000 19.052559 72
17.500000 18.186533 18.000000 19.052559 72
17.000000 19.052559 18.000000 19.052559 72
17.500000 19.918584 18.500000 19.918584 72
17.500000 18.186533 18.500000 18.186533 72
17.000000 19.052559 17.500000 19.918584 72
18.000000 19.052559 19.000000 19.052559 72
18.500000 18.186533 19.000000 19.052559 72
18.500000 18.186533 18.000000 19.052559 72
36.500000 21.650635 36.000000 22.516660 73
30.500000 6.062178 31.500000 6.062178 74
33.000000 15.588457 34.000000 15.588457 75
32.500000 14.722432 33.500000 14.722432 75
32.000000 15.588457 32.500000 16.454483 75
32.500000 14.722432 32.000000 15.588457 75
33.000000 15.588457 32.500000 16.454483 75
32.000000 15.588457 33.000000 15.588457 75
33.500000 14.722432 33.000000 15.588457 75
32.500000 14.722432 33.000000 15.588457 75
33.500000 14.722432 34.000000 15.588457 75
22.000000 10.392305 23.000000 10.392305 76
25.000000 13.856406 24.500000 14.722432 77
24.500000 14.722432 25.500000 14.722432 77
25.000000 13.856406 25.500000 14.722432 77
34.500000 26.846788 35.500000 26.846788 78
35.000000 19.052559 34.500000 19.918584 79
7.500000 6.062178 8.000000 6.928203 80
7.500000 6.062178 7.000000 6.928203 80
7.000000 6.928203 8.000000 6.928203 80
37.500000 18.186533 38.000000 19.052559 81
37.000000 17.320508 36.500000 18.186533 81
37.000000 19.052559 37.500000 19.918584 81
36.500000 18.186533 36.000000 19.052559 81
38.500000 18.186533 38.000000 19.052559 81
37.000000 17.320508 38.000000 17.320508 81
38.000000 19.052559 39.000000 19.052559 81
36.000000 17.320508 36.500000 18.186533 81
38.000000 19.052559 38.500000 19.918584 81
39.000000 19.052559 38.500000 19.918584 81
36.000000 19.052559 37.000000 19.052559 81
37.500000 18.186533 38.500000 18.186533 81
36.500000 18.186533 37.500000 18.186533 81
36.000000 17.320508 37.000000 17.320508 81
38.000000 19.052559 37.500000 19.918584 81
38.500000 18.186533 39.000000 19.052559 81
37.500000 18.186533 37.000000 19.052559 81
36.500000 18.186533 37.000000 19.052559 81
38.000000 17.320508 38.500000 18.186533 81
37.000000 17.320508 37.500000 18.186533 81
38.000000 17.320508 37.500000 18.186533 81
9.000000 15.588457 10.000000 15.588457 82
36.500000 12.990381 37.000000 13.856406 83
36.500000 12.990381 36.000000 13.856406 83
35.000000 13.856406 35.500000 14.722432 83
35.500000 12.990381 36.000000 13.856406 83
37.500000 12.990381 37.000000 13.856406 83
35.500000 12.990381 35.000000 13.856406 83
36.000000 13.856406 36.500000 14.722432 83
35.000000 13.856406 34.500000 14.722432 83
35.000000 13.856406 36.000000 13.856406 83
36.000000 13.856406 35.500000 14.722432 83
37.000000 13.856406 36.500000 14.722432 83
35.500000 14.722432 36.500000 14.722432 83
34.500000 14.722432 35.500000 14.722432 83
36.500000 12.990381 37.500000 12.990381 83
35.500000 12.990381 36.500000 12.990381 83
37.500000 23.382686 38.000000 24.248711 84
37.000000 24.248711 38.000000 24.248711 84
38.500000 23.382686 38.000000 24.248711 84
38.500000 23.382686 39.000000 24.248711 84
38.000000 24.248711 39.000000 24.248711 84
37.500000 23.382686 37.000000 24.248711 84
37.500000 23.382686 38.500000 23.382686 84
38.000000 22.516660 38.500000 23.382686 84
38.000000 22.516660 37.500000 23.382686 84
10.000000 10.392305 10.500000 11.258330 85
9.500000 11.258330 10.500000 11.258330 85
10.000000 10.392305 9.500000 11.258330 85
13.500000 6.062178 14.000000 6.928203 86
13.500000 6.062178 14.500000 6.062178 86
14.500000 6.062178 14.000000 6.928203 86
28.500000 26.846788 29.500000 26.846788 87
28.000000 13.856406 29.000000 13.856406 88
41.000000 20.784610 41.500000 21.650635 89
33.000000 12.124356 34.000000 12.124356 90
34.000000 12.124356 33.500000 12.990381 90
33.000000 12.124356 33.500000 12.990381 90
30.500000 0.866025 30.000000 1.732051 91
19.500000 18.186533 20.000000 19.052559 92
19.000000 19.052559 19.500000 19.918584 92
20.000000 19.052559 19.500000 19.918584 92
19.000000 19.052559 20.000000 19.052559 92
19.500000 18.186533 19.000000 19.052559 92
38.500000 26.846788 39.500000 26.846788 93
37.500000 11.258330 37.000000 12.124356 94
37.000000 10.392305 37.500000 11.258330 94
7.500000 9.526279 7.000000 10.392305 94
36.500000 11.258330 36.000000 12.124356 94
7.000000 12.124356 38.500000 12.990381 94
6.500000 9.526279 7.000000 10.392305 94
38.000000 12.124356 38.500000 12.990381 94
7.000000 10.392305 6.500000 11.258330 94
6.000000 10.392305 7.000000 10.392305 94
37.000000 10.392305 36.500000 11.258330 94
6.500000 11.258330 7.500000 11.258330 94
37.500000 11.258330 6.500000 11.258330 94
36.500000 11.258330 37.000000 12.124356 94
37.000000 10.392305 6.000000 10.392305 94
38.000000 12.124356 7.000000 12.124356 94
7.000000 10.392305 7.500000 11.258330 94
7.500000 11.258330 7.000000 12.124356 94
6.500000 9.526279 6.000000 10.392305 94
6.000000 10.392305 6.500000 11.258330 94
36.000000 12.124356 37.000000 12.124356 94
6.500000 9.526279 7.500000 9.526279 94
37.000000 12.124356 38.000000 12.124356 94
6.500000 11.258330 7.000000 12.124356 94
6.000000 10.392305 37.500000 11.258330 94
6.500000 11.258330 38.000000 12.124356 94
17.000000 6.928203 18.000000 6.928203 95
17.000000 6.928203 17.500000 7.794229 95
18.000000 6.928203 17.500000 7.794229 95
31.500000 16.454483 31.000000 17.320508 96
31.500000 16.454483 32.500000 16.454483 96
31.000000 17.320508 32.000000 17.320508 96
31.500000 16.454483 32.000000 17.320508 96
32.500000 16.454483 32.000000 17.320508 96
29.500000 16.454483 29.000000 17.320508 97
27.500000 25.114737 28.000000 25.980762 98
27.500000 25.114737 27.000000 25.980762 98
27.000000 25.980762 28.000000 25.980762 98
28.000000 24.248711 28.500000 25.114737 99
44.000000 22.516660 43.500000 23.382686 100
28.500000 0.866025 29.500000 0.866025 101
35.500000 9.526279 36.500000 9.526279 102
7.500000 11.258330 8.500000 11.258330 103
7.500000 11.258330 8.000000 12.124356 103
8.500000 11.258330 8.000000 12.124356 103
26.000000 8.660254 27.000000 8.660254 104
28.500000 9.526279 28.000000 10.392305 104
26.500000 9.526279 27.500000 9.526279 104
27.000000 10.392305 27.500000 11.258330 104
28.000000 8.660254 27.500000 9.526279 104
27.500000 9.526279 28.500000 9.526279 104
27.000000 10.392305 26.500000 11.258330 104
29.000000 8.660254 28.500000 9.526279 104
27.000000 8.660254 26.500000 9.526279 104
27.000000 8.660254 28.000000 8.660254 104
27.500000 9.526279 27.000000 10.392305 104
28.000000 10.392305 27.500000 11.258330 104
28.500000 9.526279 29.000000 10.392305 104
26.500000 11.258330 27.500000 11.258330 104
26.000000 8.660254 26.500000 9.526279 104
28.000000 10.392305 29.000000 10.392305 104
27.000000 8.660254 27.500000 9.526279 104
28.000000 8.660254 29.000000 8.660254 104
26.500000 9.526279 27.000000 10.392305 104
27.000000 10.392305 28.000000 10.392305 104
27.500000 9.526279 28.000000 10.392305 104
24.500000 18.186533 25.500000 18.186533 105
12.000000 15.588457 11.500000 16.454483 106
12.000000 15.588457 12.500000 16.454483 106
12.500000 14.722432 13.000000 15.588457 106
12.500000 14.722432 12.000000 15.588457 106
13.000000 15.588457 12.500000 16.454483 106
12.000000 15.588457 13.000000 15.588457 106
12.500000 16.454483 12.000000 17.320508 106
11.500000 16.454483 12.000000 17.320508 106
11.500000 16.454483 12.500000 16.454483 106
11.500000 14.722432 12.000000 15.588457 106
11.500000 14.722432 12.500000 14.722432 106
16.000000 3.464102 15.500000 4.330127 107
15.000000 3.464102 15.500000 4.330127 107
15.000000 3.464102 16.000000 3.464102 107
27.000000 17.320508 28.000000 17.320508 108
27.500000 16.454483 27.000000 17.320508 108
27.500000 16.454483 28.000000 17.320508 108
25.500000 9.526279 26.500000 9.526279 109
25.000000 10.392305 26.000000 10.392305 109
25.500000 9.526279 26.000000 10.392305 109
25.500000 9.526279 25.000000 10.392305 109
26.500000 9.526279 26.000000 10.392305 109
14.000000 17.320508 15.000000 17.320508 110
10.000000 3.464102 10.500000 4.330127 111
9.500000 4.330127 10.500000 4.330127 111
10.000000 3.464102 9.500000 4.330127 111
27.000000 13.856406 26.500000 14.722432 112
27.000000 13.856406 27.500000 14.722432 112
26.500000 12.990381 26.000000 13.856406 112
26.500000 14.722432 27.500000 14.722432 112
26.500000 12.990381 27.500000 12.990381 112
26.000000 12.124356 27.000000 12.124356 112
27.000000 12.124356 27.500000 12.990381 112
26.000000 12.124356 26.500000 12.990381 112
27.500000 12.990381 27.000000 13.856406 112
26.500000 12.990381 27.000000 13.856406 112
26.000000 13.856406 27.000000 13.856406 112
26.000000 13.856406 26.500000 14.722432 112
27.000000 12.124356 26.500000 12.990381 112
27.000000 3.464102 28.000000 3.464102 113
27.500000 2.598076 28.000000 3.464102 113
27.500000 2.598076 27.000000 3.464102 113
21.500000 11.258330 21.000000 12.124356 114
25.500000 12.990381 25.000000 13.856406 115
24.500000 12.990381 25.000000 13.856406 115
24.500000 12.990381 25.500000 12.990381 115
38.000000 25.980762 38.500000 26.846788 116
38.000000 25.980762 37.500000 26.846788 116
37.500000 26.846788 38.500000 26.846788 116
24.500000 16.454483 25.500000 16.454483 117
25.000000 15.588457 25.500000 16.454483 117
25.000000 15.588457 24.500000 16.454483 117
24.500000 16.454483 25.000000 17.320508 117
25.500000 16.454483 25.000000 17.320508 117
31.000000 20.784610 30.500000 21.650635 118
30.000000 20.784610 31.000000 20.784610 118
30.000000 20.784610 30.500000 21.650635 118
30.500000 19.918584 31.000000 20.784610 118
30.500000 19.918584 30.000000 20.784610 118
11.000000 15.588457 10.500000 16.454483 119
10.000000 15.588457 11.000000 15.588457 119
10.000000 15.588457 10.500000 16.454483 119
23.500000 23.382686 24.500000 23.382686 120
7.500000 2.598076 8.500000 2.598076 121
34.500000 11.258330 34.000000 12.124356 122
26.000000 22.516660 25.500000 23.382686 123
25.500000 23.382686 26.000000 24.248711 123
25.000000 22.516660 26.000000 22.516660 123
25.000000 22.516660 24.500000 23.382686 123
26.500000 23.382686 27.500000 23.382686 123
25.500000 23.382686 26.500000 23.382686 123
24.000000 22.516660 25.000000 22.516660 123
26.500000 23.382686 26.000000 24.248711 123
26.000000 22.516660 26.500000 23.382686 123
25.000000 22.516660 25.500000 23.382686 123
27.000000 22.516660 26.500000 23.382686 123
24.500000 23.382686 25.500000 23.382686 123
24.000000 22.516660 24.500000 23.382686 123
27.000000 22.516660 27.500000 23.382686 123
26.000000 22.516660 27.000000 22.516660 123
30.500000 4.330127 31.000000 5.196152 124
30.500000 4.330127 31.500000 4.330127 124
31.500000 4.330127 31.000000 5.196152 124
31.000000 5.196152 32.000000 5.196152 124
31.500000 4.330127 32.000000 5.196152 124
24.500000 23.382686 25.000000 24.248711 125
40.500000 16.454483 41.000000 17.320508 126
40.000000 17.320508 41.000000 17.320508 126
40.500000 16.454483 40.000000 17.320508 126
28.500000 2.598076 29.500000 2.598076 127
23.000000 10.392305 22.500000 11.258330 128
22.500000 11.258330 23.500000 11.258330 128
23.000000 10.392305 23.500000 11.258330 128
16.500000 4.330127 17.000000 5.196152 129
27.500000 11.258330 28.500000 11.258330 130
27.500000 11.258330 28.000000 12.124356 130
28.500000 11.258330 28.000000 12.124356 130
16.000000 22.516660 17.000000 22.516660 131
16.500000 21.650635 16.000000 22.516660 131
16.500000 21.650635 17.000000 22.516660 131
8.000000 0.000000 9.000000 0.000000 132
22.500000 23.382686 23.500000 23.382686 133
30.500000 11.258330 31.500000 11.258330 134
31.000000 10.392305 30.500000 11.258330 134
31.000000 10.392305 31.500000 11.258330 134
22.000000 5.196152 21.500000 6.062178 135
30.500000 9.526279 31.000000 10.392305 136
30.000000 10.392305 31.000000 10.392305 136
30.500000 9.526279 30.000000 10.392305 136
25.500000 18.186533 25.000000 19.052559 137
25.000000 19.052559 26.000000 19.052559 137
25.500000 18.186533 26.000000 19.052559 137
24.500000 25.114737 24.000000 25.980762 138
29.000000 22.516660 29.500000 23.382686 139
14.000000 13.856406 13.500000 14.722432 140
14.500000 14.722432 14.000000 15.588457 140
14.000000 13.856406 14.500000 14.722432 140
14.500000 14.722432 15.000000 15.588457 140
13.000000 13.856406 14.000000 13.856406 140
14.000000 15.588457 15.000000 15.588457 140
13.500000 14.722432 14.000000 15.588457 140
13.000000 13.856406 13.500000 14.722432 140
13.500000 14.722432 14.500000 14.722432 140
19.000000 8.660254 19.500000 9.526279 141
20.000000 8.660254 19.500000 9.526279 141
19.000000 8.660254 20.000000 8.660254 141
34.000000 17.320508 34.500000 18.186533 142
34.000000 17.320508 33.500000 18.186533 142
33.500000 18.186533 34.500000 18.186533 142
37.000000 24.248711 36.500000 25.114737 143
28.000000 25.980762 29.000000 25.980762 144
28.000000 25.980762 28.500000 26.846788 144
28.500000 25.114737 28.000000 25.980762 144
29.000000 25.980762 28.500000 26.846788 144
28.500000 25.114737 29.000000 25.980762 144
29.500000 25.114737 29.000000 25.980762 145
12.500000 19.918584 12.000000 20.784610 146
45.500000 26.846788 30.000000 0.000000 147
29.000000 0.000000 30.000000 0.000000 147
45.500000 26.846788 29.000000 0.000000 147
21.500000 9.526279 22.500000 9.526279 148
5.000000 8.660254 5.500000 9.526279 149
29.000000 1.732051 29.500000 2.598076 150
15.000000 12.124356 15.500000 12.990381 151
14.500000 12.990381 15.500000 12.990381 151
15.500000 12.990381 15.000000 13.856406 151
14.500000 12.990381 15.000000 13.856406 151
15.000000 12.124356 14.500000 12.990381 151
24.500000 25.114737 25.000000 25.980762 152
23.000000 13.856406 24.000000 13.856406 153
24.000000 13.856406 23.500000 14.722432 153
23.000000 13.856406 23.500000 14.722432 153
23.500000 14.722432 24.500000 14.722432 153
24.000000 13.856406 24.500000 14.722432 153
39.000000 20.784610 39.500000 21.650635 154
5.500000 6.062178 6.500000 6.062178 155
6.000000 5.196152 5.500000 6.062178 155
6.000000 5.196152 6.500000 6.062178 155
34.500000 21.650635 35.000000 22.516660 156
19.000000 1.732051 19.500000 2.598076 157
19.000000 1.732051 18.500000 2.598076 157
19.000000 1.732051 20.000000 1.732051 157
20.000000 1.732051 19.500000 2.598076 157
18.500000 2.598076 19.500000 2.598076 157
8.000000 13.856406 8.500000 14.722432 158
8.000000 13.856406 39.500000 14.722432 158
39.500000 14.722432 8.500000 14.722432 158
14.500000 2.598076 15.500000 2.598076 159
34.500000 9.526279 34.000000 10.392305 160
21.500000 11.258330 22.000000 12.124356 161
33.500000 11.258330 34.000000 12.124356 162
42.000000 22.516660 42.500000 23.382686 163
20.000000 19.052559 21.000000 19.052559 164
21.000000 19.052559 20.500000 19.918584 164
20.000000 19.052559 20.500000 19.918584 164
27.000000 6.928203 26.500000 7.794229 165
20.000000 5.196152 19.500000 6.062178 166
19.000000 3.464102 19.500000 4.330127 166
19.500000 4.330127 20.000000 5.196152 166
18.500000 4.330127 19.500000 4.330127 166
18.000000 3.464102 19.000000 3.464102 166
18.500000 4.330127 19.000000 5.196152 166
18.500000 6.062178 19.500000 6.062178 166
19.000000 5.196152 20.000000 5.196152 166
19.000000 5.196152 18.500000 6.062178 166
18.000000 3.464102 18.500000 4.330127 166
19.000000 5.196152 19.500000 6.062178 166
19.500000 4.330127 19.000000 5.196152 166
19.000000 3.464102 18.500000 4.330127 166
10.500000 12.990381 11.500000 12.990381 167
31.000000 19.052559 30.500000 19.918584 168
5.500000 9.526279 37.000000 10.392305 169
26.500000 6.062178 26.000000 6.928203 170
26.000000 6.928203 27.000000 6.928203 170
27.000000 5.196152 26.500000 6.062178 170
25.500000 6.062178 26.000000 6.928203 170
27.000000 5.196152 27.500000 6.062178 170
26.500000 6.062178 27.000000 6.928203 170
25.500000 6.062178 26.500000 6.062178 170
26.500000 6.062178 27.500000 6.062178 170
27.500000 6.062178 27.000000 6.928203 170
29.500000 26.846788 14.000000 0.000000 171
13.000000 0.000000 14.000000 0.000000 171
29.500000 26.846788 13.000000 0.000000 171
38.000000 15.588457 37.500000 16.454483 172
29.500000 18.186533 29.000000 19.052559 173
16.500000 18.186533 17.000000 19.052559 174
20.500000 21.650635 21.500000 21.650635 175
43.000000 24.248711 44.000000 24.248711 176
41.500000 21.650635 41.000000 22.516660 177
33.500000 16.454483 34.500000 16.454483 178
25.500000 25.114737 26.500000 25.114737 179
8.500000 0.866025 8.000000 1.732051 180
7.500000 0.866025 8.500000 0.866025 180
7.500000 0.866025 8.000000 1.732051 180
17.000000 0.000000 16.500000 0.866025 181
17.000000 0.000000 17.500000 0.866025 181
16.500000 0.866025 17.500000 0.866025 181
30.000000 0.000000 30.500000 0.866025 182
28.000000 12.124356 28.500000 12.990381 183
30.000000 0.000000 29.500000 0.866025 184
20.500000 11.258330 21.500000 11.258330 185
21.000000 10.392305 22.000000 10.392305 185
21.000000 10.392305 21.500000 11.258330 185
22.000000 10.392305 21.500000 11.258330 185
21.000000 10.392305 20.500000 11.258330 185
14.000000 1.732051 14.500000 2.598076 186
15.500000 0.866025 15.000000 1.732051 186
14.500000 0.866025 15.000000 1.732051 186
15.000000 1.732051 14.500000 2.598076 186
14.000000 1.732051 15.000000 1.732051 186
14.500000 0.866025 15.500000 0.866025 186
14.500000 0.866025 14.000000 1.732051 186
26.500000 14.722432 27.000000 15.588457 187
25.000000 17.320508 24.500000 18.186533 188
7.000000 0.000000 7.500000 0.866025 189
35.500000 9.526279 36.000000 10.392305 190
23.500000 19.918584 23.000000 20.784610 191
22.000000 20.784610 22.500000 21.650635 191
22.500000 19.918584 22.000000 20.784610 191
22.500000 19.918584 23.500000 19.918584 191
22.000000 19.052559 23.000000 19.052559 191
22.500000 19.918584 23.000000 20.784610 191
23.000000 19.052559 23.500000 19.918584 191
23.000000 19.052559 22.500000 19.918584 191
22.000000 20.784610 23.000000 20.784610 191
23.000000 20.784610 22.500000 21.650635 191
22.000000 19.052559 22.500000 19.918584 191
21.000000 5.196152 22.000000 5.196152 192
21.500000 4.330127 21.000000 5.196152 192
21.500000 4.330127 22.000000 5.196152 192
31.000000 13.856406 31.500000 14.722432 193
30.500000 12.990381 31.000000 13.856406 193
30.000000 13.856406 31.000000 13.856406 193
30.500000 14.722432 31.500000 14.722432 193
30.500000 12.990381 30.000000 13.856406 193
31.000000 13.856406 30.500000 14.722432 193
30.000000 13.856406 30.500000 14.722432 193
23.500000 11.258330 24.000000 12.124356 194
23.500000 11.258330 23.000000 12.124356 194
23.000000 12.124356 24.000000 12.124356 194
9.000000 15.588457 40.500000 16.454483 195
20.500000 21.650635 20.000000 22.516660 196
6.500000 6.062178 7.500000 6.062178 197
35.000000 22.516660 36.000000 22.516660 198
36.000000 22.516660 35.500000 23.382686 198
35.000000 22.516660 35.500000 23.382686 198
25.500000 14.722432 25.000000 15.588457 199
16.000000 0.000000 15.500000 0.866025 200
9.000000 3.464102 8.500000 4.330127 201
8.000000 3.464102 9.000000 3.464102 201
8.000000 3.464102 7.500000 4.330127 201
7.500000 4.330127 8.500000 4.330127 201
8.000000 3.464102 8.500000 4.330127 201
24.500000 21.650635 24.000000 22.516660 202
21.000000 15.588457 22.000000 15.588457 203
20.500000 11.258330 20.000000 12.124356 204
22.000000 0.000000 22.500000 0.866025 205
13.500000 2.598076 14.000000 3.464102 206
23.500000 11.258330 24.500000 11.258330 207
24.000000 10.392305 23.500000 11.258330 207
24.000000 10.392305 24.500000 11.258330 207
24.000000 10.392305 25.000000 10.392305 207
25.000000 10.392305 24.500000 11.258330 207
15.500000 18.186533 16.000000 19.052559 208
16.000000 17.320508 15.500000 18.186533 208
15.500000 18.186533 16.500000 18.186533 208
16.000000 17.320508 16.500000 18.186533 208
16.500000 18.186533 16.000000 19.052559 208
26.000000 24.248711 26.500000 25.114737 209
27.500000 26.846788 28.500000 26.846788 210
28.500000 26.846788 12.000000 0.000000 210
27.500000 26.846788 12.000000 0.000000 210
10.000000 13.856406 10.500000 14.722432 211
10.500000 14.722432 11.500000 14.722432 211
11.000000 13.856406 12.000000 13.856406 211
12.000000 13.856406 11.500000 14.722432 211
11.000000 13.856406 11.500000 14.722432 211
11.000000 13.856406 10.500000 14.722432 211
10.000000 13.856406 11.000000 13.856406 211
10.000000 13.856406 9.500000 14.722432 211
9.500000 14.722432 10.500000 14.722432 211
24.500000 26.846788 8.000000 0.000000 212
28.000000 1.732051 28.500000 2.598076 213
36.500000 16.454483 37.500000 16.454483 214
36.000000 15.588457 35.500000 16.454483 214
36.000000 15.588457 37.000000 15.588457 214
37.000000 15.588457 37.500000 16.454483 214
35.500000 16.454483 36.500000 16.454483 214
36.000000 15.588457 36.500000 16.454483 214
37.000000 15.588457 36.500000 16.454483 214
8.000000 10.392305 8.500000 11.258330 215
27.000000 5.196152 28.000000 5.196152 216
15.500000 11.258330 15.000000 12.124356 217
20.000000 10.392305 19.500000 11.258330 218
22.500000 6.062178 23.500000 6.062178 219
40.500000 21.650635 41.500000 21.650635 220
16.500000 23.382686 17.000000 24.248711 221
24.500000 7.794229 24.000000 8.660254 222
32.500000 25.114737 33.500000 25.114737 223
36.000000 22.516660 36.500000 23.382686 224
35.500000 21.650635 36.500000 21.650635 225
17.000000 5.196152 17.500000 6.062178 226
29.500000 7.794229 29.000000 8.660254 227
29.500000 7.794229 30.000000 8.660254 227
29.000000 8.660254 30.000000 8.660254 227
39.500000 26.846788 23.000000 0.000000 228
27.500000 19.918584 28.000000 20.784610 229
27.500000 19.918584 28.500000 19.918584 229
27.000000 19.052559 26.500000 19.918584 229
28.000000 19.052559 28.500000 19.918584 229
28.500000 19.918584 28.000000 20.784610 229
27.000000 20.784610 28.000000 20.784610 229
27.000000 19.052559 28.000000 19.052559 229
28.000000 19.052559 27.500000 19.918584 229
26.500000 19.918584 27.500000 19.918584 229
27.000000 19.052559 27.500000 19.918584 229
26.500000 19.918584 27.000000 20.784610 229
23.000000 24.248711 22.500000 25.114737 230
22.500000 25.114737 23.500000 25.114737 230
23.000000 24.248711 23.500000 25.114737 230
23.500000 25.114737 23.000000 25.980762 230
22.500000 25.114737 23.000000 25.980762 230
35.000000 15.588457 36.000000 15.588457 231
19.500000 18.186533 20.500000 18.186533 232
39.000000 20.784610 40.000000 20.784610 233
13.000000 0.000000 13.500000 0.866025 234
12.500000 0.866025 13.000000 1.732051 234
13.500000 0.866025 13.000000 1.732051 234
12.500000 0.866025 13.500000 0.866025 234
13.000000 0.000000 12.500000 0.866025 234
17.500000 14.722432 17.000000 15.588457 235
19.500000 16.454483 20.000000 17.320508 236
19.000000 17.320508 20.000000 17.320508 236
19.500000 16.454483 19.000000 17.320508 236
8.500000 4.330127 8.000000 5.196152 237
8.500000 4.330127 9.000000 5.196152 237
8.000000 5.196152 9.000000 5.196152 237
19.500000 7.794229 20.500000 7.794229 238
19.500000 7.794229 20.000000 8.660254 238
20.500000 7.794229 20.000000 8.660254 238
28.000000 0.000000 28.500000 0.866025 239
15.500000 16.454483 16.500000 16.454483 240
16.000000 15.588457 15.500000 16.454483 240
16.000000 15.588457 16.500000 16.454483 240
9.500000 6.062178 10.000000 6.928203 241
19.000000 3.464102 20.000000 3.464102 242
8.500000 12.990381 9.000000 13.856406 243
28.500000 14.722432 28.000000 15.588457 244
7.500000 7.794229 8.000000 8.660254 245
7.000000 8.660254 8.000000 8.660254 245
7.500000 7.794229 7.000000 8.660254 245
36.500000 23.382686 36.000000 24.248711 246
21.500000 7.794229 21.000000 8.660254 247
30.000000 15.588457 29.500000 16.454483 248
30.000000 15.588457 30.500000 16.454483 248
29.500000 16.454483 30.500000 16.454483 248
20.000000 0.000000 19.500000 0.866025 249
20.000000 20.784610 20.500000 21.650635 250
21.000000 20.784610 20.500000 21.650635 250
20.000000 20.784610 21.000000 20.784610 250
20.500000 18.186533 21.000000 19.052559 251
35.500000 21.650635 35.000000 22.516660 252
27.000000 24.248711 28.000000 24.248711 253
25.500000 19.918584 25.000000 20.784610 254
36.000000 17.320508 35.500000 18.186533 255
19.500000 4.330127 20.500000 4.330127 256
22.500000 7.794229 22.000000 8.660254 257
22.500000 7.794229 23.000000 8.660254 257
22.000000 8.660254 23.000000 8.660254 257
11.500000 19.918584 43.000000 20.784610 258
34.500000 19.918584 34.000000 20.784610 259
24.000000 25.980762 24.500000 26.846788 260
23.500000 21.650635 24.000000 22.516660 261
19.000000 0.000000 20.000000 0.000000 262
35.500000 26.846788 20.000000 0.000000 262
35.500000 26.846788 36.500000 26.846788 262
35.500000 26.846788 19.000000 0.000000 262
36.000000 25.980762 35.500000 26.846788 262
36.000000 25.980762 36.500000 26.846788 262
36.500000 26.846788 20.000000 0.000000 262
23.000000 3.464102 22.500000 4.330127 263
16.000000 5.196152 16.500000 6.062178 264
15.000000 19.052559 15.500000 19.918584 265
25.500000 25.114737 26.000000 25.980762 266
26.500000 2.598076 26.000000 3.464102 267
29.500000 19.918584 30.000000 20.784610 268
25.000000 12.124356 24.500000 12.990381 269
31.500000 11.258330 32.500000 11.258330 270
37.500000 25.114737 38.000000 25.980762 271
14.500000 23.382686 15.000000 24.248711 272
20.000000 1.732051 20.500000 2.598076 273
14.500000 25.114737 15.000000 25.980762 274
28.500000 11.258330 29.000000 12.124356 275
25.500000 14.722432 26.500000 14.722432 276
12.000000 1.732051 12.500000 2.598076 277
11.000000 12.124356 10.500000 12.990381 278
41.000000 17.320508 41.500000 18.186533 279
30.000000 6.928203 29.500000 7.794229 280
29.500000 6.062178 30.500000 6.062178 280
30.000000 5.196152 29.500000 6.062178 280
28.500000 6.062178 29.500000 6.062178 280
29.000000 6.928203 29.500000 7.794229 280
29.500000 6.062178 30.000000 6.928203 280
29.000000 6.928203 30.000000 6.928203 280
30.500000 6.062178 30.000000 6.928203 280
28.500000 6.062178 29.000000 6.928203 280
29.500000 6.062178 29.000000 6.928203 280
30.000000 5.196152 30.500000 6.062178 280
35.000000 20.784610 36.000000 20.784610 281
24.000000 15.588457 25.000000 15.588457 282
19.000000 0.000000 18.500000 0.866025 283
8.500000 14.722432 9.000000 15.588457 284
9.000000 6.928203 9.500000 7.794229 285
9.000000 6.928203 8.500000 7.794229 285
8.500000 7.794229 9.500000 7.794229 285
39.500000 18.186533 40.500000 18.186533 286
40.500000 18.186533 40.000000 19.052559 286
39.500000 18.186533 40.000000 19.052559 286
23.500000 12.990381 24.500000 12.990381 287
25.500000 21.650635 26.000000 22.516660 288
40.500000 19.918584 40.000000 20.784610 289
40.000000 20.784610 41.000000 20.784610 289
40.500000 19.918584 41.000000 20.784610 289
17.000000 17.320508 17.500000 18.186533 290
28.500000 14.722432 29.500000 14.722432 291
26.000000 10.392305 25.500000 11.258330 292
23.000000 0.000000 24.000000 0.000000 293
14.000000 22.516660 13.500000 23.382686 294
13.000000 22.516660 13.500000 23.382686 294
13.000000 22.516660 14.000000 22.516660 294
14.000000 3.464102 15.000000 3.464102 295
14.500000 2.598076 14.000000 3.464102 295
14.500000 2.598076 15.000000 3.464102 295
20.500000 16.454483 20.000000 17.320508 296
34.000000 25.980762 35.000000 25.980762 297
35.000000 25.980762 34.500000 26.846788 297
34.000000 25.980762 34.500000 26.846788 297
31.500000 11.258330 32.000000 12.124356 298
17.000000 8.660254 16.500000 9.526279 299
25.000000 8.660254 25.500000 9.526279 300
26.500000 23.382686 27.000000 24.248711 301
34.000000 19.052559 35.000000 19.052559 302
24.000000 1.732051 23.500000 2.598076 303
39.000000 13.856406 38.500000 14.722432 304
38.000000 13.856406 38.500000 14.722432 304
38.000000 13.856406 39.000000 13.856406 304
32.500000 12.990381 33.500000 12.990381 305
33.500000 12.990381 33.000000 13.856406 305
32.500000 12.990381 33.000000 13.856406 305
26.500000 21.650635 27.500000 21.650635 306
27.000000 20.784610 26.500000 21.650635 306
27.000000 20.784610 27.500000 21.650635 306
15.000000 20.784610 14.500000 21.650635 307
14.500000 19.918584 15.000000 20.784610 307
14.000000 20.784610 15.000000 20.784610 307
14.500000 19.918584 14.000000 20.784610 307
14.000000 20.784610 14.500000 21.650635 307
10.500000 12.990381 10.000000 13.856406 308
39.500000 23.382686 40.500000 23.382686 309
40.000000 22.516660 39.500000 23.382686 309
40.000000 22.516660 40.500000 23.382686 309
11.000000 19.052559 12.000000 19.052559 310
11.000000 19.052559 11.500000 19.918584 310
12.000000 19.052559 11.500000 19.918584 310
30.000000 20.784610 29.500000 21.650635 311
34.500000 19.918584 35.500000 19.918584 312
15.500000 6.062178 16.500000 6.062178 313
9.000000 8.660254 8.500000 9.526279 314
6.000000 8.660254 7.000000 8.660254 315
13.000000 1.732051 12.500000 2.598076 316
27.000000 3.464102 26.500000 4.330127 317
34.500000 7.794229 34.000000 8.660254 318
17.000000 1.732051 18.000000 1.732051 319
16.500000 16.454483 16.000000 17.320508 320
22.000000 24.248711 23.000000 24.248711 321
29.000000 17.320508 29.500000 18.186533 322
29.000000 3.464102 29.500000 4.330127 323
30.500000 14.722432 31.000000 15.588457 324
10.500000 4.330127 11.500000 4.330127 325
7.500000 12.990381 8.500000 12.990381 326
8.000000 12.124356 8.500000 12.990381 326
8.000000 12.124356 7.500000 12.990381 326
30.500000 21.650635 30.000000 22.516660 327
19.000000 24.248711 18.500000 25.114737 328
42.500000 19.918584 11.500000 19.918584 329
16.000000 24.248711 15.500000 25.114737 330
15.000000 24.248711 16.000000 24.248711 330
15.000000 24.248711 15.500000 25.114737 330
44.000000 22.516660 13.000000 22.516660 331
13.000000 22.516660 44.500000 23.382686 331
44.000000 22.516660 44.500000 23.382686 331
39.500000 19.918584 40.000000 20.784610 332
13.000000 15.588457 14.000000 15.588457 333
34.500000 23.382686 34.000000 24.248711 334
37.500000 21.650635 38.000000 22.516660 335
37.000000 22.516660 38.000000 22.516660 335
37.500000 21.650635 37.000000 22.516660 335
23.500000 12.990381 23.000000 13.856406 336
19.000000 22.516660 20.000000 22.516660 337
19.500000 21.650635 20.000000 22.516660 337
19.500000 21.650635 19.000000 22.516660 337
23.500000 18.186533 24.500000 18.186533 338
17.500000 0.866025 18.000000 1.732051 339
17.500000 21.650635 18.000000 22.516660 340
21.500000 21.650635 22.500000 21.650635 341
37.500000 21.650635 38.500000 21.650635 342
13.500000 12.990381 14.500000 12.990381 343
7.000000 3.464102 7.500000 4.330127 344
17.500000 7.794229 17.000000 8.660254 345
9.500000 12.990381 9.000000 13.856406 346
21.500000 14.722432 21.000000 15.588457 347
17.500000 2.598076 18.000000 3.464102 348
12.500000 2.598076 13.500000 2.598076 349
27.000000 22.516660 28.000000 22.516660 350
8.500000 6.062178 9.000000 6.928203 351
41.500000 21.650635 42.500000 21.650635 352
41.500000 21.650635 42.000000 22.516660 352
42.500000 21.650635 42.000000 22.516660 352
36.500000 9.526279 37.000000 10.392305 353
17.500000 23.382686 18.000000 24.248711 354
30.000000 17.320508 31.000000 17.320508 355
12.000000 17.320508 13.000000 17.320508 356
12.000000 17.320508 12.500000 18.186533 356
14.000000 17.320508 13.500000 18.186533 356
13.000000 17.320508 13.500000 18.186533 356
13.000000 17.320508 14.000000 17.320508 356
13.000000 17.320508 12.500000 18.186533 356
12.500000 18.186533 13.500000 18.186533 356
29.500000 2.598076 30.000000 3.464102 357
29.000000 19.052559 29.500000 19.918584 358
30.000000 19.052559 29.500000 19.918584 358
29.000000 19.052559 30.000000 19.052559 358
11.000000 5.196152 10.500000 6.062178 359
38.500000 21.650635 39.500000 21.650635 360
39.000000 25.980762 40.000000 25.980762 361
34.500000 11.258330 35.500000 11.258330 362
18.000000 22.516660 18.500000 23.382686 363
8.000000 13.856406 9.000000 13.856406 364
24.000000 15.588457 23.500000 16.454483 365
34.500000 16.454483 35.000000 17.320508 366
35.500000 16.454483 35.000000 17.320508 366
34.500000 16.454483 35.500000 16.454483 366
17.500000 16.454483 18.000000 17.320508 367
25.500000 16.454483 26.500000 16.454483 368
20.500000 0.866025 21.000000 1.732051 369
15.500000 4.330127 16.000000 5.196152 370
15.500000 4.330127 15.000000 5.196152 371
9.000000 1.732051 8.500000 2.598076 372
35.000000 12.124356 36.000000 12.124356 373
33.000000 22.516660 32.500000 23.382686 374
29.500000 12.990381 30.000000 13.856406 375
21.500000 6.062178 21.000000 6.928203 376
21.500000 6.062178 22.500000 6.062178 376
22.500000 6.062178 22.000000 6.928203 376
21.500000 6.062178 22.000000 6.928203 376
21.000000 6.928203 22.000000 6.928203 376
17.500000 19.918584 18.000000 20.784610 377
18.000000 20.784610 19.000000 20.784610 378
21.500000 9.526279 21.000000 10.392305 379
31.500000 12.990381 32.500000 12.990381 380
42.000000 20.784610 43.000000 20.784610 381
31.000000 1.732051 30.500000 2.598076 382
24.000000 24.248711 25.000000 24.248711 383
14.500000 4.330127 15.000000 5.196152 384
6.000000 6.928203 5.500000 7.794229 385
20.000000 10.392305 20.500000 11.258330 386
41.000000 17.320508 40.500000 18.186533 387
37.000000 20.784610 38.000000 20.784610 388
21.500000 26.846788 22.500000 26.846788 389
24.000000 0.000000 23.500000 0.866025 390
44.500000 25.114737 45.000000 25.980762 391
45.000000 25.980762 46.000000 25.980762 391
45.500000 25.114737 45.000000 25.980762 391
44.500000 25.114737 45.500000 25.114737 391
45.500000 25.114737 46.000000 25.980762 391
17.500000 9.526279 18.500000 9.526279 392
25.000000 20.784610 24.500000 21.650635 393
45.000000 24.248711 14.000000 24.248711 394
45.500000 25.114737 14.500000 25.114737 395
37.000000 24.248711 37.500000 25.114737 396
21.500000 21.650635 22.000000 22.516660 397
22.000000 25.980762 23.000000 25.980762 398
13.000000 19.052559 12.500000 19.918584 399
12.000000 19.052559 13.000000 19.052559 399
12.000000 19.052559 12.500000 19.918584 399
22.000000 12.124356 21.500000 12.990381 400
36.000000 25.980762 37.000000 25.980762 401
28.000000 20.784610 28.500000 21.650635 402
18.000000 17.320508 19.000000 17.320508 403
29.000000 13.856406 30.000000 13.856406 404
29.000000 13.856406 29.500000 14.722432 404
30.000000 13.856406 29.500000 14.722432 404
38.500000 12.990381 38.000000 13.856406 405
14.000000 24.248711 45.500000 25.114737 406
9.500000 6.062178 9.000000 6.928203 407
29.500000 18.186533 30.500000 18.186533 408
26.000000 20.784610 25.500000 21.650635 409
28.000000 20.784610 29.000000 20.784610 410
28.500000 21.650635 28.000000 22.516660 411
16.500000 19.918584 17.500000 19.918584 412
17.500000 19.918584 17.000000 20.784610 412
16.500000 19.918584 17.000000 20.784610 412
16.500000 16.454483 17.500000 16.454483 413
17.500000 16.454483 17.000000 17.320508 413
16.500000 16.454483 17.000000 17.320508 413
13.000000 13.856406 12.500000 14.722432 414
9.500000 4.330127 9.000000 5.196152 415
18.000000 17.320508 17.500000 18.186533 416
32.000000 1.732051 31.500000 2.598076 417
29.500000 14.722432 29.000000 15.588457 418
14.000000 3.464102 13.500000 4.330127 419
13.500000 4.330127 14.000000 5.196152 419
14.500000 4.330127 14.000000 5.196152 419
14.000000 3.464102 14.500000 4.330127 419
13.500000 4.330127 14.500000 4.330127 419
24.000000 6.928203 24.500000 7.794229 420
19.000000 10.392305 20.000000 10.392305 421
22.000000 22.516660 21.500000 23.382686 422
22.000000 22.516660 22.500000 23.382686 422
21.500000 23.382686 22.500000 23.382686 422
14.500000 16.454483 15.000000 17.320508 423
29.500000 4.330127 29.000000 5.196152 424
46.000000 25.980762 46.500000 26.846788 425
32.000000 24.248711 33.000000 24.248711 426
35.000000 10.392305 36.000000 10.392305 427
14.500000 21.650635 14.000000 22.516660 428
14.000000 22.516660 15.000000 22.516660 428
14.500000 21.650635 15.000000 22.516660 428
25.000000 6.928203 24.500000 7.794229 429
35.000000 25.980762 36.000000 25.980762 430
30.000000 19.052559 31.000000 19.052559 431
21.000000 0.000000 20.500000 0.866025 432
25.500000 11.258330 26.500000 11.258330 433
25.500000 11.258330 26.000000 12.124356 433
26.500000 11.258330 26.000000 12.124356 433
10.500000 9.526279 11.500000 9.526279 434
23.500000 26.846788 7.000000 0.000000 435
7.500000 12.990381 39.000000 13.856406 436
34.000000 22.516660 33.500000 23.382686 437
30.000000 22.516660 30.500000 23.382686 438
13.500000 19.918584 14.500000 19.918584 439
19.500000 0.866025 19.000000 1.732051 440
26.000000 15.588457 27.000000 15.588457 441
36.500000 23.382686 37.500000 23.382686 442
40.000000 17.320508 39.500000 18.186533 443
45.500000 26.846788 46.500000 26.846788 444
32.000000 5.196152 32.500000 6.062178 445
16.500000 23.382686 17.500000 23.382686 446
35.000000 24.248711 36.000000 24.248711 447
11.500000 2.598076 12.000000 3.464102 448
15.000000 0.000000 16.000000 0.000000 449
30.000000 3.464102 29.500000 4.330127 450
23.500000 23.382686 23.000000 24.248711 451
13.000000 1.732051 14.000000 1.732051 452
10.500000 6.062178 10.000000 6.928203 453
10.000000 5.196152 10.500000 6.062178 454
10.000000 6.928203 11.000000 6.928203 455
35.500000 7.794229 35.000000 8.660254 456
10.000000 8.660254 11.000000 8.660254 457
40.500000 23.382686 40.000000 24.248711 458
29.500000 21.650635 29.000000 22.516660 459
14.000000 24.248711 15.000000 24.248711 460
26.500000 18.186533 27.500000 18.186533 461
17.000000 20.784610 17.500000 21.650635 462
14.500000 14.722432 15.500000 14.722432 463
28.000000 24.248711 27.500000 25.114737 464
35.000000 22.516660 34.500000 23.382686 465
10.000000 8.660254 9.500000 9.526279 466
17.000000 20.784610 16.500000 21.650635 467
14.000000 19.052559 15.000000 19.052559 468
21.500000 18.186533 22.000000 19.052559 469
25.500000 11.258330 25.000000 12.124356 470
15.000000 13.856406 15.500000 14.722432 471
9.000000 12.124356 10.000000 12.124356 472
10.000000 12.124356 9.500000 12.990381 472
9.000000 12.124356 9.500000 12.990381 472
35.500000 14.722432 35.000000 15.588457 473
12.500000 16.454483 13.500000 16.454483 474
18.500000 16.454483 18.000000 17.320508 475
15.000000 5.196152 15.500000 6.062178 476
34.500000 18.186533 35.000000 19.052559 477
34.500000 18.186533 35.500000 18.186533 477
35.500000 18.186533 35.000000 19.052559 477
18.500000 2.598076 18.000000 3.464102 478
35.500000 19.918584 36.500000 19.918584 479
8.000000 0.000000 7.500000 0.866025 480
28.000000 15.588457 28.500000 16.454483 481
27.500000 6.062178 28.500000 6.062178 482
14.000000 12.124356 13.500000 12.990381 483
19.500000 9.526279 20.000000 10.392305 484
16.000000 10.392305 17.000000 10.392305 485
14.500000 19.918584 15.500000 19.918584 486
15.500000 21.650635 15.000000 22.516660 487
39.500000 16.454483 40.000000 17.320508 488
11.500000 18.186533 12.000000 19.052559 489
26.500000 18.186533 26.000000 19.052559 490
37.000000 20.784610 36.500000 21.650635 491
28.000000 1.732051 27.500000 2.598076 492
31.500000 6.062178 32.000000 6.928203 493
30.000000 0.000000 31.000000 0.000000 494
24.000000 19.052559 23.500000 19.918584 495
28.500000 19.918584 29.500000 19.918584 496
22.500000 14.722432 23.500000 14.722432 497
24.000000 12.124356 24.500000 12.990381 498
18.000000 1.732051 17.500000 2.598076 499
30.500000 2.598076 31.500000 2.598076 500
13.500000 21.650635 13.000000 22.516660 501
12.000000 20.784610 13.000000 20.784610 502
30.500000 14.722432 30.000000 15.588457 503
31.500000 9.526279 31.000000 10.392305 504
35.000000 17.320508 35.500000 18.186533 505
21.500000 11.258330 22.500000 11.258330 506
18.500000 0.866025 19.000000 1.732051 507
13.500000 23.382686 14.000000 24.248711 508
15.500000 23.382686 15.000000 24.248711 509
34.500000 12.990381 35.500000 12.990381 510
43.500000 21.650635 12.500000 21.650635 511
12.000000 20.784610 12.500000 21.650635 511
12.000000 20.784610 43.500000 21.650635 511
13.500000 12.990381 14.000000 13.856406 512
23.500000 16.454483 24.500000 16.454483 513
17.000000 8.660254 17.500000 9.526279 514
17.000000 8.660254 18.000000 8.660254 514
18.000000 8.660254 17.500000 9.526279 514
21.500000 12.990381 21.000000 13.856406 515
8.000000 1.732051 7.500000 2.598076 516
20.000000 17.320508 20.500000 18.186533 517
38.500000 12.990381 7.500000 12.990381 518
26.000000 17.320508 27.000000 17.320508 519
43.500000 23.382686 44.000000 24.248711 520
9.500000 14.722432 10.000000 15.588457 521
20.000000 15.588457 19.500000 16.454483 522
31.000000 15.588457 31.500000 16.454483 523
16.500000 9.526279 16.000000 10.392305 524
39.000000 15.588457 40.000000 15.588457 525
34.500000 16.454483 34.000000 17.320508 526
34.500000 11.258330 35.000000 12.124356 527
19.000000 17.320508 18.500000 18.186533 528
38.500000 21.650635 39.000000 22.516660 529
37.000000 12.124356 37.500000 12.990381 530
44.500000 23.382686 44.000000 24.248711 531
15.000000 22.516660 15.500000 23.382686 532
14.000000 1.732051 13.500000 2.598076 533
6.000000 0.000000 7.000000 0.000000 534
21.500000 7.794229 22.000000 8.660254 535
36.000000 10.392305 37.000000 10.392305 536
37.000000 19.052559 36.500000 19.918584 537
42.500000 23.382686 43.500000 23.382686 538
39.000000 19.052559 40.000000 19.052559 539
39.000000 22.516660 39.500000 23.382686 540
38.500000 23.382686 39.500000 23.382686 540
39.000000 22.516660 38.500000 23.382686 540
18.000000 5.196152 19.000000 5.196152 541
16.000000 6.928203 17.000000 6.928203 542
12.500000 2.598076 12.000000 3.464102 543
30.000000 1.732051 29.500000 2.598076 544
8.500000 11.258330 9.500000 11.258330 545
16.000000 19.052559 16.500000 19.918584 546
6.500000 7.794229 7.500000 7.794229 547
40.500000 21.650635 40.000000 22.516660 548
11.000000 17.320508 12.000000 17.320508 549
8.000000 6.928203 8.500000 7.794229 550
37.500000 25.114737 37.000000 25.980762 551
41.500000 19.918584 41.000000 20.784610 552
8.000000 6.928203 7.500000 7.794229 553
30.500000 2.598076 31.000000 3.464102 554
14.000000 13.856406 15.000000 13.856406 555
34.500000 7.794229 35.000000 8.660254 556
27.500000 4.330127 28.000000 5.196152 557
10.000000 8.660254 10.500000 9.526279 558
38.500000 16.454483 39.000000 17.320508 559
15.500000 12.990381 16.500000 12.990381 560
10.500000 6.062178 11.500000 6.062178 561
37.000000 13.856406 38.000000 13.856406 562
8.000000 5.196152 7.500000 6.062178 563
28.000000 13.856406 28.500000 14.722432 564
20.000000 24.248711 19.500000 25.114737 565
26.500000 7.794229 27.500000 7.794229 566
16.500000 7.794229 17.000000 8.660254 567
16.500000 0.866025 17.000000 1.732051 568
16.000000 1.732051 17.000000 1.732051 568
16.500000 0.866025 16.000000 1.732051 568
29.500000 0.866025 30.000000 1.732051 569
9.000000 15.588457 9.500000 16.454483 570
23.000000 20.784610 23.500000 21.650635 571
26.500000 25.114737 27.500000 25.114737 572
23.000000 20.784610 24.000000 20.784610 573
18.000000 15.588457 17.500000 16.454483 574
23.500000 21.650635 23.000000 22.516660 575
18.000000 0.000000 19.000000 0.000000 576
23.000000 25.980762 24.000000 25.980762 577
19.000000 6.928203 18.500000 7.794229 578
31.000000 17.320508 30.500000 18.186533 579
15.000000 24.248711 14.500000 25.114737 580
20.500000 19.918584 21.000000 20.784610 581
38.500000 18.186533 39.500000 18.186533 582
21.000000 19.052559 21.500000 19.918584 583
18.000000 1.732051 18.500000 2.598076 584
35.500000 25.114737 36.500000 25.114737 585
26.000000 15.588457 25.500000 16.454483 586
26.000000 6.928203 25.500000 7.794229 587
29.500000 11.258330 29.000000 12.124356 588
38.500000 25.114737 39.000000 25.980762 589
13.500000 16.454483 14.500000 16.454483 590
20.000000 6.928203 21.000000 6.928203 591
31.500000 6.062178 32.500000 6.062178 592
44.500000 23.382686 45.000000 24.248711 593
9.500000 16.454483 10.000000 17.320508 594
19.000000 20.784610 18.500000 21.650635 595
27.500000 14.722432 28.500000 14.722432 596
28.000000 5.196152 28.500000 6.062178 597
32.000000 17.320508 32.500000 18.186533 598
14.000000 15.588457 13.500000 16.454483 599
38.500000 19.918584 39.500000 19.918584 600
28.000000 22.516660 28.500000 23.382686 601
35.500000 23.382686 35.000000 24.248711 602
31.000000 15.588457 30.500000 16.454483 603
37.500000 19.918584 37.000000 20.784610 604
13.500000 21.650635 14.500000 21.650635 605
29.500000 19.918584 29.000000 20.784610 606
25.000000 19.052559 24.500000 19.918584 607
24.000000 19.052559 25.000000 19.052559 607
24.000000 19.052559 24.500000 19.918584 607
36.000000 24.248711 35.500000 25.114737 608
11.500000 4.330127 11.000000 5.196152 609
30.500000 0.866025 31.000000 1.732051 610
22.500000 14.722432 23.000000 15.588457 611
28.500000 0.866025 29.000000 1.732051 612
39.000000 15.588457 39.500000 16.454483 613
38.000000 20.784610 37.500000 21.650635 614
35.000000 12.124356 35.500000 12.990381 615
35.000000 20.784610 34.500000 21.650635 616
26.500000 19.918584 26.000000 20.784610 617
21.000000 20.784610 22.000000 20.784610 618
21.500000 19.918584 21.000000 20.784610 619
25.500000 19.918584 26.500000 19.918584 620
13.000000 19.052559 13.500000 19.918584 621
28.500000 16.454483 29.500000 16.454483 622
7.000000 8.660254 7.500000 9.526279 623
19.500000 19.918584 20.000000 20.784610 624
33.000000 24.248711 33.500000 25.114737 625
34.500000 19.918584 35.000000 20.784610 626
28.000000 6.928203 28.500000 7.794229 627
30.500000 11.258330 31.000000 12.124356 628
12.500000 4.330127 13.500000 4.330127 629
41.500000 19.918584 42.000000 20.784610 630
41.500000 19.918584 42.500000 19.918584 630
42.500000 19.918584 42.000000 20.784610 630
17.000000 13.856406 16.500000 14.722432 631
23.000000 22.516660 23.500000 23.382686 632
28.500000 16.454483 28.000000 17.320508 633
24.500000 7.794229 25.000000 8.660254 634
37.000000 13.856406 37.500000 14.722432 635
35.500000 11.258330 36.500000 11.258330 636
43.000000 22.516660 42.500000 23.382686 637
9.500000 11.258330 9.000000 12.124356 638
25.000000 24.248711 25.500000 25.114737 639
30.500000 16.454483 31.000000 17.320508 640
29.500000 16.454483 30.000000 17.320508 641
35.500000 19.918584 36.000000 20.784610 642
40.000000 19.052559 39.500000 19.918584 643
18.500000 21.650635 19.000000 22.516660 644
29.500000 4.330127 30.500000 4.330127 645
19.000000 22.516660 19.500000 23.382686 646
19.000000 6.928203 20.000000 6.928203 647
15.000000 22.516660 14.500000 23.382686 648
14.000000 19.052559 14.500000 19.918584 649
18.000000 6.928203 18.500000 7.794229 650
18.000000 3.464102 17.500000 4.330127 651
25.500000 12.990381 26.000000 13.856406 652
30.000000 25.980762 29.500000 26.846788 653
19.500000 19.918584 19.000000 20.784610 654
30.500000 4.330127 30.000000 5.196152 655
28.000000 6.928203 29.000000 6.928203 656
27.000000 24.248711 26.500000 25.114737 657
5.500000 6.062178 6.000000 6.928203 658
12.500000 21.650635 13.500000 21.650635 659
40.000000 19.052559 40.500000 19.918584 660
20.500000 7.794229 21.500000 7.794229 661
36.500000 21.650635 37.500000 21.650635 662
28.500000 12.990381 28.000000 13.856406 663
36.500000 16.454483 37.000000 17.320508 664
15.000000 10.392305 16.000000 10.392305 665
6.500000 0.866025 7.500000 0.866025 666
14.500000 6.062178 15.500000 6.062178 667
43.000000 20.784610 12.000000 20.784610 668
34.500000 12.990381 34.000000 13.856406 669
9.500000 7.794229 10.500000 7.794229 670
21.500000 4.330127 22.500000 4.330127 671
17.500000 0.866025 18.500000 0.866025 672
32.000000 12.124356 31.500000 12.990381 673
32.000000 3.464102 31.500000 4.330127 674
24.500000 11.258330 25.000000 12.124356 675
14.500000 11.258330 15.000000 12.124356 676
15.500000 21.650635 16.000000 22.516660 677
25.000000 24.248711 24.500000 25.114737 678
20.500000 21.650635 21.000000 22.516660 679
43.000000 20.784610 42.500000 21.650635 680
25.500000 16.454483 26.000000 17.320508 681
40.000000 15.588457 40.500000 16.454483 682
27.500000 0.866025 28.000000 1.732051 683
28.500000 7.794229 29.500000 7.794229 684
14.000000 12.124356 15.000000 12.124356 685
14.000000 0.000000 14.500000 0.866025 686
27.500000 7.794229 28.500000 7.794229 687
9.500000 16.454483 41.000000 17.320508 688
26.000000 5.196152 26.500000 6.062178 689
19.000000 8.660254 18.500000 9.526279 690
10.000000 6.928203 10.500000 7.794229 691
32.500000 11.258330 33.000000 12.124356 692
13.500000 16.454483 14.000000 17.320508 693
20.000000 15.588457 21.000000 15.588457 694
23.500000 23.382686 24.000000 24.248711 695
29.000000 15.588457 29.500000 16.454483 696
8.500000 2.598076 8.000000 3.464102 697
22.000000 5.196152 23.000000 5.196152 698
6.500000 7.794229 6.000000 8.660254 699
9.000000 12.124356 8.500000 12.990381 700
19.000000 15.588457 19.500000 16.454483 701
20.000000 6.928203 19.500000 7.794229 702
15.500000 19.918584 16.000000 20.784610 703
13.000000 5.196152 14.000000 5.196152 704
22.500000 9.526279 23.000000 10.392305 705
17.000000 22.516660 17.500000 23.382686 706
25.000000 6.928203 26.000000 6.928203 707
25.500000 25.114737 25.000000 25.980762 708
15.000000 20.784610 15.500000 21.650635 709
33.500000 23.382686 33.000000 24.248711 710
26.500000 4.330127 27.000000 5.196152 711
21.000000 19.052559 22.000000 19.052559 712
13.500000 11.258330 14.000000 12.124356 713
10.500000 4.330127 10.000000 5.196152 714
39.500000 16.454483 39.000000 17.320508 715
24.500000 9.526279 24.000000 10.392305 716
13.500000 23.382686 14.500000 23.382686 717
27.500000 23.382686 28.000000 24.248711 718
17.000000 17.320508 16.500000 18.186533 719
22.500000 21.650635 23.000000 22.516660 720
27.000000 13.856406 28.000000 13.856406 721
7.000000 6.928203 6.500000 7.794229 722
9.000000 5.196152 10.000000 5.196152 723
15.000000 15.588457 14.500000 16.454483 724
10.500000 11.258330 10.000000 12.124356 725
19.000000 22.516660 18.500000 23.382686 726
19.500000 23.382686 19.000000 24.248711 727
20.500000 16.454483 21.000000 17.320508 728
33.000000 10.392305 33.500000 11.258330 729
38.500000 25.114737 38.000000 25.980762 730
22.500000 26.846788 7.000000 0.000000 731
23.500000 2.598076 24.500000 2.598076 732
22.000000 22.516660 23.000000 22.516660 733
44.000000 24.248711 44.500000 25.114737 734
10.500000 7.794229 11.500000 7.794229 735
36.000000 12.124356 36.500000 12.990381 736
21.000000 6.928203 20.500000 7.794229 737
21.000000 22.516660 20.500000 23.382686 738
30.000000 1.732051 30.500000 2.598076 739
24.500000 19.918584 24.000000 20.784610 740
34.000000 6.928203 34.500000 7.794229 741
