32 32 32 32 32
32.000000 10.392305 33.000000 10.392305 1
24.500000 26.846788 25.500000 26.846788 2
21.000000 13.856406 20.500000 14.722432 3
20.500000 14.722432 21.500000 14.722432 3
21.000000 13.856406 21.500000 14.722432 3
30.000000 20.784610 31.000000 20.784610 4
34.000000 22.516660 35.000000 22.516660 5
30.500000 26.846788 14.000000 0.000000 6
10.000000 0.000000 11.000000 0.000000 6
14.000000 5.196152 14.500000 6.062178 6
15.500000 2.598076 16.500000 2.598076 6
9.500000 4.330127 10.000000 5.196152 6
5.500000 4.330127 6.000000 5.196152 6
27.500000 26.846788 28.500000 26.846788 6
11.500000 2.598076 11.000000 3.464102 6
10.500000 4.330127 11.000000 5.196152 6
8.000000 5.196152 9.000000 5.196152 6
10.500000 2.598076 10.000000 3.464102 6
13.000000 0.000000 14.000000 0.000000 6
9.500000 7.794229 9.000000 8.660254 6
16.000000 1.732051 17.000000 1.732051 6
30.000000 25.980762 30.500000 26.846788 6
10.500000 0.866025 11.500000 0.866025 6
12.500000 2.598076 13.500000 2.598076 6
8.500000 7.794229 8.000000 8.660254 6
9.000000 3.464102 9.500000 4.330127 6
11.000000 0.000000 11.500000 0.866025 6
12.500000 0.866025 13.500000 0.866025 6
12.000000 3.464102 12.500000 4.330127 6
14.000000 1.732051 15.000000 1.732051 6
8.500000 6.062178 9.000000 6.928203 6
11.000000 0.000000 12.000000 0.000000 6
14.500000 6.062178 14.000000 6.928203 6
10.500000 0.866025 11.000000 1.732051 6
6.000000 3.464102 6.500000 4.330127 6
27.500000 26.846788 12.000000 0.000000 6
9.000000 1.732051 10.000000 1.732051 6
13.000000 3.464102 13.500000 4.330127 6
10.500000 2.598076 11.500000 2.598076 6
8.000000 5.196152 7.500000 6.062178 6
15.000000 5.196152 15.500000 6.062178 6
11.500000 0.866025 11.000000 1.732051 6
8.000000 6.928203 7.500000 7.794229 6
12.000000 3.464102 11.500000 4.330127 6
8.000000 8.660254 9.000000 8.660254 6
8.500000 2.598076 9.000000 3.464102 6
4.500000 4.330127 5.500000 4.330127 6
16.000000 1.732051 15.500000 2.598076 6
8.500000 7.794229 9.000000 8.660254 6
29.000000 25.980762 28.500000 26.846788 6
29.000000 25.980762 29.500000 26.846788 6
8.500000 2.598076 8.000000 3.464102 6
12.500000 0.866025 13.000000 1.732051 6
13.500000 2.598076 14.500000 2.598076 6
7.500000 6.062178 8.500000 6.062178 6
11.500000 7.794229 12.500000 7.794229 6
14.500000 2.598076 15.500000 2.598076 6
12.000000 5.196152 13.000000 5.196152 6
10.000000 5.196152 10.500000 6.062178 6
11.000000 6.928203 10.500000 7.794229 6
6.000000 3.464102 5.500000 4.330127 6
9.500000 6.062178 10.500000 6.062178 6
6.500000 4.330127 7.000000 5.196152 6
9.000000 6.928203 10.000000 6.928203 6
7.000000 6.928203 7.500000 7.794229 6
7.000000 5.196152 7.500000 6.062178 6
13.000000 1.732051 14.000000 1.732051 6
6.500000 7.794229 7.500000 7.794229 6
11.500000 0.866025 12.500000 0.866025 6
28.000000 25.980762 28.500000 26.846788 6
14.000000 1.732051 14.500000 2.598076 6
13.000000 3.464102 12.500000 4.330127 6
12.000000 6.928203 11.500000 7.794229 6
13.000000 0.000000 13.500000 0.866025 6
14.500000 0.866025 15.500000 0.866025 6
10.500000 4.330127 11.500000 4.330127 6
7.000000 5.196152 8.000000 5.196152 6
11.000000 3.464102 12.000000 3.464102 6
15.000000 5.196152 14.500000 6.062178 6
13.000000 1.732051 13.500000 2.598076 6
12.000000 5.196152 12.500000 6.062178 6
14.500000 4.330127 15.000000 5.196152 6
5.000000 5.196152 6.000000 5.196152 6
10.000000 6.928203 9.500000 7.794229 6
16.500000 0.866025 17.000000 1.732051 6
12.500000 2.598076 13.000000 3.464102 6
7.500000 4.330127 8.000000 5.196152 6
12.500000 2.598076 12.000000 3.464102 6
11.000000 3.464102 11.500000 4.330127 6
6.000000 5.196152 7.000000 5.196152 6
15.500000 2.598076 15.000000 3.464102 6
10.000000 3.464102 9.500000 4.330127 6
30.000000 25.980762 29.500000 26.846788 6
29.500000 26.846788 14.000000 0.000000 6
26.500000 26.846788 27.500000 26.846788 6
12.000000 3.464102 13.000000 3.464102 6
11.500000 6.062178 11.000000 6.928203 6
27.500000 26.846788 11.000000 0.000000 6
10.500000 6.062178 10.000000 6.928203 6
13.000000 3.464102 14.000000 3.464102 6
13.000000 6.928203 12.500000 7.794229 6
12.500000 7.794229 13.500000 7.794229 6
13.000000 5.196152 12.500000 6.062178 6
14.000000 6.928203 13.500000 7.794229 6
29.500000 26.846788 30.500000 26.846788 6
10.000000 6.928203 11.000000 6.928203 6
13.000000 0.000000 12.500000 0.866025 6
14.500000 0.866025 15.000000 1.732051 6
14.000000 5.196152 13.500000 6.062178 6
13.000000 5.196152 13.500000 6.062178 6
11.000000 1.732051 10.500000 2.598076 6
15.500000 0.866025 16.000000 1.732051 6
12.000000 0.000000 11.500000 0.866025 6
9.500000 4.330127 10.500000 4.330127 6
14.000000 3.464102 14.500000 4.330127 6
9.000000 6.928203 9.500000 7.794229 6
7.000000 6.928203 6.500000 7.794229 6
8.000000 6.928203 8.500000 7.794229 6
8.000000 5.196152 8.500000 6.062178 6
10.500000 6.062178 11.000000 6.928203 6
7.500000 6.062178 7.000000 6.928203 6
12.500000 7.794229 13.000000 8.660254 6
10.000000 6.928203 10.500000 7.794229 6
12.500000 0.866025 12.000000 1.732051 6
9.000000 5.196152 10.000000 5.196152 6
13.500000 7.794229 13.000000 8.660254 6
8.000000 3.464102 7.500000 4.330127 6
14.000000 3.464102 13.500000 4.330127 6
11.500000 2.598076 12.000000 3.464102 6
15.000000 0.000000 15.500000 0.866025 6
15.500000 0.866025 16.500000 0.866025 6
12.000000 1.732051 13.000000 1.732051 6
8.500000 6.062178 9.500000 6.062178 6
15.000000 1.732051 15.500000 2.598076 6
10.000000 1.732051 11.000000 1.732051 6
13.000000 6.928203 14.000000 6.928203 6
6.000000 3.464102 7.000000 3.464102 6
11.000000 6.928203 11.500000 7.794229 6
13.000000 6.928203 13.500000 7.794229 6
8.000000 6.928203 9.000000 6.928203 6
9.500000 4.330127 9.000000 5.196152 6
8.000000 3.464102 9.000000 3.464102 6
14.500000 6.062178 15.500000 6.062178 6
9.500000 2.598076 10.500000 2.598076 6
16.500000 0.866025 16.000000 1.732051 6
13.000000 1.732051 12.500000 2.598076 6
29.000000 25.980762 30.000000 25.980762 6
28.500000 26.846788 12.000000 0.000000 6
13.500000 4.330127 13.000000 5.196152 6
9.000000 1.732051 9.500000 2.598076 6
13.500000 4.330127 14.000000 5.196152 6
15.000000 1.732051 14.500000 2.598076 6
9.000000 3.464102 10.000000 3.464102 6
11.000000 6.928203 12.000000 6.928203 6
10.000000 1.732051 10.500000 2.598076 6
26.500000 26.846788 10.000000 0.000000 6
9.500000 6.062178 10.000000 6.928203 6
7.000000 3.464102 6.500000 4.330127 6
5.500000 4.330127 5.000000 5.196152 6
8.500000 4.330127 8.000000 5.196152 6
12.000000 5.196152 11.500000 6.062178 6
9.000000 6.928203 8.500000 7.794229 6
28.000000 25.980762 27.500000 26.846788 6
12.000000 1.732051 12.500000 2.598076 6
14.000000 3.464102 15.000000 3.464102 6
13.500000 6.062178 13.000000 6.928203 6
7.000000 3.464102 8.000000 3.464102 6
10.500000 4.330127 10.000000 5.196152 6
14.500000 6.062178 15.000000 6.928203 6
8.500000 6.062178 8.000000 6.928203 6
30.500000 26.846788 15.000000 0.000000 6
8.500000 2.598076 9.500000 2.598076 6
8.500000 4.330127 9.000000 5.196152 6
11.500000 4.330127 11.000000 5.196152 6
10.500000 7.794229 11.500000 7.794229 6
28.500000 26.846788 29.500000 26.846788 6
11.000000 5.196152 12.000000 5.196152 6
11.000000 5.196152 11.500000 6.062178 6
7.500000 7.794229 8.500000 7.794229 6
14.000000 6.928203 15.000000 6.928203 6
13.500000 2.598076 14.000000 3.464102 6
10.000000 0.000000 10.500000 0.866025 6
15.000000 1.732051 16.000000 1.732051 6
12.000000 0.000000 12.500000 0.866025 6
15.000000 3.464102 14.500000 4.330127 6
13.500000 6.062178 14.000000 6.928203 6
10.500000 6.062178 11.500000 6.062178 6
7.500000 6.062178 8.000000 6.928203 6
4.500000 4.330127 5.000000 5.196152 6
14.500000 4.330127 14.000000 5.196152 6
6.500000 4.330127 6.000000 5.196152 6
11.500000 6.062178 12.000000 6.928203 6
11.000000 0.000000 10.500000 0.866025 6
9.500000 7.794229 10.500000 7.794229 6
10.000000 5.196152 11.000000 5.196152 6
14.000000 0.000000 15.000000 0.000000 6
13.500000 0.866025 13.000000 1.732051 6
17.000000 1.732051 16.500000 2.598076 6
14.000000 5.196152 15.000000 5.196152 6
10.500000 0.866025 10.000000 1.732051 6
10.000000 1.732051 9.500000 2.598076 6
11.000000 1.732051 11.500000 2.598076 6
11.500000 6.062178 12.500000 6.062178 6
7.000000 3.464102 7.500000 4.330127 6
13.000000 5.196152 14.000000 5.196152 6
30.500000 14.722432 31.500000 14.722432 7
8.000000 12.124356 9.000000 12.124356 8
40.500000 18.186533 40.000000 19.052559 8
34.500000 12.990381 34.000000 13.856406 8
36.500000 14.722432 36.000000 15.588457 8
8.500000 12.990381 8.000000 13.856406 8
39.500000 18.186533 40.000000 19.052559 8
7.500000 11.258330 8.500000 11.258330 8
36.500000 9.526279 5.500000 9.526279 8
9.500000 12.990381 9.000000 13.856406 8
37.000000 12.124356 38.000000 12.124356 8
6.500000 11.258330 7.000000 12.124356 8
38.500000 16.454483 38.000000 17.320508 8
7.000000 12.124356 8.000000 12.124356 8
40.000000 19.052559 39.500000 19.918584 8
36.500000 16.454483 37.000000 17.320508 8
35.000000 12.124356 36.000000 12.124356 8
10.500000 12.990381 10.000000 13.856406 8
7.500000 12.990381 8.000000 13.856406 8
8.000000 12.124356 7.500000 12.990381 8
36.000000 12.124356 37.000000 12.124356 8
36.500000 9.526279 37.000000 10.392305 8
37.000000 10.392305 36.500000 11.258330 8
6.000000 10.392305 7.000000 10.392305 8
35.500000 14.722432 35.000000 15.588457 8
36.000000 10.392305 36.500000 11.258330 8
36.000000 13.856406 36.500000 14.722432 8
34.500000 12.990381 35.000000 13.856406 8
36.500000 14.722432 37.500000 14.722432 8
33.500000 14.722432 34.500000 14.722432 8
38.000000 17.320508 37.500000 18.186533 8
7.000000 10.392305 7.500000 11.258330 8
39.500000 18.186533 39.000000 19.052559 8
8.000000 10.392305 8.500000 11.258330 8
6.500000 9.526279 7.000000 10.392305 8
38.000000 12.124356 37.500000 12.990381 8
35.000000 13.856406 35.500000 14.722432 8
39.000000 17.320508 39.500000 18.186533 8
38.500000 12.990381 39.000000 13.856406 8
40.000000 17.320508 40.500000 18.186533 8
36.500000 16.454483 37.500000 16.454483 8
38.500000 18.186533 39.000000 19.052559 8
34.000000 13.856406 35.000000 13.856406 8
34.500000 14.722432 35.000000 15.588457 8
8.000000 13.856406 8.500000 14.722432 8
38.000000 17.320508 38.500000 18.186533 8
39.000000 13.856406 8.000000 13.856406 8
36.500000 11.258330 36.000000 12.124356 8
9.000000 13.856406 8.500000 14.722432 8
35.000000 13.856406 36.000000 13.856406 8
37.000000 17.320508 38.000000 17.320508 8
37.000000 15.588457 36.500000 16.454483 8
38.000000 12.124356 7.000000 12.124356 8
34.500000 12.990381 35.500000 12.990381 8
36.000000 10.392305 37.000000 10.392305 8
37.500000 16.454483 37.000000 17.320508 8
36.500000 9.526279 36.000000 10.392305 8
36.500000 12.990381 36.000000 13.856406 8
34.000000 15.588457 35.000000 15.588457 8
35.500000 12.990381 36.500000 12.990381 8
36.000000 15.588457 36.500000 16.454483 8
5.000000 8.660254 36.500000 9.526279 8
35.500000 11.258330 36.000000 12.124356 8
8.000000 13.856406 9.000000 13.856406 8
38.000000 13.856406 37.500000 14.722432 8
34.000000 13.856406 34.500000 14.722432 8
37.500000 16.454483 38.500000 16.454483 8
35.500000 16.454483 36.000000 17.320508 8
8.500000 12.990381 9.500000 12.990381 8
34.000000 15.588457 34.500000 16.454483 8
9.000000 12.124356 9.500000 12.990381 8
9.500000 12.990381 10.500000 12.990381 8
35.000000 15.588457 36.000000 15.588457 8
35.000000 12.124356 35.500000 12.990381 8
37.500000 14.722432 37.000000 15.588457 8
37.500000 18.186533 38.500000 18.186533 8
6.000000 10.392305 6.500000 11.258330 8
7.000000 12.124356 38.500000 12.990381 8
36.000000 15.588457 35.500000 16.454483 8
39.000000 19.052559 39.500000 19.918584 8
35.000000 15.588457 35.500000 16.454483 8
40.000000 17.320508 39.500000 18.186533 8
38.000000 17.320508 39.000000 17.320508 8
6.500000 11.258330 38.000000 12.124356 8
8.000000 10.392305 7.500000 11.258330 8
37.000000 13.856406 37.500000 14.722432 8
6.500000 9.526279 6.000000 10.392305 8
8.500000 11.258330 8.000000 12.124356 8
38.500000 16.454483 39.000000 17.320508 8
38.000000 13.856406 39.000000 13.856406 8
35.500000 9.526279 36.500000 9.526279 8
34.000000 13.856406 33.500000 14.722432 8
7.500000 11.258330 7.000000 12.124356 8
8.000000 12.124356 8.500000 12.990381 8
40.500000 18.186533 41.000000 19.052559 8
39.500000 18.186533 40.500000 18.186533 8
5.500000 9.526279 37.000000 10.392305 8
36.000000 8.660254 5.000000 8.660254 8
38.000000 15.588457 38.500000 16.454483 8
34.000000 12.124356 34.500000 12.990381 8
37.500000 16.454483 38.000000 17.320508 8
36.000000 8.660254 35.500000 9.526279 8
35.500000 11.258330 35.000000 12.124356 8
9.500000 12.990381 10.000000 13.856406 8
35.500000 9.526279 36.000000 10.392305 8
7.000000 10.392305 8.000000 10.392305 8
34.500000 16.454483 35.500000 16.454483 8
9.000000 13.856406 10.000000 13.856406 8
37.000000 10.392305 6.000000 10.392305 8
39.000000 17.320508 40.000000 17.320508 8
38.500000 12.990381 7.500000 12.990381 8
36.500000 16.454483 36.000000 17.320508 8
37.000000 13.856406 38.000000 13.856406 8
35.000000 15.588457 34.500000 16.454483 8
35.000000 17.320508 34.500000 18.186533 8
36.500000 11.258330 37.500000 11.258330 8
37.000000 17.320508 37.500000 18.186533 8
37.000000 12.124356 36.500000 12.990381 8
34.500000 18.186533 35.500000 18.186533 8
36.000000 17.320508 37.000000 17.320508 8
35.500000 16.454483 35.000000 17.320508 8
38.500000 14.722432 38.000000 15.588457 8
5.500000 9.526279 6.500000 9.526279 8
38.500000 18.186533 39.500000 18.186533 8
37.500000 11.258330 6.500000 11.258330 8
34.500000 16.454483 35.000000 17.320508 8
37.500000 14.722432 38.000000 15.588457 8
36.000000 8.660254 36.500000 9.526279 8
7.500000 11.258330 8.000000 12.124356 8
37.000000 12.124356 37.500000 12.990381 8
37.500000 12.990381 37.000000 13.856406 8
8.500000 11.258330 9.000000 12.124356 8
7.500000 12.990381 8.500000 12.990381 8
35.000000 17.320508 35.500000 18.186533 8
34.500000 14.722432 35.500000 14.722432 8
35.500000 12.990381 36.000000 13.856406 8
36.500000 14.722432 37.000000 15.588457 8
36.500000 12.990381 37.500000 12.990381 8
5.500000 9.526279 6.000000 10.392305 8
37.000000 15.588457 37.500000 16.454483 8
35.500000 16.454483 36.500000 16.454483 8
36.000000 17.320508 35.500000 18.186533 8
34.000000 12.124356 35.000000 12.124356 8
34.500000 14.722432 34.000000 15.588457 8
7.500000 12.990381 39.000000 13.856406 8
36.000000 10.392305 35.500000 11.258330 8
37.500000 12.990381 38.000000 13.856406 8
8.500000 12.990381 9.000000 13.856406 8
38.000000 13.856406 38.500000 14.722432 8
6.500000 11.258330 7.500000 11.258330 8
40.000000 19.052559 41.000000 19.052559 8
18.000000 19.052559 18.500000 19.918584 9
38.000000 20.784610 37.500000 21.650635 10
31.000000 25.980762 31.500000 26.846788 11
32.000000 25.980762 31.500000 26.846788 11
31.000000 25.980762 32.000000 25.980762 11
30.500000 26.846788 31.500000 26.846788 11
31.000000 25.980762 30.500000 26.846788 11
20.500000 25.114737 20.000000 25.980762 12
21.500000 23.382686 22.000000 24.248711 13
21.000000 24.248711 22.000000 24.248711 13
21.500000 23.382686 21.000000 24.248711 13
45.500000 25.114737 14.500000 25.114737 14
33.000000 3.464102 2.000000 3.464102 14
26.500000 2.598076 27.500000 2.598076 14
2.500000 0.866025 2.000000 1.732051 14
27.000000 1.732051 28.000000 1.732051 14
30.500000 4.330127 30.000000 5.196152 14
15.500000 25.114737 15.000000 25.980762 14
31.000000 1.732051 30.500000 2.598076 14
31.000000 5.196152 32.000000 5.196152 14
31.000000 0.000000 30.500000 0.866025 14
30.000000 1.732051 30.500000 2.598076 14
26.500000 0.866025 27.000000 1.732051 14
28.000000 1.732051 27.500000 2.598076 14
28.000000 0.000000 27.500000 0.866025 14
32.500000 2.598076 1.500000 2.598076 14
0.000000 0.000000 31.500000 0.866025 14
28.500000 4.330127 29.000000 5.196152 14
43.500000 26.846788 28.000000 0.000000 14
32.500000 4.330127 33.500000 4.330127 14
29.000000 3.464102 30.000000 3.464102 14
28.000000 0.000000 29.000000 0.000000 14
28.000000 5.196152 29.000000 5.196152 14
1.000000 1.732051 1.500000 2.598076 14
25.000000 3.464102 26.000000 3.464102 14
2.000000 1.732051 1.500000 2.598076 14
25.500000 4.330127 26.500000 4.330127 14
29.000000 3.464102 28.500000 4.330127 14
30.000000 1.732051 29.500000 2.598076 14
32.000000 3.464102 33.000000 3.464102 14
30.000000 3.464102 30.500000 4.330127 14
44.500000 25.114737 45.000000 25.980762 14
30.500000 0.866025 31.500000 0.866025 14
46.500000 26.846788 30.000000 0.000000 14
28.500000 0.866025 28.000000 1.732051 14
26.000000 3.464102 26.500000 4.330127 14
29.500000 4.330127 29.000000 5.196152 14
31.000000 0.000000 0.000000 0.000000 14
32.500000 2.598076 32.000000 3.464102 14
28.000000 3.464102 29.000000 3.464102 14
29.500000 2.598076 30.000000 3.464102 14
31.000000 3.464102 30.500000 4.330127 14
0.000000 0.000000 0.500000 0.866025 14
29.500000 4.330127 30.500000 4.330127 14
30.000000 0.000000 30.500000 0.866025 14
27.000000 3.464102 26.500000 4.330127 14
32.000000 5.196152 31.500000 6.062178 14
14.500000 25.114737 15.000000 25.980762 14
27.000000 3.464102 28.000000 3.464102 14
45.000000 25.980762 45.500000 26.846788 14
1.000000 1.732051 2.000000 1.732051 14
32.000000 1.732051 32.500000 2.598076 14
27.000000 0.000000 26.500000 0.866025 14
44.000000 25.980762 43.500000 26.846788 14
26.000000 3.464102 27.000000 3.464102 14
29.000000 3.464102 29.500000 4.330127 14
31.000000 5.196152 31.500000 6.062178 14
28.000000 1.732051 28.500000 2.598076 14
33.000000 3.464102 32.500000 4.330127 14
27.500000 2.598076 27.000000 3.464102 14
26.500000 2.598076 27.000000 3.464102 14
32.000000 3.464102 32.500000 4.330127 14
29.500000 0.866025 30.500000 0.866025 14
28.000000 3.464102 28.500000 4.330127 14
27.500000 0.866025 27.000000 1.732051 14
14.500000 25.114737 15.500000 25.114737 14
27.000000 3.464102 27.500000 4.330127 14
31.500000 2.598076 31.000000 3.464102 14
1.500000 2.598076 2.000000 3.464102 14
1.500000 0.866025 2.000000 1.732051 14
32.500000 4.330127 32.000000 5.196152 14
44.500000 25.114737 45.500000 25.114737 14
26.000000 3.464102 25.500000 4.330127 14
31.500000 2.598076 32.000000 3.464102 14
28.500000 0.866025 29.500000 0.866025 14
29.500000 4.330127 30.000000 5.196152 14
31.000000 1.732051 31.500000 2.598076 14
28.500000 4.330127 28.000000 5.196152 14
25.500000 2.598076 25.000000 3.464102 14
46.000000 25.980762 46.500000 26.846788 14
31.000000 1.732051 32.000000 1.732051 14
30.500000 0.866025 30.000000 1.732051 14
25.500000 2.598076 26.000000 3.464102 14
45.500000 26.846788 46.500000 26.846788 14
25.000000 3.464102 25.500000 4.330127 14
31.500000 0.866025 31.000000 1.732051 14
30.500000 2.598076 30.000000 3.464102 14
26.000000 1.732051 26.500000 2.598076 14
30.000000 1.732051 31.000000 1.732051 14
28.000000 5.196152 28.500000 6.062178 14
45.000000 25.980762 46.000000 25.980762 14
27.000000 5.196152 27.500000 6.062178 14
1.000000 1.732051 32.500000 2.598076 14
0.500000 0.866025 1.000000 1.732051 14
32.000000 1.732051 31.500000 2.598076 14
28.500000 2.598076 29.500000 2.598076 14
30.000000 5.196152 29.500000 6.062178 14
27.500000 2.598076 28.000000 3.464102 14
27.000000 1.732051 26.500000 2.598076 14
45.500000 25.114737 45.000000 25.980762 14
45.500000 26.846788 30.000000 0.000000 14
31.500000 0.866025 32.000000 1.732051 14
2.500000 2.598076 2.000000 3.464102 14
30.500000 4.330127 31.000000 5.196152 14
44.500000 26.846788 29.000000 0.000000 14
33.000000 3.464102 33.500000 4.330127 14
26.000000 1.732051 27.000000 1.732051 14
30.000000 3.464102 29.500000 4.330127 14
44.500000 25.114737 44.000000 25.980762 14
31.000000 3.464102 31.500000 4.330127 14
29.000000 5.196152 29.500000 6.062178 14
29.000000 5.196152 28.500000 6.062178 14
28.000000 3.464102 27.500000 4.330127 14
31.000000 0.000000 31.500000 0.866025 14
29.000000 1.732051 28.500000 2.598076 14
46.000000 25.980762 15.000000 25.980762 14
27.500000 2.598076 28.500000 2.598076 14
27.500000 0.866025 28.000000 1.732051 14
31.500000 2.598076 32.500000 2.598076 14
28.500000 4.330127 29.500000 4.330127 14
45.500000 26.846788 29.000000 0.000000 14
27.000000 0.000000 27.500000 0.866025 14
29.500000 0.866025 29.000000 1.732051 14
27.000000 1.732051 27.500000 2.598076 14
30.000000 5.196152 31.000000 5.196152 14
27.500000 6.062178 28.500000 6.062178 14
1.500000 0.866025 2.500000 0.866025 14
31.500000 0.866025 0.500000 0.866025 14
25.500000 2.598076 26.500000 2.598076 14
45.000000 25.980762 44.500000 26.846788 14
30.000000 3.464102 31.000000 3.464102 14
28.000000 5.196152 27.500000 6.062178 14
26.500000 0.866025 26.000000 1.732051 14
29.500000 2.598076 29.000000 3.464102 14
1.500000 0.866025 1.000000 1.732051 14
28.500000 2.598076 29.000000 3.464102 14
43.500000 26.846788 27.000000 0.000000 14
31.500000 4.330127 31.000000 5.196152 14
30.000000 0.000000 29.500000 0.866025 14
44.000000 25.980762 45.000000 25.980762 14
30.500000 2.598076 31.500000 2.598076 14
31.500000 4.330127 32.000000 5.196152 14
15.000000 25.980762 46.500000 26.846788 14
14.500000 25.114737 46.000000 25.980762 14
28.500000 2.598076 28.000000 3.464102 14
46.000000 25.980762 45.500000 26.846788 14
30.500000 4.330127 31.500000 4.330127 14
29.000000 1.732051 29.500000 2.598076 14
30.000000 0.000000 31.000000 0.000000 14
26.500000 4.330127 27.000000 5.196152 14
27.500000 4.330127 28.500000 4.330127 14
29.500000 2.598076 30.500000 2.598076 14
27.000000 0.000000 28.000000 0.000000 14
1.500000 2.598076 2.500000 2.598076 14
17.500000 0.866025 17.000000 1.732051 15
25.500000 26.846788 26.500000 26.846788 16
14.500000 21.650635 14.000000 22.516660 17
13.500000 21.650635 14.000000 22.516660 17
13.500000 21.650635 14.500000 21.650635 17
27.500000 16.454483 27.000000 17.320508 18
27.500000 18.186533 28.000000 19.052559 18
29.500000 11.258330 29.000000 12.124356 18
26.500000 14.722432 26.000000 15.588457 18
29.000000 10.392305 30.000000 10.392305 18
27.500000 12.990381 27.000000 13.856406 18
26.000000 13.856406 26.500000 14.722432 18
26.000000 13.856406 25.500000 14.722432 18
25.000000 17.320508 25.500000 18.186533 18
26.000000 15.588457 26.500000 16.454483 18
28.500000 12.990381 29.000000 13.856406 18
27.000000 13.856406 27.500000 14.722432 18
26.500000 16.454483 27.000000 17.320508 18
30.000000 10.392305 29.500000 11.258330 18
29.000000 12.124356 28.500000 12.990381 18
26.000000 17.320508 25.500000 18.186533 18
28.000000 17.320508 27.500000 18.186533 18
28.500000 11.258330 29.500000 11.258330 18
27.000000 13.856406 26.500000 14.722432 18
26.000000 20.784610 27.000000 20.784610 18
25.000000 19.052559 26.000000 19.052559 18
27.000000 17.320508 27.500000 18.186533 18
24.500000 16.454483 25.500000 16.454483 18
27.500000 11.258330 28.000000 12.124356 18
24.000000 19.052559 24.500000 19.918584 18
25.000000 20.784610 25.500000 21.650635 18
25.000000 20.784610 24.500000 21.650635 18
27.000000 20.784610 26.500000 21.650635 18
25.500000 18.186533 26.500000 18.186533 18
25.000000 10.392305 26.000000 10.392305 18
27.000000 15.588457 27.500000 16.454483 18
29.500000 9.526279 29.000000 10.392305 18
27.000000 10.392305 28.000000 10.392305 18
25.500000 12.990381 26.500000 12.990381 18
24.500000 16.454483 25.000000 17.320508 18
26.500000 14.722432 27.000000 15.588457 18
25.000000 17.320508 24.500000 18.186533 18
27.500000 18.186533 27.000000 19.052559 18
25.000000 10.392305 24.500000 11.258330 18
25.500000 14.722432 25.000000 15.588457 18
27.000000 19.052559 26.500000 19.918584 18
26.000000 15.588457 27.000000 15.588457 18
25.500000 11.258330 25.000000 12.124356 18
25.500000 19.918584 26.000000 20.784610 18
27.000000 12.124356 28.000000 12.124356 18
24.500000 19.918584 25.500000 19.918584 18
25.000000 12.124356 26.000000 12.124356 18
25.500000 18.186533 25.000000 19.052559 18
27.500000 11.258330 28.500000 11.258330 18
27.000000 19.052559 28.000000 19.052559 18
24.500000 19.918584 24.000000 20.784610 18
24.000000 19.052559 25.000000 19.052559 18
27.000000 12.124356 27.500000 12.990381 18
27.000000 10.392305 27.500000 11.258330 18
28.000000 12.124356 29.000000 12.124356 18
24.000000 10.392305 24.500000 11.258330 18
26.000000 19.052559 25.500000 19.918584 18
27.000000 20.784610 28.000000 20.784610 18
26.500000 19.918584 27.500000 19.918584 18
26.500000 14.722432 27.500000 14.722432 18
27.500000 16.454483 28.000000 17.320508 18
27.500000 14.722432 28.000000 15.588457 18
26.000000 12.124356 26.500000 12.990381 18
27.500000 12.990381 28.000000 13.856406 18
26.500000 18.186533 27.000000 19.052559 18
24.000000 20.784610 24.500000 21.650635 18
26.500000 11.258330 27.500000 11.258330 18
29.500000 9.526279 30.000000 10.392305 18
26.500000 12.990381 26.000000 13.856406 18
25.000000 19.052559 25.500000 19.918584 18
27.500000 14.722432 27.000000 15.588457 18
25.500000 11.258330 26.000000 12.124356 18
26.500000 19.918584 27.000000 20.784610 18
27.000000 13.856406 28.000000 13.856406 18
26.000000 20.784610 26.500000 21.650635 18
28.500000 11.258330 28.000000 12.124356 18
24.000000 10.392305 25.000000 10.392305 18
28.000000 12.124356 27.500000 12.990381 18
26.500000 18.186533 27.500000 18.186533 18
27.500000 19.918584 28.000000 20.784610 18
25.500000 12.990381 26.000000 13.856406 18
26.000000 13.856406 27.000000 13.856406 18
26.500000 12.990381 27.000000 13.856406 18
24.000000 20.784610 25.000000 20.784610 18
24.500000 18.186533 24.000000 19.052559 18
25.500000 11.258330 26.500000 11.258330 18
28.000000 19.052559 27.500000 19.918584 18
25.000000 19.052559 24.500000 19.918584 18
24.500000 11.258330 25.500000 11.258330 18
28.000000 15.588457 27.500000 16.454483 18
26.000000 10.392305 25.500000 11.258330 18
26.500000 18.186533 26.000000 19.052559 18
29.000000 10.392305 29.500000 11.258330 18
27.000000 10.392305 26.500000 11.258330 18
28.000000 10.392305 27.500000 11.258330 18
28.000000 13.856406 27.500000 14.722432 18
27.000000 15.588457 28.000000 15.588457 18
27.500000 11.258330 27.000000 12.124356 18
25.500000 19.918584 26.500000 19.918584 18
28.500000 11.258330 29.000000 12.124356 18
25.000000 15.588457 26.000000 15.588457 18
26.000000 19.052559 27.000000 19.052559 18
25.000000 17.320508 26.000000 17.320508 18
28.000000 13.856406 29.000000 13.856406 18
29.000000 10.392305 28.500000 11.258330 18
25.500000 14.722432 26.500000 14.722432 18
24.500000 11.258330 25.000000 12.124356 18
25.000000 20.784610 26.000000 20.784610 18
27.000000 15.588457 26.500000 16.454483 18
28.000000 15.588457 28.500000 16.454483 18
28.500000 16.454483 28.000000 17.320508 18
28.500000 12.990381 28.000000 13.856406 18
25.500000 16.454483 26.500000 16.454483 18
27.500000 16.454483 28.500000 16.454483 18
27.000000 17.320508 26.500000 18.186533 18
25.000000 15.588457 25.500000 16.454483 18
26.000000 20.784610 25.500000 21.650635 18
25.500000 16.454483 26.000000 17.320508 18
25.500000 16.454483 25.000000 17.320508 18
27.000000 17.320508 28.000000 17.320508 18
25.000000 10.392305 25.500000 11.258330 18
26.500000 11.258330 26.000000 12.124356 18
27.000000 19.052559 27.500000 19.918584 18
24.500000 19.918584 25.000000 20.784610 18
26.000000 12.124356 27.000000 12.124356 18
24.500000 18.186533 25.500000 18.186533 18
27.500000 12.990381 28.500000 12.990381 18
26.500000 11.258330 27.000000 12.124356 18
25.500000 19.918584 25.000000 20.784610 18
26.000000 19.052559 26.500000 19.918584 18
20.000000 20.784610 20.500000 21.650635 19
19.500000 11.258330 20.500000 11.258330 20
20.500000 12.990381 20.000000 13.856406 20
20.500000 11.258330 21.000000 12.124356 20
21.000000 12.124356 20.500000 12.990381 20
21.500000 12.990381 21.000000 13.856406 20
19.500000 11.258330 20.000000 12.124356 20
20.000000 13.856406 21.000000 13.856406 20
20.500000 11.258330 20.000000 12.124356 20
20.000000 12.124356 20.500000 12.990381 20
20.500000 12.990381 21.500000 12.990381 20
20.500000 12.990381 21.000000 13.856406 20
20.000000 12.124356 21.000000 12.124356 20
21.000000 12.124356 21.500000 12.990381 20
20.500000 14.722432 20.000000 15.588457 21
15.500000 9.526279 16.500000 9.526279 22
27.000000 8.660254 28.000000 8.660254 23
27.500000 7.794229 28.000000 8.660254 23
27.500000 7.794229 28.500000 7.794229 23
28.500000 7.794229 28.000000 8.660254 23
27.500000 7.794229 27.000000 8.660254 23
6.000000 6.928203 7.000000 6.928203 24
19.000000 13.856406 18.500000 14.722432 25
24.000000 0.000000 25.000000 0.000000 26
40.500000 26.846788 24.000000 0.000000 26
25.000000 0.000000 24.500000 0.866025 26
41.500000 26.846788 25.000000 0.000000 26
40.500000 26.846788 25.000000 0.000000 26
40.500000 26.846788 41.500000 26.846788 26
24.000000 0.000000 24.500000 0.866025 26
15.000000 8.660254 14.500000 9.526279 27
19.500000 26.846788 3.000000 0.000000 28
18.500000 26.846788 3.000000 0.000000 28
18.500000 26.846788 19.500000 26.846788 28
39.500000 25.114737 39.000000 25.980762 29
38.500000 25.114737 39.000000 25.980762 29
40.500000 25.114737 41.000000 25.980762 29
39.500000 25.114737 40.000000 25.980762 29
39.500000 25.114737 40.500000 25.114737 29
40.000000 25.980762 39.500000 26.846788 29
40.500000 25.114737 40.000000 25.980762 29
40.000000 25.980762 41.000000 25.980762 29
39.000000 25.980762 40.000000 25.980762 29
39.000000 25.980762 39.500000 26.846788 29
38.500000 25.114737 39.500000 25.114737 29
28.500000 16.454483 29.500000 16.454483 30
29.000000 15.588457 28.500000 16.454483 30
29.000000 15.588457 29.500000 16.454483 30
32.500000 19.918584 32.000000 20.784610 31
34.000000 8.660254 35.000000 8.660254 32
35.000000 8.660254 34.500000 9.526279 32
34.000000 8.660254 34.500000 9.526279 32
20.000000 10.392305 21.000000 10.392305 33
21.500000 7.794229 22.000000 8.660254 33
21.000000 6.928203 21.500000 7.794229 33
20.500000 7.794229 21.500000 7.794229 33
20.500000 9.526279 21.500000 9.526279 33
21.000000 8.660254 21.500000 9.526279 33
20.500000 7.794229 20.000000 8.660254 33
20.000000 8.660254 21.000000 8.660254 33
19.000000 10.392305 20.000000 10.392305 33
22.000000 6.928203 22.500000 7.794229 33
22.000000 6.928203 21.500000 7.794229 33
21.000000 6.928203 20.500000 7.794229 33
20.500000 9.526279 20.000000 10.392305 33
20.500000 9.526279 21.000000 10.392305 33
21.000000 10.392305 22.000000 10.392305 33
21.000000 6.928203 22.000000 6.928203 33
21.500000 9.526279 21.000000 10.392305 33
20.500000 7.794229 21.000000 8.660254 33
21.500000 9.526279 22.000000 10.392305 33
21.000000 8.660254 20.500000 9.526279 33
22.000000 8.660254 21.500000 9.526279 33
21.000000 8.660254 22.000000 8.660254 33
21.000000 10.392305 21.500000 11.258330 33
21.500000 7.794229 21.000000 8.660254 33
20.000000 8.660254 19.500000 9.526279 33
22.500000 7.794229 22.000000 8.660254 33
19.500000 9.526279 19.000000 10.392305 33
19.500000 9.526279 20.000000 10.392305 33
19.500000 9.526279 20.500000 9.526279 33
22.000000 10.392305 21.500000 11.258330 33
20.000000 8.660254 20.500000 9.526279 33
30.500000 25.114737 31.000000 25.980762 34
27.000000 22.516660 28.000000 22.516660 35
13.000000 13.856406 12.500000 14.722432 36
12.000000 13.856406 13.000000 13.856406 36
12.000000 13.856406 12.500000 14.722432 36
19.000000 5.196152 19.500000 6.062178 37
22.500000 16.454483 23.000000 17.320508 38
22.000000 17.320508 23.000000 17.320508 38
22.500000 16.454483 22.000000 17.320508 38
17.500000 23.382686 18.500000 23.382686 39
18.500000 23.382686 18.000000 24.248711 39
17.500000 23.382686 17.000000 24.248711 39
17.500000 23.382686 18.000000 24.248711 39
17.000000 24.248711 18.000000 24.248711 39
26.000000 6.928203 27.000000 6.928203 40
25.500000 7.794229 26.500000 7.794229 40
27.000000 6.928203 26.500000 7.794229 40
26.000000 6.928203 25.500000 7.794229 40
26.000000 6.928203 26.500000 7.794229 40
25.000000 6.928203 26.000000 6.928203 40
25.000000 6.928203 25.500000 7.794229 40
21.000000 25.980762 20.500000 26.846788 41
14.000000 22.516660 13.500000 23.382686 42
13.500000 23.382686 14.500000 23.382686 42
14.000000 22.516660 14.500000 23.382686 42
10.500000 7.794229 11.000000 8.660254 43
33.000000 25.980762 32.500000 26.846788 44
32.500000 26.846788 17.000000 0.000000 44
33.500000 26.846788 17.000000 0.000000 44
33.000000 25.980762 33.500000 26.846788 44
32.500000 26.846788 33.500000 26.846788 44
18.500000 14.722432 18.000000 15.588457 45
18.000000 15.588457 19.000000 15.588457 45
18.500000 14.722432 19.000000 15.588457 45
30.500000 9.526279 31.500000 9.526279 46
31.500000 9.526279 31.000000 10.392305 46
30.500000 9.526279 31.000000 10.392305 46
15.000000 15.588457 14.500000 16.454483 47
13.500000 14.722432 14.500000 14.722432 47
13.500000 14.722432 14.000000 15.588457 47
14.000000 15.588457 14.500000 16.454483 47
14.000000 13.856406 13.500000 14.722432 47
14.500000 14.722432 15.000000 15.588457 47
14.500000 14.722432 14.000000 15.588457 47
14.000000 13.856406 14.500000 14.722432 47
14.000000 15.588457 15.000000 15.588457 47
26.500000 7.794229 26.000000 8.660254 48
26.500000 7.794229 27.000000 8.660254 48
26.000000 8.660254 27.000000 8.660254 48
22.500000 9.526279 22.000000 10.392305 49
22.000000 10.392305 23.000000 10.392305 49
23.000000 10.392305 22.500000 11.258330 49
22.500000 9.526279 23.000000 10.392305 49
22.000000 10.392305 22.500000 11.258330 49
20.000000 22.516660 20.500000 23.382686 50
19.500000 23.382686 20.500000 23.382686 50
20.500000 23.382686 21.500000 23.382686 50
21.000000 22.516660 22.000000 22.516660 50
20.000000 22.516660 19.500000 23.382686 50
21.000000 22.516660 20.500000 23.382686 50
22.000000 22.516660 21.500000 23.382686 50
20.000000 22.516660 21.000000 22.516660 50
21.000000 22.516660 21.500000 23.382686 50
19.000000 8.660254 19.500000 9.526279 51
17.500000 18.186533 18.000000 19.052559 52
18.000000 17.320508 18.500000 18.186533 52
17.500000 18.186533 18.500000 18.186533 52
18.500000 18.186533 18.000000 19.052559 52
18.000000 17.320508 17.500000 18.186533 52
26.000000 24.248711 27.000000 24.248711 53
25.500000 25.114737 26.500000 25.114737 53
27.500000 23.382686 27.000000 24.248711 53
26.500000 23.382686 27.500000 23.382686 53
26.000000 24.248711 26.500000 25.114737 53
26.500000 23.382686 27.000000 24.248711 53
26.000000 24.248711 25.500000 25.114737 53
27.000000 24.248711 26.500000 25.114737 53
26.500000 23.382686 26.000000 24.248711 53
17.500000 18.186533 17.000000 19.052559 54
16.000000 19.052559 17.000000 19.052559 54
16.500000 18.186533 17.000000 19.052559 54
16.500000 18.186533 16.000000 19.052559 54
16.500000 18.186533 17.500000 18.186533 54
28.000000 22.516660 27.500000 23.382686 55
3.500000 6.062178 4.000000 6.928203 56
35.000000 6.928203 4.000000 6.928203 56
35.000000 6.928203 35.500000 7.794229 56
34.500000 6.062178 3.500000 6.062178 56
4.000000 6.928203 35.500000 7.794229 56
34.500000 6.062178 35.000000 6.928203 56
3.500000 6.062178 35.000000 6.928203 56
10.000000 10.392305 10.500000 11.258330 57
14.000000 22.516660 15.000000 22.516660 58
33.000000 12.124356 32.500000 12.990381 59
32.000000 12.124356 33.000000 12.124356 59
32.000000 12.124356 32.500000 12.990381 59
4.500000 2.598076 5.500000 2.598076 60
36.000000 25.980762 36.500000 26.846788 61
36.000000 25.980762 37.000000 25.980762 61
37.000000 25.980762 38.000000 25.980762 61
35.000000 25.980762 36.000000 25.980762 61
37.000000 25.980762 37.500000 26.846788 61
34.500000 26.846788 35.500000 26.846788 61
35.000000 25.980762 35.500000 26.846788 61
35.500000 26.846788 36.500000 26.846788 61
38.000000 25.980762 37.500000 26.846788 61
35.500000 26.846788 19.000000 0.000000 61
37.000000 25.980762 36.500000 26.846788 61
35.000000 25.980762 34.500000 26.846788 61
36.500000 26.846788 37.500000 26.846788 61
34.000000 25.980762 34.500000 26.846788 61
34.500000 26.846788 19.000000 0.000000 61
34.000000 25.980762 35.000000 25.980762 61
36.000000 25.980762 35.500000 26.846788 61
33.000000 20.784610 34.000000 20.784610 62
38.000000 24.248711 38.500000 25.114737 63
38.000000 24.248711 37.500000 25.114737 63
37.500000 25.114737 38.500000 25.114737 63
16.000000 19.052559 16.500000 19.918584 64
10.000000 15.588457 10.500000 16.454483 65
9.500000 16.454483 10.500000 16.454483 65
10.000000 15.588457 9.500000 16.454483 65
37.500000 26.846788 21.000000 0.000000 66
17.500000 7.794229 18.500000 7.794229 67
17.500000 7.794229 18.000000 8.660254 67
18.500000 7.794229 18.000000 8.660254 67
39.500000 21.650635 39.000000 22.516660 68
38.000000 22.516660 39.000000 22.516660 68
38.000000 22.516660 37.500000 23.382686 68
37.500000 23.382686 38.500000 23.382686 68
38.500000 21.650635 39.500000 21.650635 68
39.000000 22.516660 38.500000 23.382686 68
38.500000 21.650635 39.000000 22.516660 68
38.000000 22.516660 38.500000 23.382686 68
38.500000 21.650635 38.000000 22.516660 68
17.500000 16.454483 18.500000 16.454483 69
18.000000 15.588457 18.500000 16.454483 69
18.000000 15.588457 17.500000 16.454483 69
28.500000 19.918584 29.000000 20.784610 70
29.000000 19.052559 29.500000 19.918584 70
29.000000 19.052559 28.500000 19.918584 70
28.500000 19.918584 29.500000 19.918584 70
29.500000 19.918584 29.000000 20.784610 70
38.500000 26.846788 22.000000 0.000000 71
11.000000 19.052559 12.000000 19.052559 72
21.500000 14.722432 22.500000 14.722432 73
17.500000 21.650635 17.000000 22.516660 74
17.000000 20.784610 16.500000 21.650635 74
17.000000 22.516660 16.500000 23.382686 74
16.000000 22.516660 17.000000 22.516660 74
17.000000 20.784610 17.500000 21.650635 74
16.500000 21.650635 17.500000 21.650635 74
16.500000 21.650635 17.000000 22.516660 74
16.000000 22.516660 16.500000 23.382686 74
16.500000 21.650635 16.000000 22.516660 74
25.000000 6.928203 24.500000 7.794229 75
6.500000 7.794229 6.000000 8.660254 76
24.000000 6.928203 23.500000 7.794229 77
23.500000 6.062178 24.000000 6.928203 77
23.000000 6.928203 24.000000 6.928203 77
23.000000 6.928203 23.500000 7.794229 77
23.500000 6.062178 23.000000 6.928203 77
37.000000 19.052559 36.500000 19.918584 78
36.500000 18.186533 36.000000 19.052559 78
36.000000 19.052559 36.500000 19.918584 78
36.000000 19.052559 37.000000 19.052559 78
36.500000 18.186533 37.000000 19.052559 78
29.500000 21.650635 29.000000 22.516660 79
30.500000 23.382686 31.500000 23.382686 79
29.500000 21.650635 30.000000 22.516660 79
30.000000 22.516660 30.500000 23.382686 79
30.000000 24.248711 30.500000 25.114737 79
29.000000 22.516660 29.500000 23.382686 79
30.000000 24.248711 31.000000 24.248711 79
30.500000 23.382686 31.000000 24.248711 79
31.000000 24.248711 30.500000 25.114737 79
30.500000 23.382686 30.000000 24.248711 79
30.000000 22.516660 29.500000 23.382686 79
31.500000 23.382686 31.000000 24.248711 79
29.500000 23.382686 30.000000 24.248711 79
29.500000 23.382686 30.500000 23.382686 79
29.000000 22.516660 30.000000 22.516660 79
44.000000 22.516660 44.500000 23.382686 80
29.500000 7.794229 30.500000 7.794229 81
22.500000 4.330127 22.000000 5.196152 82
22.000000 5.196152 23.000000 5.196152 82
23.000000 5.196152 22.500000 6.062178 82
22.000000 5.196152 22.500000 6.062178 82
22.500000 4.330127 23.000000 5.196152 82
18.000000 5.196152 17.500000 6.062178 83
28.500000 9.526279 28.000000 10.392305 84
27.500000 9.526279 28.500000 9.526279 85
24.500000 26.846788 9.000000 0.000000 86
24.500000 26.846788 8.000000 0.000000 86
8.000000 0.000000 9.000000 0.000000 86
16.500000 6.062178 17.000000 6.928203 87
5.500000 7.794229 6.000000 8.660254 88
19.000000 6.928203 20.000000 6.928203 89
30.000000 6.928203 31.000000 6.928203 90
22.500000 6.062178 23.000000 6.928203 91
24.000000 17.320508 23.500000 18.186533 92
32.500000 25.114737 33.500000 25.114737 93
19.500000 16.454483 19.000000 17.320508 94
18.500000 16.454483 19.000000 17.320508 94
18.500000 16.454483 19.500000 16.454483 94
33.500000 7.794229 34.000000 8.660254 95
31.000000 12.124356 30.500000 12.990381 96
30.500000 12.990381 31.500000 12.990381 96
31.000000 12.124356 31.500000 12.990381 96
6.000000 1.732051 5.500000 2.598076 97
22.500000 21.650635 23.500000 21.650635 98
9.000000 8.660254 10.000000 8.660254 99
4.000000 6.928203 4.500000 7.794229 100
24.500000 12.990381 25.000000 13.856406 101
4.500000 2.598076 5.000000 3.464102 102
29.000000 6.928203 29.500000 7.794229 103
28.500000 7.794229 29.500000 7.794229 103
28.000000 6.928203 28.500000 7.794229 103
28.000000 6.928203 29.000000 6.928203 103
29.000000 6.928203 28.500000 7.794229 103
14.000000 20.784610 14.500000 21.650635 104
18.500000 4.330127 19.000000 5.196152 105
19.000000 3.464102 18.500000 4.330127 105
19.500000 4.330127 19.000000 5.196152 105
19.000000 3.464102 19.500000 4.330127 105
18.500000 4.330127 18.000000 5.196152 105
18.000000 5.196152 19.000000 5.196152 105
18.500000 4.330127 19.500000 4.330127 105
33.000000 13.856406 33.500000 14.722432 106
16.500000 11.258330 17.500000 11.258330 107
17.000000 10.392305 16.500000 11.258330 107
17.000000 10.392305 17.500000 11.258330 107
34.000000 5.196152 33.500000 6.062178 108
18.000000 22.516660 17.500000 23.382686 109
14.000000 10.392305 13.500000 11.258330 110
13.000000 10.392305 14.000000 10.392305 110
13.000000 10.392305 13.500000 11.258330 110
20.000000 25.980762 19.500000 26.846788 111
40.000000 20.784610 40.500000 21.650635 112
41.000000 20.784610 41.500000 21.650635 112
40.500000 21.650635 41.500000 21.650635 112
41.000000 20.784610 40.500000 21.650635 112
40.000000 20.784610 41.000000 20.784610 112
41.000000 17.320508 10.000000 17.320508 113
15.000000 0.000000 16.000000 0.000000 114
17.000000 6.928203 17.500000 7.794229 115
17.000000 6.928203 18.000000 6.928203 115
18.000000 6.928203 17.500000 7.794229 115
33.500000 4.330127 2.500000 4.330127 116
33.500000 4.330127 34.000000 5.196152 116
2.500000 4.330127 34.000000 5.196152 116
9.500000 0.866025 9.000000 1.732051 117
30.500000 7.794229 30.000000 8.660254 118
21.500000 2.598076 22.500000 2.598076 119
24.500000 14.722432 25.000000 15.588457 120
2.500000 0.866025 3.500000 0.866025 121
3.000000 0.000000 3.500000 0.866025 121
3.000000 0.000000 2.500000 0.866025 121
9.500000 11.258330 9.000000 12.124356 122
29.500000 18.186533 29.000000 19.052559 123
4.500000 6.062178 5.000000 6.928203 124
34.000000 10.392305 35.000000 10.392305 125
14.000000 8.660254 15.000000 8.660254 126
35.500000 25.114737 36.500000 25.114737 127
36.500000 25.114737 36.000000 25.980762 127
35.500000 25.114737 36.000000 25.980762 127
20.000000 3.464102 19.500000 4.330127 128
20.000000 3.464102 20.500000 4.330127 128
20.500000 4.330127 20.000000 5.196152 128
19.500000 4.330127 20.000000 5.196152 128
19.500000 4.330127 20.500000 4.330127 128
21.000000 3.464102 21.500000 4.330127 129
16.500000 19.918584 17.500000 19.918584 130
18.500000 7.794229 19.000000 8.660254 131
18.500000 7.794229 19.500000 7.794229 131
19.500000 7.794229 19.000000 8.660254 131
12.000000 20.784610 13.000000 20.784610 132
12.500000 11.258330 12.000000 12.124356 133
15.000000 19.052559 16.000000 19.052559 134
16.000000 6.928203 16.500000 7.794229 135
16.000000 6.928203 17.000000 6.928203 135
17.000000 6.928203 16.500000 7.794229 135
22.000000 13.856406 23.000000 13.856406 136
22.000000 13.856406 22.500000 14.722432 136
23.000000 13.856406 22.500000 14.722432 136
22.500000 12.990381 23.000000 13.856406 136
22.500000 12.990381 22.000000 13.856406 136
10.000000 17.320508 10.500000 18.186533 137
29.500000 19.918584 30.000000 20.784610 138
15.000000 6.928203 16.000000 6.928203 139
31.000000 10.392305 32.000000 10.392305 140
40.000000 25.980762 40.500000 26.846788 141
15.000000 10.392305 15.500000 11.258330 142
29.000000 24.248711 29.500000 25.114737 143
27.500000 25.114737 27.000000 25.980762 144
18.000000 19.052559 19.000000 19.052559 145
23.000000 24.248711 23.500000 25.114737 146
29.000000 22.516660 28.500000 23.382686 147
28.000000 22.516660 29.000000 22.516660 147
28.000000 22.516660 28.500000 23.382686 147
38.000000 20.784610 39.000000 20.784610 148
12.500000 14.722432 13.000000 15.588457 149
12.500000 14.722432 13.500000 14.722432 149
13.500000 14.722432 13.000000 15.588457 149
9.000000 0.000000 8.500000 0.866025 150
16.000000 8.660254 15.500000 9.526279 151
5.500000 0.866025 6.500000 0.866025 152
16.000000 17.320508 17.000000 17.320508 153
16.000000 17.320508 16.500000 18.186533 153
17.000000 17.320508 16.500000 18.186533 153
42.500000 23.382686 43.000000 24.248711 154
41.500000 25.114737 42.500000 25.114737 154
42.500000 25.114737 42.000000 25.980762 154
42.000000 24.248711 42.500000 25.114737 154
43.000000 25.980762 42.500000 26.846788 154
43.000000 24.248711 42.500000 25.114737 154
43.000000 24.248711 43.500000 25.114737 154
42.000000 24.248711 43.000000 24.248711 154
42.500000 25.114737 43.000000 25.980762 154
42.000000 25.980762 42.500000 26.846788 154
42.500000 23.382686 42.000000 24.248711 154
41.500000 25.114737 41.000000 25.980762 154
41.500000 25.114737 42.000000 25.980762 154
42.000000 25.980762 43.000000 25.980762 154
41.000000 25.980762 42.000000 25.980762 154
42.500000 25.114737 43.500000 25.114737 154
42.000000 24.248711 41.500000 25.114737 154
19.500000 12.990381 20.000000 13.856406 155
6.500000 6.062178 6.000000 6.928203 156
32.000000 12.124356 31.500000 12.990381 157
18.500000 21.650635 18.000000 22.516660 158
23.500000 16.454483 23.000000 17.320508 159
23.500000 16.454483 24.000000 17.320508 159
23.000000 17.320508 24.000000 17.320508 159
27.500000 21.650635 28.500000 21.650635 160
24.000000 1.732051 25.000000 1.732051 161
23.500000 0.866025 24.500000 0.866025 161
24.500000 0.866025 25.000000 1.732051 161
23.500000 0.866025 24.000000 1.732051 161
24.500000 0.866025 24.000000 1.732051 161
19.000000 17.320508 20.000000 17.320508 162
35.500000 23.382686 36.500000 23.382686 163
36.000000 22.516660 36.500000 23.382686 163
36.000000 22.516660 35.500000 23.382686 163
13.000000 22.516660 13.500000 23.382686 164
44.500000 23.382686 13.500000 23.382686 164
13.000000 22.516660 44.500000 23.382686 164
9.000000 15.588457 40.500000 16.454483 165
25.000000 5.196152 26.000000 5.196152 166
26.000000 5.196152 25.500000 6.062178 166
25.000000 5.196152 25.500000 6.062178 166
24.000000 3.464102 25.000000 3.464102 167
33.500000 18.186533 34.500000 18.186533 168
23.500000 0.866025 23.000000 1.732051 169
22.500000 0.866025 23.500000 0.866025 169
22.500000 0.866025 23.000000 1.732051 169
20.500000 21.650635 21.500000 21.650635 170
21.500000 21.650635 21.000000 22.516660 170
20.500000 21.650635 21.000000 22.516660 170
24.000000 15.588457 24.500000 16.454483 171
31.500000 26.846788 16.000000 0.000000 172
33.000000 17.320508 32.500000 18.186533 173
32.500000 18.186533 33.500000 18.186533 173
33.000000 17.320508 33.500000 18.186533 173
6.500000 0.866025 7.500000 0.866025 174
14.000000 8.660254 13.500000 9.526279 175
15.500000 9.526279 16.000000 10.392305 176
15.500000 9.526279 15.000000 10.392305 176
15.000000 10.392305 16.000000 10.392305 176
13.500000 19.918584 14.500000 19.918584 177
14.000000 19.052559 14.500000 19.918584 177
14.000000 19.052559 13.500000 19.918584 177
23.500000 11.258330 24.000000 12.124356 178
23.000000 12.124356 23.500000 12.990381 178
23.500000 11.258330 23.000000 12.124356 178
24.000000 12.124356 23.500000 12.990381 178
23.000000 12.124356 24.000000 12.124356 178
19.000000 13.856406 20.000000 13.856406 179
20.000000 13.856406 19.500000 14.722432 179
19.000000 13.856406 19.500000 14.722432 179
18.000000 8.660254 18.500000 9.526279 180
36.000000 24.248711 37.000000 24.248711 181
37.000000 24.248711 36.500000 25.114737 181
36.500000 25.114737 37.500000 25.114737 181
36.000000 24.248711 36.500000 25.114737 181
37.000000 24.248711 37.500000 25.114737 181
32.000000 19.052559 33.000000 19.052559 182
33.000000 19.052559 33.500000 19.918584 182
32.000000 19.052559 32.500000 19.918584 182
32.500000 19.918584 33.500000 19.918584 182
33.500000 19.918584 34.500000 19.918584 182
33.000000 19.052559 34.000000 19.052559 182
34.000000 19.052559 34.500000 19.918584 182
34.000000 19.052559 33.500000 19.918584 182
33.000000 19.052559 32.500000 19.918584 182
29.000000 8.660254 29.500000 9.526279 183
39.000000 15.588457 38.500000 16.454483 184
15.500000 18.186533 15.000000 19.052559 185
20.500000 6.062178 21.000000 6.928203 186
23.500000 16.454483 24.500000 16.454483 187
24.000000 3.464102 24.500000 4.330127 188
23.500000 4.330127 24.500000 4.330127 188
24.000000 3.464102 23.500000 4.330127 188
41.500000 21.650635 42.000000 22.516660 189
31.000000 15.588457 32.000000 15.588457 190
15.500000 4.330127 16.500000 4.330127 191
16.500000 4.330127 17.000000 5.196152 191
16.500000 4.330127 16.000000 5.196152 191
15.500000 4.330127 16.000000 5.196152 191
16.000000 5.196152 17.000000 5.196152 191
38.500000 23.382686 39.000000 24.248711 192
15.000000 10.392305 14.500000 11.258330 193
24.500000 4.330127 25.000000 5.196152 194
32.500000 21.650635 33.500000 21.650635 195
33.500000 21.650635 33.000000 22.516660 195
32.500000 21.650635 33.000000 22.516660 195
16.000000 17.320508 15.500000 18.186533 196
15.000000 17.320508 16.000000 17.320508 196
15.500000 16.454483 15.000000 17.320508 196
15.000000 17.320508 14.500000 18.186533 196
15.500000 16.454483 16.000000 17.320508 196
14.500000 18.186533 15.500000 18.186533 196
15.000000 17.320508 15.500000 18.186533 196
10.500000 9.526279 11.500000 9.526279 197
29.000000 24.248711 28.500000 25.114737 198
21.500000 26.846788 22.500000 26.846788 199
21.500000 25.114737 21.000000 25.980762 199
21.000000 25.980762 22.000000 25.980762 199
22.000000 25.980762 21.500000 26.846788 199
21.000000 25.980762 21.500000 26.846788 199
22.000000 25.980762 23.000000 25.980762 199
21.500000 25.114737 22.000000 25.980762 199
23.000000 25.980762 22.500000 26.846788 199
22.000000 25.980762 22.500000 26.846788 199
12.000000 19.052559 13.000000 19.052559 200
13.000000 19.052559 13.500000 19.918584 200
12.000000 19.052559 12.500000 19.918584 200
13.000000 19.052559 12.500000 19.918584 200
12.500000 19.918584 13.500000 19.918584 200
23.500000 6.062178 24.500000 6.062178 201
23.000000 5.196152 24.000000 5.196152 201
24.000000 5.196152 23.500000 6.062178 201
23.000000 5.196152 23.500000 6.062178 201
24.000000 5.196152 24.500000 6.062178 201
37.500000 19.918584 37.000000 20.784610 202
22.000000 12.124356 22.500000 12.990381 203
23.500000 25.114737 24.500000 25.114737 204
24.000000 24.248711 23.500000 25.114737 204
24.000000 24.248711 24.500000 25.114737 204
30.500000 16.454483 31.000000 17.320508 205
10.000000 13.856406 11.000000 13.856406 206
17.500000 11.258330 18.000000 12.124356 207
24.500000 2.598076 24.000000 3.464102 208
43.500000 23.382686 43.000000 24.248711 209
18.500000 26.846788 2.000000 0.000000 210
22.000000 19.052559 22.500000 19.918584 211
22.000000 19.052559 23.000000 19.052559 211
23.000000 19.052559 22.500000 19.918584 211
19.000000 17.320508 19.500000 18.186533 212
12.500000 21.650635 13.500000 21.650635 213
17.500000 21.650635 18.500000 21.650635 214
30.500000 19.918584 31.000000 20.784610 215
30.500000 19.918584 31.500000 19.918584 215
31.500000 19.918584 31.000000 20.784610 215
28.000000 20.784610 28.500000 21.650635 216
43.000000 22.516660 44.000000 22.516660 217
11.000000 13.856406 10.500000 14.722432 218
26.500000 9.526279 27.500000 9.526279 219
20.000000 1.732051 19.500000 2.598076 220
19.500000 2.598076 20.500000 2.598076 220
20.000000 1.732051 20.500000 2.598076 220
7.000000 0.000000 8.000000 0.000000 221
35.000000 24.248711 36.000000 24.248711 222
6.500000 2.598076 7.000000 3.464102 223
7.000000 1.732051 6.500000 2.598076 223
6.500000 2.598076 7.500000 2.598076 223
7.500000 2.598076 7.000000 3.464102 223
7.000000 1.732051 7.500000 2.598076 223
24.500000 12.990381 25.500000 12.990381 224
31.000000 24.248711 31.500000 25.114737 225
20.000000 6.928203 19.500000 7.794229 226
40.000000 22.516660 39.500000 23.382686 227
4.500000 0.866025 5.000000 1.732051 228
3.500000 0.866025 4.500000 0.866025 229
34.000000 5.196152 34.500000 6.062178 230
11.500000 14.722432 11.000000 15.588457 231
10.500000 14.722432 11.000000 15.588457 231
10.500000 14.722432 11.500000 14.722432 231
17.000000 25.980762 16.500000 26.846788 232
30.000000 17.320508 31.000000 17.320508 233
5.500000 0.866025 5.000000 1.732051 234
16.500000 23.382686 17.000000 24.248711 235
19.000000 6.928203 18.500000 7.794229 236
32.500000 7.794229 32.000000 8.660254 237
31.500000 7.794229 32.500000 7.794229 237
31.500000 7.794229 32.000000 8.660254 237
23.500000 26.846788 24.500000 26.846788 238
3.000000 5.196152 4.000000 5.196152 239
34.500000 9.526279 35.500000 9.526279 240
34.000000 24.248711 35.000000 24.248711 241
34.500000 23.382686 34.000000 24.248711 241
35.500000 23.382686 35.000000 24.248711 241
34.500000 23.382686 35.000000 24.248711 241
34.500000 23.382686 35.500000 23.382686 241
24.000000 10.392305 23.500000 11.258330 242
29.000000 12.124356 29.500000 12.990381 243
32.500000 7.794229 33.000000 8.660254 244
17.000000 25.980762 18.000000 25.980762 245
17.500000 25.114737 17.000000 25.980762 245
17.500000 25.114737 18.000000 25.980762 245
16.500000 12.990381 17.000000 13.856406 246
44.500000 23.382686 44.000000 24.248711 247
18.500000 23.382686 19.500000 23.382686 248
37.000000 20.784610 37.500000 21.650635 249
18.000000 17.320508 19.000000 17.320508 250
18.500000 6.062178 19.000000 6.928203 251
18.000000 6.928203 19.000000 6.928203 251
18.500000 6.062178 18.000000 6.928203 251
12.500000 18.186533 13.500000 18.186533 252
24.000000 17.320508 24.500000 18.186533 253
17.500000 6.062178 18.000000 6.928203 254
15.500000 7.794229 15.000000 8.660254 255
16.500000 25.114737 16.000000 25.980762 256
13.500000 18.186533 14.500000 18.186533 257
25.500000 7.794229 25.000000 8.660254 258
15.500000 25.114737 16.000000 25.980762 259
4.000000 3.464102 3.500000 4.330127 260
12.000000 8.660254 13.000000 8.660254 261
2.500000 2.598076 3.500000 2.598076 262
32.000000 13.856406 33.000000 13.856406 263
22.000000 20.784610 21.500000 21.650635 264
22.000000 20.784610 22.500000 21.650635 264
21.500000 21.650635 22.500000 21.650635 264
21.000000 20.784610 21.500000 21.650635 264
21.000000 20.784610 22.000000 20.784610 264
33.000000 20.784610 32.500000 21.650635 265
32.000000 20.784610 32.500000 21.650635 265
32.000000 20.784610 33.000000 20.784610 265
16.500000 25.114737 17.500000 25.114737 266
14.500000 14.722432 15.500000 14.722432 267
15.000000 13.856406 14.500000 14.722432 267
15.000000 13.856406 15.500000 14.722432 267
26.000000 0.000000 25.500000 0.866025 268
18.500000 25.114737 19.000000 25.980762 269
33.000000 24.248711 32.500000 25.114737 270
21.000000 0.000000 21.500000 0.866025 271
21.500000 0.866025 22.500000 0.866025 271
22.000000 0.000000 21.500000 0.866025 271
23.000000 0.000000 22.500000 0.866025 271
21.000000 0.000000 22.000000 0.000000 271
22.000000 0.000000 22.500000 0.866025 271
22.000000 0.000000 23.000000 0.000000 271
25.000000 25.980762 25.500000 26.846788 272
18.500000 9.526279 19.500000 9.526279 273
8.000000 13.856406 39.500000 14.722432 274
24.000000 20.784610 23.500000 21.650635 275
25.500000 0.866025 26.000000 1.732051 276
16.500000 14.722432 16.000000 15.588457 277
28.500000 19.918584 28.000000 20.784610 278
31.000000 17.320508 31.500000 18.186533 279
26.500000 25.114737 27.500000 25.114737 280
15.500000 7.794229 16.000000 8.660254 281
16.500000 7.794229 17.000000 8.660254 281
16.000000 8.660254 17.000000 8.660254 281
15.500000 7.794229 16.500000 7.794229 281
16.500000 7.794229 16.000000 8.660254 281
24.500000 9.526279 25.500000 9.526279 282
7.000000 0.000000 6.500000 0.866025 283
22.500000 26.846788 23.500000 26.846788 284
21.500000 16.454483 22.500000 16.454483 285
22.000000 15.588457 21.500000 16.454483 285
23.000000 15.588457 22.500000 16.454483 285
22.000000 15.588457 22.500000 16.454483 285
22.000000 15.588457 23.000000 15.588457 285
23.000000 15.588457 23.500000 16.454483 286
44.000000 24.248711 45.000000 24.248711 287
45.000000 24.248711 44.500000 25.114737 287
44.000000 24.248711 44.500000 25.114737 287
13.500000 12.990381 14.500000 12.990381 288
33.500000 18.186533 34.000000 19.052559 289
21.500000 12.990381 22.000000 13.856406 290
6.000000 8.660254 7.000000 8.660254 291
37.500000 18.186533 38.000000 19.052559 292
37.000000 19.052559 38.000000 19.052559 292
37.500000 18.186533 37.000000 19.052559 292
32.500000 23.382686 33.000000 24.248711 293
32.500000 23.382686 33.500000 23.382686 293
33.500000 23.382686 33.000000 24.248711 293
22.500000 19.918584 23.000000 20.784610 294
22.000000 20.784610 23.000000 20.784610 294
22.500000 19.918584 22.000000 20.784610 294
28.000000 24.248711 29.000000 24.248711 295
16.500000 16.454483 16.000000 17.320508 296
41.500000 18.186533 42.000000 19.052559 297
41.500000 18.186533 41.000000 19.052559 297
41.000000 19.052559 42.000000 19.052559 297
25.500000 23.382686 25.000000 24.248711 298
24.500000 23.382686 25.000000 24.248711 298
24.500000 23.382686 25.500000 23.382686 298
22.000000 6.928203 23.000000 6.928203 299
23.000000 19.052559 23.500000 19.918584 300
9.000000 10.392305 10.000000 10.392305 301
7.000000 1.732051 8.000000 1.732051 302
19.500000 26.846788 4.000000 0.000000 303
4.000000 0.000000 5.000000 0.000000 303
19.500000 26.846788 20.500000 26.846788 303
20.500000 26.846788 4.000000 0.000000 303
20.500000 26.846788 5.000000 0.000000 303
36.500000 19.918584 37.500000 19.918584 304
18.000000 3.464102 17.500000 4.330127 305
17.000000 3.464102 17.500000 4.330127 305
17.000000 3.464102 18.000000 3.464102 305
17.500000 2.598076 18.000000 3.464102 305
17.500000 2.598076 17.000000 3.464102 305
29.000000 12.124356 30.000000 12.124356 306
31.000000 20.784610 31.500000 21.650635 307
31.000000 19.052559 30.500000 19.918584 308
37.500000 23.382686 37.000000 24.248711 309
36.500000 23.382686 37.000000 24.248711 309
36.500000 23.382686 37.500000 23.382686 309
21.000000 17.320508 22.000000 17.320508 310
17.500000 12.990381 17.000000 13.856406 311
17.000000 13.856406 18.000000 13.856406 311
17.500000 12.990381 18.000000 13.856406 311
29.500000 18.186533 30.500000 18.186533 312
11.500000 9.526279 12.000000 10.392305 313
7.500000 7.794229 7.000000 8.660254 314
13.000000 20.784610 13.500000 21.650635 315
8.500000 9.526279 8.000000 10.392305 316
20.000000 0.000000 20.500000 0.866025 317
19.500000 0.866025 20.500000 0.866025 317
20.000000 0.000000 19.500000 0.866025 317
21.000000 10.392305 20.500000 11.258330 318
23.500000 18.186533 23.000000 19.052559 319
13.500000 11.258330 14.000000 12.124356 320
14.500000 11.258330 14.000000 12.124356 320
13.500000 11.258330 14.500000 11.258330 320
42.500000 26.846788 27.000000 0.000000 321
17.000000 8.660254 18.000000 8.660254 322
15.500000 23.382686 16.000000 24.248711 323
16.500000 23.382686 16.000000 24.248711 323
15.500000 23.382686 16.500000 23.382686 323
11.000000 19.052559 11.500000 19.918584 324
32.500000 6.062178 32.000000 6.928203 325
25.000000 8.660254 24.500000 9.526279 326
28.000000 19.052559 29.000000 19.052559 327
16.500000 2.598076 17.000000 3.464102 328
17.500000 9.526279 18.000000 10.392305 329
18.500000 9.526279 18.000000 10.392305 329
17.000000 10.392305 18.000000 10.392305 329
17.500000 9.526279 18.500000 9.526279 329
17.500000 9.526279 17.000000 10.392305 329
33.500000 16.454483 34.500000 16.454483 330
11.000000 15.588457 10.500000 16.454483 331
34.000000 10.392305 34.500000 11.258330 332
23.500000 9.526279 24.000000 10.392305 333
29.500000 19.918584 30.500000 19.918584 334
30.000000 19.052559 31.000000 19.052559 335
9.000000 13.856406 9.500000 14.722432 336
35.000000 19.052559 36.000000 19.052559 337
5.000000 3.464102 6.000000 3.464102 338
17.000000 15.588457 18.000000 15.588457 339
16.000000 15.588457 15.500000 16.454483 340
11.500000 19.918584 43.000000 20.784610 341
42.500000 19.918584 11.500000 19.918584 341
42.500000 19.918584 43.000000 20.784610 341
15.000000 3.464102 16.000000 3.464102 342
35.000000 24.248711 35.500000 25.114737 343
27.000000 8.660254 27.500000 9.526279 344
15.500000 26.846788 16.500000 26.846788 345
33.000000 10.392305 33.500000 11.258330 346
33.000000 10.392305 34.000000 10.392305 346
33.500000 9.526279 34.000000 10.392305 346
33.500000 9.526279 33.000000 10.392305 346
34.000000 10.392305 33.500000 11.258330 346
38.500000 19.918584 39.500000 19.918584 347
29.500000 7.794229 29.000000 8.660254 348
26.500000 25.114737 26.000000 25.980762 349
21.500000 4.330127 21.000000 5.196152 350
21.000000 5.196152 22.000000 5.196152 350
21.500000 4.330127 22.000000 5.196152 350
41.000000 17.320508 41.500000 18.186533 351
39.000000 24.248711 40.000000 24.248711 352
14.500000 16.454483 15.500000 16.454483 353
14.500000 9.526279 15.500000 9.526279 354
11.500000 14.722432 12.500000 14.722432 355
22.500000 25.114737 23.500000 25.114737 356
17.000000 19.052559 17.500000 19.918584 357
41.000000 20.784610 42.000000 20.784610 358
41.500000 19.918584 41.000000 20.784610 358
41.500000 19.918584 42.000000 20.784610 358
43.500000 21.650635 12.500000 21.650635 359
11.500000 12.990381 12.500000 12.990381 360
32.000000 13.856406 32.500000 14.722432 361
20.000000 24.248711 20.500000 25.114737 362
20.000000 24.248711 21.000000 24.248711 362
21.000000 24.248711 20.500000 25.114737 362
5.000000 0.000000 6.000000 0.000000 363
20.500000 18.186533 21.000000 19.052559 364
21.000000 19.052559 21.500000 19.918584 364
20.500000 19.918584 21.500000 19.918584 364
21.000000 19.052559 20.500000 19.918584 364
20.000000 19.052559 20.500000 19.918584 364
19.500000 18.186533 20.500000 18.186533 364
21.500000 18.186533 21.000000 19.052559 364
19.500000 18.186533 20.000000 19.052559 364
20.500000 18.186533 21.500000 18.186533 364
20.000000 19.052559 21.000000 19.052559 364
20.500000 18.186533 20.000000 19.052559 364
23.000000 10.392305 24.000000 10.392305 365
43.000000 22.516660 42.500000 23.382686 366
11.500000 12.990381 11.000000 13.856406 367
15.000000 24.248711 15.500000 25.114737 368
25.000000 1.732051 24.500000 2.598076 369
25.000000 1.732051 25.500000 2.598076 369
24.500000 2.598076 25.500000 2.598076 369
20.000000 5.196152 21.000000 5.196152 370
31.000000 13.856406 31.500000 14.722432 371
19.000000 19.052559 20.000000 19.052559 372
37.500000 26.846788 38.500000 26.846788 373
13.500000 7.794229 14.000000 8.660254 374
13.500000 7.794229 14.500000 7.794229 374
14.500000 7.794229 14.000000 8.660254 374
24.500000 7.794229 25.000000 8.660254 375
15.000000 20.784610 16.000000 20.784610 376
33.000000 15.588457 33.500000 16.454483 377
33.000000 15.588457 32.500000 16.454483 377
32.500000 16.454483 33.500000 16.454483 377
38.500000 23.382686 39.500000 23.382686 378
18.500000 6.062178 19.500000 6.062178 379
34.000000 20.784610 34.500000 21.650635 380
15.000000 15.588457 16.000000 15.588457 381
19.500000 19.918584 20.500000 19.918584 382
17.500000 16.454483 18.000000 17.320508 383
16.000000 19.052559 15.500000 19.918584 384
23.000000 8.660254 22.500000 9.526279 385
15.500000 4.330127 15.000000 5.196152 386
2.500000 4.330127 3.500000 4.330127 387
33.000000 12.124356 33.500000 12.990381 388
29.500000 14.722432 29.000000 15.588457 389
29.500000 14.722432 30.000000 15.588457 389
29.000000 15.588457 30.000000 15.588457 389
14.500000 23.382686 14.000000 24.248711 390
33.000000 8.660254 33.500000 9.526279 391
33.000000 8.660254 32.500000 9.526279 391
32.500000 9.526279 33.500000 9.526279 391
3.000000 1.732051 2.500000 2.598076 392
24.500000 6.062178 25.000000 6.928203 393
34.500000 18.186533 35.000000 19.052559 394
16.000000 5.196152 15.500000 6.062178 395
15.500000 6.062178 16.500000 6.062178 395
16.000000 5.196152 16.500000 6.062178 395
28.000000 8.660254 28.500000 9.526279 396
9.000000 15.588457 9.500000 16.454483 397
18.500000 23.382686 19.000000 24.248711 398
35.500000 21.650635 35.000000 22.516660 399
41.000000 24.248711 42.000000 24.248711 400
22.000000 24.248711 23.000000 24.248711 401
11.000000 12.124356 10.500000 12.990381 402
41.000000 24.248711 40.500000 25.114737 403
14.000000 12.124356 13.500000 12.990381 404
25.500000 9.526279 26.000000 10.392305 405
27.500000 6.062178 28.000000 6.928203 406
33.500000 11.258330 33.000000 12.124356 407
32.500000 11.258330 33.500000 11.258330 407
32.500000 11.258330 33.000000 12.124356 407
23.000000 3.464102 24.000000 3.464102 408
23.000000 3.464102 22.500000 4.330127 409
40.500000 21.650635 41.000000 22.516660 410
13.500000 18.186533 14.000000 19.052559 411
35.000000 22.516660 35.500000 23.382686 412
33.000000 5.196152 34.000000 5.196152 413
13.000000 12.124356 13.500000 12.990381 414
23.000000 8.660254 24.000000 8.660254 415
23.500000 7.794229 24.000000 8.660254 415
23.500000 7.794229 23.000000 8.660254 415
43.000000 20.784610 42.500000 21.650635 416
18.500000 0.866025 19.500000 0.866025 417
28.000000 17.320508 29.000000 17.320508 418
34.500000 21.650635 35.000000 22.516660 419
16.500000 11.258330 16.000000 12.124356 420
15.500000 11.258330 16.000000 12.124356 420
15.500000 11.258330 16.500000 11.258330 420
34.000000 24.248711 34.500000 25.114737 421
34.000000 24.248711 33.500000 25.114737 421
33.500000 25.114737 34.500000 25.114737 421
3.500000 4.330127 4.500000 4.330127 422
35.000000 10.392305 36.000000 10.392305 423
12.500000 9.526279 12.000000 10.392305 424
26.000000 22.516660 27.000000 22.516660 425
39.500000 16.454483 40.000000 17.320508 426
23.000000 17.320508 22.500000 18.186533 427
4.000000 0.000000 4.500000 0.866025 428
31.000000 6.928203 31.500000 7.794229 429
18.500000 11.258330 19.000000 12.124356 430
22.500000 12.990381 23.500000 12.990381 431
12.000000 15.588457 12.500000 16.454483 432
13.000000 15.588457 12.500000 16.454483 432
12.000000 15.588457 13.000000 15.588457 432
39.500000 19.918584 39.000000 20.784610 433
40.000000 20.784610 39.500000 21.650635 433
39.000000 20.784610 40.000000 20.784610 433
39.000000 20.784610 39.500000 21.650635 433
39.500000 19.918584 40.000000 20.784610 433
33.000000 15.588457 34.000000 15.588457 434
23.000000 8.660254 23.500000 9.526279 435
8.000000 8.660254 7.500000 9.526279 436
19.000000 25.980762 18.500000 26.846788 437
9.000000 8.660254 8.500000 9.526279 438
20.500000 2.598076 21.000000 3.464102 439
31.000000 10.392305 30.500000 11.258330 440
20.000000 6.928203 20.500000 7.794229 441
28.500000 14.722432 29.000000 15.588457 442
31.500000 16.454483 32.500000 16.454483 443
23.000000 22.516660 23.500000 23.382686 444
12.000000 20.784610 43.500000 21.650635 445
20.500000 16.454483 21.500000 16.454483 446
20.500000 16.454483 21.000000 17.320508 446
21.500000 16.454483 21.000000 17.320508 446
33.500000 12.990381 33.000000 13.856406 447
15.000000 20.784610 14.500000 21.650635 448
14.500000 21.650635 15.500000 21.650635 448
15.000000 20.784610 15.500000 21.650635 448
1.000000 0.000000 2.000000 0.000000 449
5.000000 1.732051 5.500000 2.598076 450
15.500000 14.722432 16.000000 15.588457 451
42.000000 19.052559 11.000000 19.052559 452
20.500000 0.866025 21.000000 1.732051 453
20.500000 0.866025 21.500000 0.866025 453
21.500000 0.866025 21.000000 1.732051 453
13.500000 23.382686 45.000000 24.248711 454
25.500000 21.650635 26.000000 22.516660 455
36.000000 20.784610 37.000000 20.784610 456
35.000000 6.928203 34.500000 7.794229 457
34.000000 6.928203 34.500000 7.794229 457
34.000000 6.928203 35.000000 6.928203 457
30.000000 22.516660 31.000000 22.516660 458
20.500000 19.918584 20.000000 20.784610 459
14.500000 12.990381 15.500000 12.990381 460
15.500000 12.990381 15.000000 13.856406 460
15.000000 12.124356 14.500000 12.990381 460
15.000000 12.124356 15.500000 12.990381 460
14.500000 12.990381 15.000000 13.856406 460
25.000000 13.856406 25.500000 14.722432 461
11.500000 16.454483 11.000000 17.320508 462
11.000000 17.320508 12.000000 17.320508 462
11.500000 16.454483 12.000000 17.320508 462
44.000000 24.248711 43.500000 25.114737 463
10.000000 8.660254 10.500000 9.526279 464
10.000000 8.660254 9.500000 9.526279 464
9.500000 9.526279 10.500000 9.526279 464
24.000000 22.516660 25.000000 22.516660 465
35.000000 20.784610 35.500000 21.650635 466
11.500000 11.258330 11.000000 12.124356 467
35.500000 21.650635 36.500000 21.650635 468
20.500000 14.722432 21.000000 15.588457 469
37.500000 25.114737 38.000000 25.980762 470
32.500000 7.794229 33.500000 7.794229 471
16.500000 14.722432 17.000000 15.588457 472
17.500000 14.722432 17.000000 15.588457 472
16.500000 14.722432 17.500000 14.722432 472
29.500000 16.454483 29.000000 17.320508 473
25.000000 25.980762 26.000000 25.980762 474
13.000000 13.856406 14.000000 13.856406 475
23.500000 23.382686 23.000000 24.248711 476
16.000000 13.856406 17.000000 13.856406 477
17.000000 13.856406 16.500000 14.722432 477
16.000000 13.856406 16.500000 14.722432 477
39.500000 14.722432 39.000000 15.588457 478
23.500000 19.918584 24.000000 20.784610 479
16.000000 13.856406 15.500000 14.722432 480
41.000000 19.052559 40.500000 19.918584 481
40.500000 19.918584 41.500000 19.918584 481
41.000000 19.052559 41.500000 19.918584 481
4.500000 2.598076 4.000000 3.464102 482
43.000000 20.784610 43.500000 21.650635 483
29.500000 25.114737 30.500000 25.114737 484
13.500000 12.990381 13.000000 13.856406 485
32.500000 14.722432 33.500000 14.722432 486
31.500000 25.114737 32.500000 25.114737 487
31.500000 25.114737 32.000000 25.980762 487
32.500000 25.114737 32.000000 25.980762 487
22.500000 14.722432 23.500000 14.722432 488
38.000000 19.052559 37.500000 19.918584 489
17.000000 12.124356 16.500000 12.990381 490
33.500000 9.526279 34.500000 9.526279 491
18.500000 19.918584 19.500000 19.918584 492
34.500000 11.258330 34.000000 12.124356 493
20.500000 6.062178 21.500000 6.062178 494
18.500000 2.598076 19.000000 3.464102 495
25.000000 24.248711 25.500000 25.114737 496
27.500000 9.526279 27.000000 10.392305 497
31.500000 14.722432 32.500000 14.722432 498
20.500000 2.598076 21.500000 2.598076 499
21.000000 1.732051 20.500000 2.598076 499
21.000000 1.732051 21.500000 2.598076 499
31.000000 24.248711 32.000000 24.248711 500
24.000000 5.196152 25.000000 5.196152 501
19.500000 0.866025 20.000000 1.732051 502
39.500000 21.650635 40.000000 22.516660 503
32.000000 15.588457 32.500000 16.454483 504
36.000000 20.784610 36.500000 21.650635 505
17.000000 8.660254 16.500000 9.526279 506
10.500000 9.526279 10.000000 10.392305 507
19.000000 12.124356 18.500000 12.990381 508
17.000000 25.980762 17.500000 26.846788 509
19.500000 25.114737 20.000000 25.980762 510
10.500000 11.258330 10.000000 12.124356 511
10.500000 11.258330 11.000000 12.124356 511
10.000000 12.124356 11.000000 12.124356 511
39.000000 15.588457 39.500000 16.454483 512
36.500000 21.650635 36.000000 22.516660 513
40.500000 16.454483 40.000000 17.320508 514
17.000000 12.124356 17.500000 12.990381 515
21.500000 26.846788 6.000000 0.000000 516
22.000000 1.732051 22.500000 2.598076 517
13.500000 19.918584 13.000000 20.784610 518
33.000000 17.320508 34.000000 17.320508 519
7.500000 9.526279 7.000000 10.392305 520
18.000000 10.392305 19.000000 10.392305 521
6.000000 5.196152 6.500000 6.062178 522
21.500000 2.598076 22.000000 3.464102 523
9.500000 14.722432 9.000000 15.588457 524
40.500000 19.918584 40.000000 20.784610 525
37.500000 23.382686 38.000000 24.248711 526
40.500000 23.382686 40.000000 24.248711 527
23.500000 25.114737 23.000000 25.980762 528
0.000000 0.000000 1.000000 0.000000 529
14.500000 19.918584 15.000000 20.784610 530
13.500000 9.526279 14.500000 9.526279 531
6.000000 5.196152 5.500000 6.062178 532
37.500000 19.918584 38.000000 20.784610 533
37.500000 19.918584 38.500000 19.918584 533
38.500000 19.918584 38.000000 20.784610 533
16.000000 25.980762 16.500000 26.846788 534
12.000000 12.124356 12.500000 12.990381 535
21.500000 6.062178 22.000000 6.928203 536
19.000000 1.732051 19.500000 2.598076 537
18.500000 2.598076 19.500000 2.598076 537
19.000000 1.732051 18.500000 2.598076 537
24.000000 13.856406 23.500000 14.722432 538
29.000000 17.320508 28.500000 18.186533 539
10.000000 10.392305 11.000000 10.392305 540
3.500000 2.598076 4.000000 3.464102 541
21.000000 15.588457 21.500000 16.454483 542
22.500000 2.598076 23.500000 2.598076 543
37.000000 22.516660 36.500000 23.382686 544
30.500000 18.186533 31.500000 18.186533 545
14.500000 7.794229 15.500000 7.794229 546
26.000000 8.660254 25.500000 9.526279 547
42.000000 20.784610 43.000000 20.784610 548
34.000000 20.784610 33.500000 21.650635 549
25.500000 6.062178 25.000000 6.928203 550
16.000000 15.588457 16.500000 16.454483 551
19.500000 16.454483 20.500000 16.454483 552
25.500000 4.330127 26.000000 5.196152 553
42.000000 22.516660 43.000000 22.516660 554
30.000000 10.392305 31.000000 10.392305 555
42.500000 26.846788 26.000000 0.000000 556
24.500000 21.650635 24.000000 22.516660 557
4.000000 1.732051 4.500000 2.598076 558
30.000000 13.856406 31.000000 13.856406 559
17.500000 14.722432 18.500000 14.722432 560
3.500000 2.598076 3.000000 3.464102 561
29.000000 20.784610 29.500000 21.650635 562
24.000000 13.856406 25.000000 13.856406 563
19.500000 21.650635 20.000000 22.516660 564
17.500000 0.866025 18.500000 0.866025 565
21.500000 11.258330 22.000000 12.124356 566
33.500000 25.114737 33.000000 25.980762 567
13.000000 8.660254 13.500000 9.526279 568
4.000000 5.196152 5.000000 5.196152 569
18.500000 19.918584 18.000000 20.784610 570
34.000000 17.320508 34.500000 18.186533 571
19.000000 20.784610 20.000000 20.784610 572
31.500000 16.454483 32.000000 17.320508 573
16.000000 24.248711 16.500000 25.114737 574
36.500000 21.650635 37.500000 21.650635 575
37.500000 21.650635 37.000000 22.516660 575
36.500000 21.650635 37.000000 22.516660 575
19.000000 24.248711 20.000000 24.248711 576
17.000000 22.516660 17.500000 23.382686 577
29.500000 11.258330 30.500000 11.258330 578
10.500000 16.454483 10.000000 17.320508 579
18.000000 22.516660 19.000000 22.516660 580
29.500000 21.650635 30.500000 21.650635 581
19.000000 12.124356 20.000000 12.124356 582
27.000000 5.196152 26.500000 6.062178 583
33.000000 22.516660 34.000000 22.516660 584
34.500000 25.114737 34.000000 25.980762 585
32.000000 22.516660 33.000000 22.516660 586
18.000000 24.248711 18.500000 25.114737 587
10.500000 18.186533 11.500000 18.186533 588
33.000000 12.124356 34.000000 12.124356 589
13.500000 18.186533 13.000000 19.052559 590
32.000000 19.052559 31.500000 19.918584 591
42.000000 22.516660 41.500000 23.382686 592
33.000000 8.660254 34.000000 8.660254 593
31.000000 8.660254 30.500000 9.526279 594
29.500000 14.722432 30.500000 14.722432 595
15.500000 26.846788 31.000000 0.000000 596
34.000000 25.980762 33.500000 26.846788 597
30.500000 18.186533 30.000000 19.052559 598
14.000000 19.052559 15.000000 19.052559 599
22.000000 24.248711 21.500000 25.114737 600
23.500000 21.650635 24.000000 22.516660 601
34.500000 25.114737 35.500000 25.114737 602
18.500000 0.866025 18.000000 1.732051 603
7.500000 0.866025 8.000000 1.732051 604
17.000000 15.588457 16.500000 16.454483 605
30.500000 16.454483 31.500000 16.454483 606
35.000000 19.052559 34.500000 19.918584 607
30.500000 21.650635 31.000000 22.516660 608
33.000000 22.516660 33.500000 23.382686 609
27.000000 22.516660 26.500000 23.382686 610
32.500000 14.722432 33.000000 15.588457 611
16.000000 3.464102 16.500000 4.330127 612
14.000000 17.320508 13.500000 18.186533 613
30.500000 12.990381 30.000000 13.856406 614
12.000000 10.392305 12.500000 11.258330 615
10.500000 18.186533 42.000000 19.052559 616
32.000000 10.392305 32.500000 11.258330 617
32.000000 6.928203 33.000000 6.928203 618
4.000000 6.928203 5.000000 6.928203 619
27.500000 25.114737 28.500000 25.114737 620
43.500000 21.650635 44.000000 22.516660 621
37.000000 22.516660 38.000000 22.516660 622
22.500000 23.382686 23.500000 23.382686 623
17.000000 20.784610 18.000000 20.784610 624
38.000000 25.980762 39.000000 25.980762 625
32.000000 5.196152 33.000000 5.196152 626
32.000000 5.196152 32.500000 6.062178 626
33.000000 5.196152 32.500000 6.062178 626
43.000000 22.516660 43.500000 23.382686 627
30.500000 25.114737 30.000000 25.980762 628
6.000000 0.000000 5.500000 0.866025 629
23.500000 4.330127 24.000000 5.196152 630
31.000000 19.052559 32.000000 19.052559 631
40.500000 21.650635 40.000000 22.516660 632
12.000000 17.320508 13.000000 17.320508 633
22.000000 19.052559 21.500000 19.918584 634
37.500000 21.650635 38.500000 21.650635 635
6.000000 1.732051 6.500000 2.598076 636
18.500000 12.990381 18.000000 13.856406 637
20.500000 6.062178 20.000000 6.928203 638
26.000000 25.980762 27.000000 25.980762 639
21.500000 19.918584 22.000000 20.784610 640
25.500000 6.062178 26.500000 6.062178 641
17.500000 2.598076 18.500000 2.598076 642
27.000000 6.928203 28.000000 6.928203 643
36.500000 19.918584 36.000000 20.784610 644
25.000000 8.660254 26.000000 8.660254 645
28.500000 21.650635 29.000000 22.516660 646
30.500000 11.258330 30.000000 12.124356 647
22.500000 23.382686 22.000000 24.248711 648
11.000000 17.320508 10.500000 18.186533 649
12.000000 17.320508 12.500000 18.186533 650
8.500000 0.866025 9.000000 1.732051 651
12.500000 12.990381 13.000000 13.856406 652
7.000000 8.660254 6.500000 9.526279 653
24.500000 14.722432 24.000000 15.588457 654
30.500000 14.722432 31.000000 15.588457 655
18.500000 0.866025 19.000000 1.732051 656
22.500000 21.650635 23.000000 22.516660 657
18.000000 20.784610 19.000000 20.784610 658
32.500000 6.062178 33.500000 6.062178 659
3.000000 5.196152 3.500000 6.062178 660
19.000000 19.052559 19.500000 19.918584 661
34.500000 19.918584 35.500000 19.918584 662
17.000000 1.732051 17.500000 2.598076 663
28.000000 8.660254 29.000000 8.660254 664
30.000000 17.320508 29.500000 18.186533 665
23.000000 0.000000 24.000000 0.000000 666
39.500000 26.846788 24.000000 0.000000 666
39.500000 26.846788 23.000000 0.000000 666
7.000000 8.660254 7.500000 9.526279 667
11.000000 12.124356 11.500000 12.990381 668
24.000000 8.660254 24.500000 9.526279 669
30.500000 21.650635 31.500000 21.650635 670
21.500000 18.186533 22.500000 18.186533 671
31.500000 6.062178 32.000000 6.928203 672
17.500000 19.918584 18.500000 19.918584 673
22.500000 11.258330 22.000000 12.124356 674
34.500000 19.918584 34.000000 20.784610 675
32.500000 9.526279 32.000000 10.392305 676
4.500000 7.794229 36.000000 8.660254 677
41.500000 21.650635 42.500000 21.650635 678
23.500000 25.114737 24.000000 25.980762 679
12.000000 12.124356 13.000000 12.124356 680
31.000000 6.928203 30.500000 7.794229 681
17.500000 11.258330 17.000000 12.124356 682
29.500000 25.114737 29.000000 25.980762 683
9.500000 16.454483 41.000000 17.320508 684
30.000000 20.784610 29.500000 21.650635 685
5.500000 6.062178 6.000000 6.928203 686
34.000000 22.516660 34.500000 23.382686 687
23.000000 20.784610 24.000000 20.784610 688
17.000000 0.000000 17.500000 0.866025 689
24.500000 9.526279 25.000000 10.392305 690
19.000000 20.784610 18.500000 21.650635 691
20.000000 15.588457 20.500000 16.454483 692
24.500000 25.114737 25.000000 25.980762 693
14.500000 16.454483 14.000000 17.320508 694
20.000000 20.784610 19.500000 21.650635 695
11.500000 16.454483 12.500000 16.454483 696
18.500000 21.650635 19.500000 21.650635 697
32.500000 26.846788 16.000000 0.000000 698
32.000000 22.516660 31.500000 23.382686 699
35.000000 8.660254 36.000000 8.660254 700
35.500000 7.794229 35.000000 8.660254 700
35.500000 7.794229 36.000000 8.660254 700
22.000000 8.660254 23.000000 8.660254 701
14.500000 19.918584 14.000000 20.784610 702
17.500000 26.846788 1.000000 0.000000 703
13.000000 17.320508 14.000000 17.320508 704
23.500000 14.722432 24.000000 15.588457 705
12.500000 16.454483 13.500000 16.454483 706
17.000000 1.732051 18.000000 1.732051 707
27.000000 25.980762 27.500000 26.846788 708
32.000000 6.928203 32.500000 7.794229 709
22.500000 4.330127 23.500000 4.330127 710
30.000000 12.124356 31.000000 12.124356 711
10.000000 8.660254 11.000000 8.660254 712
25.000000 0.000000 26.000000 0.000000 713
24.500000 4.330127 25.500000 4.330127 714
20.500000 4.330127 21.500000 4.330127 715
9.000000 10.392305 8.500000 11.258330 716
6.000000 8.660254 5.500000 9.526279 717
11.000000 8.660254 12.000000 8.660254 718
33.500000 12.990381 34.000000 13.856406 719
30.000000 15.588457 30.500000 16.454483 720
25.500000 9.526279 26.500000 9.526279 721
19.000000 24.248711 18.500000 25.114737 722
23.500000 9.526279 24.500000 9.526279 723
23.500000 14.722432 23.000000 15.588457 724
20.000000 5.196152 19.500000 6.062178 725
3.500000 0.866025 4.000000 1.732051 726
31.500000 21.650635 32.000000 22.516660 727
18.000000 25.980762 19.000000 25.980762 728
25.000000 13.856406 24.500000 14.722432 729
9.000000 12.124356 10.000000 12.124356 730
21.000000 12.124356 22.000000 12.124356 731
34.500000 26.846788 18.000000 0.000000 732
23.500000 7.794229 24.500000 7.794229 733
21.500000 6.062178 22.500000 6.062178 734
18.000000 12.124356 19.000000 12.124356 735
14.500000 11.258330 15.000000 12.124356 736
39.500000 23.382686 40.500000 23.382686 737
24.500000 25.114737 25.500000 25.114737 738
17.000000 0.000000 16.500000 0.866025 739
17.000000 3.464102 16.500000 4.330127 740
40.000000 17.320508 41.000000 17.320508 741
10.500000 14.722432 10.000000 15.588457 742
5.500000 2.598076 6.000000 3.464102 743
31.500000 12.990381 32.000000 13.856406 744
19.000000 0.000000 18.500000 0.866025 745
27.500000 14.722432 28.500000 14.722432 746
40.000000 15.588457 40.500000 16.454483 747
24.000000 25.980762 25.000000 25.980762 748
35.500000 19.918584 36.500000 19.918584 749
23.500000 23.382686 24.500000 23.382686 750
8.000000 1.732051 8.500000 2.598076 751
17.500000 26.846788 18.500000 26.846788 752
13.500000 9.526279 14.000000 10.392305 753
29.000000 17.320508 30.000000 17.320508 754
11.500000 11.258330 12.000000 12.124356 755
19.000000 15.588457 19.500000 16.454483 756
33.500000 23.382686 34.000000 24.248711 757
29.000000 6.928203 30.000000 6.928203 758
32.000000 25.980762 32.500000 26.846788 759
34.500000 19.918584 35.000000 20.784610 760
11.500000 9.526279 11.000000 10.392305 761
23.000000 13.856406 24.000000 13.856406 762
24.000000 1.732051 23.500000 2.598076 763
43.500000 23.382686 44.500000 23.382686 764
41.500000 19.918584 42.500000 19.918584 765
25.500000 21.650635 25.000000 22.516660 766
14.000000 24.248711 14.500000 25.114737 767
5.000000 6.928203 6.000000 6.928203 768
22.500000 0.866025 22.000000 1.732051 769
29.500000 6.062178 29.000000 6.928203 770
33.000000 6.928203 34.000000 6.928203 771
15.500000 21.650635 15.000000 22.516660 772
19.000000 22.516660 18.500000 23.382686 773
34.500000 7.794229 35.000000 8.660254 774
6.000000 0.000000 7.000000 0.000000 775
33.500000 26.846788 18.000000 0.000000 776
22.000000 3.464102 23.000000 3.464102 777
18.000000 24.248711 17.500000 25.114737 778
40.500000 23.382686 41.000000 24.248711 779
28.500000 18.186533 29.000000 19.052559 780
35.500000 18.186533 36.000000 19.052559 781
29.000000 20.784610 28.500000 21.650635 782
19.500000 6.062178 20.500000 6.062178 783
20.000000 17.320508 21.000000 17.320508 784
24.000000 22.516660 23.500000 23.382686 785
20.000000 20.784610 21.000000 20.784610 786
8.500000 9.526279 9.500000 9.526279 787
