32 32 32 32 32
3.000000 5.196152 3.500000 6.062178 1
4.000000 5.196152 3.500000 6.062178 1
35.000000 6.928203 4.000000 6.928203 1
4.500000 6.062178 4.000000 6.928203 1
3.500000 6.062178 4.000000 6.928203 1
3.000000 5.196152 4.000000 5.196152 1
3.500000 6.062178 35.000000 6.928203 1
3.500000 6.062178 4.500000 6.062178 1
4.000000 5.196152 4.500000 6.062178 1
21.000000 17.320508 20.500000 18.186533 2
22.000000 17.320508 22.500000 18.186533 2
20.500000 18.186533 21.500000 18.186533 2
21.000000 17.320508 22.000000 17.320508 2
22.000000 17.320508 21.500000 18.186533 2
21.500000 18.186533 22.500000 18.186533 2
21.000000 17.320508 21.500000 18.186533 2
42.500000 25.114737 42.000000 25.980762 3
41.500000 25.114737 42.000000 25.980762 3
41.500000 25.114737 42.500000 25.114737 3
27.500000 7.794229 28.500000 7.794229 4
28.000000 6.928203 27.500000 7.794229 4
28.000000 6.928203 28.500000 7.794229 4
43.500000 25.114737 44.000000 25.980762 5
15.500000 23.382686 15.000000 24.248711 5
14.500000 21.650635 15.500000 21.650635 5
44.000000 24.248711 43.500000 25.114737 5
15.000000 22.516660 14.500000 23.382686 5
14.500000 21.650635 14.000000 22.516660 5
16.500000 21.650635 17.000000 22.516660 5
17.500000 23.382686 17.000000 24.248711 5
43.500000 25.114737 44.500000 25.114737 5
16.000000 20.784610 15.500000 21.650635 5
13.000000 22.516660 13.500000 23.382686 5
44.500000 23.382686 45.000000 24.248711 5
14.000000 24.248711 45.500000 25.114737 5
14.000000 22.516660 13.500000 23.382686 5
15.500000 23.382686 16.500000 23.382686 5
14.000000 22.516660 15.000000 22.516660 5
43.500000 25.114737 43.000000 25.980762 5
15.500000 21.650635 15.000000 22.516660 5
16.500000 23.382686 17.500000 23.382686 5
14.500000 21.650635 15.000000 22.516660 5
44.000000 25.980762 45.000000 25.980762 5
16.000000 24.248711 17.000000 24.248711 5
14.000000 24.248711 15.000000 24.248711 5
16.500000 21.650635 16.000000 22.516660 5
13.000000 22.516660 14.000000 22.516660 5
44.500000 25.114737 45.000000 25.980762 5
45.000000 24.248711 14.000000 24.248711 5
44.000000 24.248711 45.000000 24.248711 5
16.000000 20.784610 16.500000 21.650635 5
45.000000 24.248711 44.500000 25.114737 5
17.000000 22.516660 17.500000 23.382686 5
15.000000 24.248711 14.500000 25.114737 5
46.000000 25.980762 15.000000 25.980762 5
14.000000 22.516660 14.500000 23.382686 5
15.500000 23.382686 16.000000 24.248711 5
17.500000 23.382686 18.000000 24.248711 5
16.500000 23.382686 17.000000 24.248711 5
17.000000 24.248711 18.000000 24.248711 5
14.500000 23.382686 15.000000 24.248711 5
45.500000 25.114737 46.000000 25.980762 5
44.000000 24.248711 44.500000 25.114737 5
43.000000 25.980762 44.000000 25.980762 5
16.000000 22.516660 16.500000 23.382686 5
14.000000 24.248711 14.500000 25.114737 5
13.000000 22.516660 44.500000 23.382686 5
13.500000 23.382686 45.000000 24.248711 5
14.500000 25.114737 15.000000 25.980762 5
16.000000 22.516660 17.000000 22.516660 5
14.500000 25.114737 46.000000 25.980762 5
45.500000 25.114737 14.500000 25.114737 5
45.000000 24.248711 45.500000 25.114737 5
13.500000 23.382686 14.500000 23.382686 5
44.500000 23.382686 44.000000 24.248711 5
15.000000 24.248711 16.000000 24.248711 5
17.000000 22.516660 16.500000 23.382686 5
44.500000 25.114737 44.000000 25.980762 5
16.000000 22.516660 15.500000 23.382686 5
13.500000 23.382686 14.000000 24.248711 5
15.500000 21.650635 16.500000 21.650635 5
41.500000 21.650635 42.500000 21.650635 6
18.500000 7.794229 19.000000 8.660254 7
18.500000 7.794229 18.000000 8.660254 7
18.000000 8.660254 18.500000 9.526279 7
18.000000 8.660254 19.000000 8.660254 7
19.000000 8.660254 18.500000 9.526279 7
14.000000 15.588457 14.500000 16.454483 8
14.500000 14.722432 14.000000 15.588457 8
15.000000 15.588457 15.500000 16.454483 8
14.500000 16.454483 15.500000 16.454483 8
13.000000 13.856406 14.000000 13.856406 8
15.000000 15.588457 16.000000 15.588457 8
13.500000 12.990381 13.000000 13.856406 8
14.000000 13.856406 15.000000 13.856406 8
15.500000 14.722432 15.000000 15.588457 8
14.000000 13.856406 14.500000 14.722432 8
16.000000 15.588457 15.500000 16.454483 8
15.000000 13.856406 15.500000 14.722432 8
14.500000 14.722432 15.000000 15.588457 8
14.000000 15.588457 15.000000 15.588457 8
13.500000 12.990381 14.500000 12.990381 8
14.500000 12.990381 15.500000 12.990381 8
15.500000 12.990381 15.000000 13.856406 8
15.500000 16.454483 16.500000 16.454483 8
15.000000 13.856406 14.500000 14.722432 8
13.500000 12.990381 14.000000 13.856406 8
14.500000 14.722432 15.500000 14.722432 8
16.000000 15.588457 16.500000 16.454483 8
14.500000 12.990381 15.000000 13.856406 8
14.500000 12.990381 14.000000 13.856406 8
15.500000 14.722432 16.000000 15.588457 8
19.500000 11.258330 20.500000 11.258330 9
18.500000 11.258330 18.000000 12.124356 9
21.000000 12.124356 20.500000 12.990381 9
16.500000 11.258330 17.500000 11.258330 9
21.000000 12.124356 21.500000 12.990381 9
15.500000 12.990381 16.500000 12.990381 9
17.500000 9.526279 18.500000 9.526279 9
18.500000 12.990381 19.000000 13.856406 9
20.500000 9.526279 20.000000 10.392305 9
21.500000 11.258330 22.000000 12.124356 9
19.000000 12.124356 20.000000 12.124356 9
18.500000 9.526279 19.500000 9.526279 9
20.000000 12.124356 21.000000 12.124356 9
20.500000 12.990381 21.500000 12.990381 9
19.000000 10.392305 19.500000 11.258330 9
17.000000 10.392305 18.000000 10.392305 9
18.500000 12.990381 18.000000 13.856406 9
18.000000 12.124356 18.500000 12.990381 9
17.000000 12.124356 16.500000 12.990381 9
17.500000 11.258330 18.000000 12.124356 9
18.500000 11.258330 19.500000 11.258330 9
19.500000 11.258330 19.000000 12.124356 9
18.000000 12.124356 17.500000 12.990381 9
21.000000 12.124356 22.000000 12.124356 9
19.000000 12.124356 19.500000 12.990381 9
19.500000 12.990381 19.000000 13.856406 9
20.000000 10.392305 19.500000 11.258330 9
20.000000 10.392305 20.500000 11.258330 9
17.500000 11.258330 17.000000 12.124356 9
21.000000 10.392305 20.500000 11.258330 9
16.500000 9.526279 17.000000 10.392305 9
21.500000 11.258330 21.000000 12.124356 9
19.000000 10.392305 20.000000 10.392305 9
16.000000 12.124356 17.000000 12.124356 9
17.000000 10.392305 16.500000 11.258330 9
17.000000 10.392305 17.500000 11.258330 9
16.000000 12.124356 16.500000 12.990381 9
20.500000 9.526279 21.000000 10.392305 9
20.000000 10.392305 21.000000 10.392305 9
19.500000 11.258330 20.000000 12.124356 9
17.500000 9.526279 18.000000 10.392305 9
17.000000 12.124356 17.500000 12.990381 9
19.000000 12.124356 18.500000 12.990381 9
16.000000 12.124356 15.500000 12.990381 9
18.000000 10.392305 18.500000 11.258330 9
17.500000 12.990381 18.000000 13.856406 9
20.500000 11.258330 21.500000 11.258330 9
19.500000 9.526279 19.000000 10.392305 9
18.500000 9.526279 18.000000 10.392305 9
18.000000 12.124356 19.000000 12.124356 9
20.000000 12.124356 19.500000 12.990381 9
18.500000 9.526279 19.000000 10.392305 9
19.000000 10.392305 18.500000 11.258330 9
19.500000 9.526279 20.000000 10.392305 9
17.000000 12.124356 18.000000 12.124356 9
18.500000 11.258330 19.000000 12.124356 9
21.000000 10.392305 21.500000 11.258330 9
19.500000 12.990381 20.500000 12.990381 9
19.500000 9.526279 20.500000 9.526279 9
16.500000 12.990381 17.500000 12.990381 9
16.500000 9.526279 17.500000 9.526279 9
18.000000 10.392305 17.500000 11.258330 9
23.500000 6.062178 23.000000 6.928203 10
24.500000 7.794229 25.000000 8.660254 10
22.000000 5.196152 21.500000 6.062178 10
23.000000 6.928203 23.500000 7.794229 10
21.500000 7.794229 22.000000 8.660254 10
22.500000 7.794229 22.000000 8.660254 10
23.000000 6.928203 24.000000 6.928203 10
23.500000 7.794229 24.500000 7.794229 10
25.000000 6.928203 24.500000 7.794229 10
24.000000 6.928203 23.500000 7.794229 10
22.000000 6.928203 23.000000 6.928203 10
21.000000 8.660254 22.000000 8.660254 10
21.500000 6.062178 22.000000 6.928203 10
24.000000 8.660254 25.000000 8.660254 10
21.500000 6.062178 22.500000 6.062178 10
22.500000 7.794229 23.500000 7.794229 10
23.000000 6.928203 22.500000 7.794229 10
22.500000 6.062178 23.000000 6.928203 10
21.500000 7.794229 22.500000 7.794229 10
21.500000 7.794229 21.000000 8.660254 10
24.000000 6.928203 24.500000 7.794229 10
24.500000 7.794229 24.000000 8.660254 10
23.500000 6.062178 24.000000 6.928203 10
22.000000 6.928203 22.500000 7.794229 10
23.000000 5.196152 22.500000 6.062178 10
22.000000 5.196152 22.500000 6.062178 10
22.000000 6.928203 21.500000 7.794229 10
23.000000 5.196152 23.500000 6.062178 10
24.000000 6.928203 25.000000 6.928203 10
22.500000 6.062178 23.500000 6.062178 10
23.500000 7.794229 24.000000 8.660254 10
37.000000 24.248711 37.500000 25.114737 11
19.500000 0.866025 20.500000 0.866025 11
21.000000 0.000000 21.500000 0.866025 11
36.500000 25.114737 37.000000 25.980762 11
36.000000 24.248711 36.500000 25.114737 11
35.000000 25.980762 35.500000 26.846788 11
35.500000 26.846788 19.000000 0.000000 11
35.500000 25.114737 36.000000 25.980762 11
36.500000 25.114737 36.000000 25.980762 11
19.000000 0.000000 20.000000 0.000000 11
34.500000 26.846788 19.000000 0.000000 11
37.500000 25.114737 38.000000 25.980762 11
35.500000 26.846788 20.000000 0.000000 11
36.500000 25.114737 37.500000 25.114737 11
21.000000 0.000000 22.000000 0.000000 11
38.000000 25.980762 37.500000 26.846788 11
36.500000 23.382686 37.000000 24.248711 11
35.500000 25.114737 36.500000 25.114737 11
37.500000 26.846788 22.000000 0.000000 11
36.500000 26.846788 20.000000 0.000000 11
37.000000 25.980762 36.500000 26.846788 11
19.000000 0.000000 19.500000 0.866025 11
36.500000 26.846788 37.500000 26.846788 11
18.000000 0.000000 19.000000 0.000000 11
37.500000 25.114737 37.000000 25.980762 11
36.500000 23.382686 36.000000 24.248711 11
35.500000 25.114737 35.000000 25.980762 11
36.000000 25.980762 36.500000 26.846788 11
35.000000 25.980762 34.500000 26.846788 11
34.500000 26.846788 18.000000 0.000000 11
20.500000 0.866025 21.500000 0.866025 11
20.000000 0.000000 19.500000 0.866025 11
37.500000 26.846788 21.000000 0.000000 11
36.000000 25.980762 35.500000 26.846788 11
37.000000 25.980762 37.500000 26.846788 11
20.000000 0.000000 20.500000 0.866025 11
37.000000 24.248711 36.500000 25.114737 11
20.000000 0.000000 21.000000 0.000000 11
36.000000 24.248711 35.500000 25.114737 11
35.000000 25.980762 36.000000 25.980762 11
36.500000 26.846788 21.000000 0.000000 11
30.500000 19.918584 31.000000 20.784610 12
30.000000 20.784610 31.000000 20.784610 12
30.500000 19.918584 30.000000 20.784610 12
29.000000 3.464102 30.000000 3.464102 13
30.500000 2.598076 30.000000 3.464102 13
28.000000 1.732051 28.500000 2.598076 13
30.500000 4.330127 31.500000 4.330127 13
30.000000 1.732051 31.000000 1.732051 13
29.000000 1.732051 30.000000 1.732051 13
30.000000 3.464102 30.500000 4.330127 13
31.500000 2.598076 32.500000 2.598076 13
31.000000 1.732051 30.500000 2.598076 13
28.500000 4.330127 29.000000 5.196152 13
30.500000 4.330127 30.000000 5.196152 13
29.000000 5.196152 30.000000 5.196152 13
30.500000 2.598076 31.500000 2.598076 13
32.000000 1.732051 32.500000 2.598076 13
29.500000 4.330127 30.000000 5.196152 13
28.000000 3.464102 28.500000 4.330127 13
30.000000 5.196152 29.500000 6.062178 13
31.500000 2.598076 31.000000 3.464102 13
31.500000 2.598076 32.000000 3.464102 13
30.000000 3.464102 31.000000 3.464102 13
29.000000 3.464102 29.500000 4.330127 13
32.500000 2.598076 32.000000 3.464102 13
28.000000 1.732051 27.500000 2.598076 13
30.500000 2.598076 31.000000 3.464102 13
28.000000 3.464102 29.000000 3.464102 13
28.000000 1.732051 29.000000 1.732051 13
28.500000 2.598076 29.000000 3.464102 13
31.000000 3.464102 32.000000 3.464102 13
27.500000 2.598076 28.500000 2.598076 13
27.500000 2.598076 28.000000 3.464102 13
30.000000 1.732051 30.500000 2.598076 13
29.500000 4.330127 30.500000 4.330127 13
32.000000 3.464102 31.500000 4.330127 13
29.500000 4.330127 29.000000 5.196152 13
30.000000 3.464102 29.500000 4.330127 13
28.500000 2.598076 28.000000 3.464102 13
29.000000 5.196152 29.500000 6.062178 13
31.000000 1.732051 31.500000 2.598076 13
31.000000 3.464102 30.500000 4.330127 13
32.000000 1.732051 31.500000 2.598076 13
29.000000 1.732051 28.500000 2.598076 13
35.500000 11.258330 35.000000 12.124356 14
32.500000 9.526279 33.500000 9.526279 15
33.000000 8.660254 33.500000 9.526279 15
33.000000 8.660254 32.500000 9.526279 15
32.500000 9.526279 33.000000 10.392305 15
32.000000 8.660254 32.500000 9.526279 15
33.500000 9.526279 33.000000 10.392305 15
32.000000 8.660254 33.000000 8.660254 15
8.500000 12.990381 9.000000 13.856406 16
13.500000 9.526279 13.000000 10.392305 17
14.000000 8.660254 13.500000 9.526279 17
13.500000 9.526279 14.500000 9.526279 17
13.500000 9.526279 14.000000 10.392305 17
14.000000 8.660254 14.500000 9.526279 17
14.500000 9.526279 14.000000 10.392305 17
13.000000 10.392305 14.000000 10.392305 17
12.500000 9.526279 13.500000 9.526279 17
12.500000 9.526279 13.000000 10.392305 17
16.000000 15.588457 17.000000 15.588457 18
17.500000 14.722432 17.000000 15.588457 18
16.500000 14.722432 17.000000 15.588457 18
16.500000 14.722432 17.500000 14.722432 18
16.500000 14.722432 16.000000 15.588457 18
23.500000 19.918584 24.500000 19.918584 19
24.000000 24.248711 24.500000 25.114737 19
21.000000 20.784610 22.000000 20.784610 19
26.000000 20.784610 25.500000 21.650635 19
22.000000 22.516660 22.500000 23.382686 19
21.000000 19.052559 21.500000 19.918584 19
24.500000 21.650635 25.500000 21.650635 19
23.500000 23.382686 24.500000 23.382686 19
26.000000 20.784610 26.500000 21.650635 19
25.000000 24.248711 26.000000 24.248711 19
23.000000 20.784610 24.000000 20.784610 19
25.000000 22.516660 25.500000 23.382686 19
27.500000 23.382686 27.000000 24.248711 19
26.000000 22.516660 26.500000 23.382686 19
23.500000 25.114737 24.500000 25.114737 19
25.000000 19.052559 26.000000 19.052559 19
28.500000 21.650635 29.500000 21.650635 19
28.500000 21.650635 28.000000 22.516660 19
27.000000 22.516660 28.000000 22.516660 19
29.500000 21.650635 29.000000 22.516660 19
21.500000 19.918584 21.000000 20.784610 19
27.000000 22.516660 26.500000 23.382686 19
24.500000 23.382686 25.000000 24.248711 19
25.500000 23.382686 26.500000 23.382686 19
23.500000 19.918584 23.000000 20.784610 19
23.000000 19.052559 22.500000 19.918584 19
28.000000 22.516660 29.000000 22.516660 19
22.000000 24.248711 22.500000 25.114737 19
23.000000 20.784610 22.500000 21.650635 19
24.500000 19.918584 24.000000 20.784610 19
27.000000 22.516660 27.500000 23.382686 19
24.500000 23.382686 25.500000 23.382686 19
26.000000 19.052559 25.500000 19.918584 19
22.000000 19.052559 21.500000 19.918584 19
24.500000 21.650635 25.000000 22.516660 19
26.500000 21.650635 27.500000 21.650635 19
26.500000 21.650635 27.000000 22.516660 19
22.000000 22.516660 21.500000 23.382686 19
28.500000 23.382686 29.500000 23.382686 19
21.500000 23.382686 22.500000 23.382686 19
29.000000 20.784610 28.500000 21.650635 19
21.500000 23.382686 22.000000 24.248711 19
24.000000 19.052559 23.500000 19.918584 19
22.000000 20.784610 21.500000 21.650635 19
21.500000 19.918584 22.500000 19.918584 19
24.500000 23.382686 24.000000 24.248711 19
26.000000 22.516660 25.500000 23.382686 19
25.500000 23.382686 26.000000 24.248711 19
23.500000 21.650635 24.500000 21.650635 19
25.000000 19.052559 24.500000 19.918584 19
23.000000 22.516660 23.500000 23.382686 19
23.500000 21.650635 23.000000 22.516660 19
25.000000 20.784610 25.500000 21.650635 19
22.500000 21.650635 23.500000 21.650635 19
21.500000 21.650635 22.000000 22.516660 19
25.000000 22.516660 26.000000 22.516660 19
26.500000 23.382686 27.000000 24.248711 19
23.500000 23.382686 23.000000 24.248711 19
26.500000 23.382686 26.000000 24.248711 19
23.000000 22.516660 22.500000 23.382686 19
26.500000 21.650635 26.000000 22.516660 19
27.500000 21.650635 28.500000 21.650635 19
29.000000 22.516660 28.500000 23.382686 19
24.000000 20.784610 24.500000 21.650635 19
25.000000 20.784610 24.500000 21.650635 19
25.000000 19.052559 25.500000 19.918584 19
20.500000 19.918584 21.000000 20.784610 19
26.000000 22.516660 27.000000 22.516660 19
22.500000 23.382686 23.500000 23.382686 19
23.500000 21.650635 24.000000 22.516660 19
22.500000 19.918584 23.500000 19.918584 19
22.000000 19.052559 22.500000 19.918584 19
28.000000 22.516660 28.500000 23.382686 19
27.500000 21.650635 27.000000 22.516660 19
25.500000 21.650635 25.000000 22.516660 19
20.500000 19.918584 21.500000 19.918584 19
22.500000 23.382686 22.000000 24.248711 19
25.500000 21.650635 26.000000 22.516660 19
21.500000 19.918584 22.000000 20.784610 19
25.500000 19.918584 26.000000 20.784610 19
23.000000 24.248711 22.500000 25.114737 19
24.000000 19.052559 25.000000 19.052559 19
21.000000 19.052559 22.000000 19.052559 19
22.000000 22.516660 23.000000 22.516660 19
28.500000 21.650635 29.000000 22.516660 19
29.000000 22.516660 29.500000 23.382686 19
26.500000 23.382686 27.500000 23.382686 19
24.000000 24.248711 25.000000 24.248711 19
24.000000 19.052559 24.500000 19.918584 19
23.000000 19.052559 23.500000 19.918584 19
23.500000 19.918584 24.000000 20.784610 19
28.000000 20.784610 29.000000 20.784610 19
22.500000 19.918584 23.000000 20.784610 19
28.000000 20.784610 28.500000 21.650635 19
21.000000 19.052559 20.500000 19.918584 19
22.000000 20.784610 22.500000 21.650635 19
25.500000 19.918584 25.000000 20.784610 19
24.000000 24.248711 23.500000 25.114737 19
23.000000 22.516660 24.000000 22.516660 19
25.000000 22.516660 24.500000 23.382686 19
22.000000 24.248711 23.000000 24.248711 19
22.500000 25.114737 23.500000 25.114737 19
23.500000 23.382686 24.000000 24.248711 19
29.000000 20.784610 29.500000 21.650635 19
24.500000 21.650635 24.000000 22.516660 19
21.000000 20.784610 21.500000 21.650635 19
28.000000 20.784610 27.500000 21.650635 19
24.000000 22.516660 25.000000 22.516660 19
22.000000 20.784610 23.000000 20.784610 19
30.500000 16.454483 30.000000 17.320508 20
32.500000 18.186533 33.000000 19.052559 20
32.000000 17.320508 32.500000 18.186533 20
30.500000 16.454483 31.500000 16.454483 20
30.000000 17.320508 31.000000 17.320508 20
33.000000 17.320508 32.500000 18.186533 20
29.500000 18.186533 30.500000 18.186533 20
32.000000 17.320508 31.500000 18.186533 20
31.000000 17.320508 31.500000 18.186533 20
31.500000 16.454483 31.000000 17.320508 20
31.500000 18.186533 32.000000 19.052559 20
29.500000 18.186533 30.000000 19.052559 20
31.500000 16.454483 32.500000 16.454483 20
30.500000 16.454483 31.000000 17.320508 20
31.000000 17.320508 30.500000 18.186533 20
30.000000 17.320508 30.500000 18.186533 20
31.500000 18.186533 31.000000 19.052559 20
30.500000 18.186533 30.000000 19.052559 20
32.500000 16.454483 32.000000 17.320508 20
32.500000 18.186533 32.000000 19.052559 20
31.000000 17.320508 32.000000 17.320508 20
30.500000 18.186533 31.000000 19.052559 20
32.500000 16.454483 33.000000 17.320508 20
31.500000 16.454483 32.000000 17.320508 20
31.500000 18.186533 32.500000 18.186533 20
32.000000 19.052559 33.000000 19.052559 20
30.000000 17.320508 29.500000 18.186533 20
16.500000 7.794229 17.000000 8.660254 21
16.000000 8.660254 17.000000 8.660254 21
15.500000 7.794229 16.500000 7.794229 21
16.500000 7.794229 16.000000 8.660254 21
15.500000 7.794229 16.000000 8.660254 21
30.500000 0.866025 30.000000 1.732051 22
36.000000 17.320508 37.000000 17.320508 23
36.500000 16.454483 37.500000 16.454483 23
36.000000 15.588457 35.500000 16.454483 23
36.500000 16.454483 37.000000 17.320508 23
35.500000 16.454483 36.000000 17.320508 23
38.000000 15.588457 37.500000 16.454483 23
38.500000 14.722432 38.000000 15.588457 23
38.000000 13.856406 37.500000 14.722432 23
35.500000 16.454483 36.500000 16.454483 23
37.000000 15.588457 36.500000 16.454483 23
38.000000 13.856406 38.500000 14.722432 23
38.000000 17.320508 37.500000 18.186533 23
36.000000 15.588457 36.500000 16.454483 23
37.500000 16.454483 38.500000 16.454483 23
37.500000 14.722432 38.500000 14.722432 23
36.500000 16.454483 36.000000 17.320508 23
36.000000 15.588457 37.000000 15.588457 23
37.500000 16.454483 38.000000 17.320508 23
37.500000 16.454483 37.000000 17.320508 23
38.000000 15.588457 38.500000 16.454483 23
37.500000 14.722432 37.000000 15.588457 23
37.000000 15.588457 38.000000 15.588457 23
37.000000 17.320508 38.000000 17.320508 23
37.000000 17.320508 37.500000 18.186533 23
37.000000 15.588457 37.500000 16.454483 23
37.500000 14.722432 38.000000 15.588457 23
38.500000 16.454483 38.000000 17.320508 23
34.000000 10.392305 33.500000 11.258330 24
34.000000 10.392305 34.500000 11.258330 24
35.000000 10.392305 34.500000 11.258330 24
34.000000 10.392305 35.000000 10.392305 24
33.500000 11.258330 34.500000 11.258330 24
33.000000 10.392305 34.000000 10.392305 24
33.000000 10.392305 33.500000 11.258330 24
33.500000 19.918584 34.000000 20.784610 25
33.500000 19.918584 34.500000 19.918584 25
34.500000 19.918584 34.000000 20.784610 25
33.000000 20.784610 34.000000 20.784610 25
33.500000 19.918584 33.000000 20.784610 25
29.500000 12.990381 30.500000 12.990381 26
30.000000 12.124356 29.500000 12.990381 26
30.000000 12.124356 30.500000 12.990381 26
22.000000 10.392305 22.500000 11.258330 27
22.000000 10.392305 23.000000 10.392305 27
23.000000 10.392305 22.500000 11.258330 27
41.000000 24.248711 42.000000 24.248711 28
8.500000 11.258330 8.000000 12.124356 29
8.500000 11.258330 9.000000 12.124356 29
8.000000 12.124356 8.500000 12.990381 29
9.000000 12.124356 8.500000 12.990381 29
8.000000 12.124356 9.000000 12.124356 29
35.500000 23.382686 36.000000 24.248711 30
26.500000 19.918584 27.500000 19.918584 31
27.000000 19.052559 28.000000 19.052559 31
28.000000 19.052559 27.500000 19.918584 31
27.000000 19.052559 27.500000 19.918584 31
27.000000 19.052559 26.500000 19.918584 31
10.000000 15.588457 10.500000 16.454483 32
12.500000 21.650635 13.000000 22.516660 33
44.000000 22.516660 13.000000 22.516660 33
12.500000 21.650635 44.000000 22.516660 33
28.500000 26.846788 29.500000 26.846788 34
29.000000 25.980762 29.500000 26.846788 34
29.000000 25.980762 28.500000 26.846788 34
1.000000 1.732051 1.500000 2.598076 35
2.000000 1.732051 2.500000 2.598076 35
3.000000 3.464102 3.500000 4.330127 35
1.500000 2.598076 33.000000 3.464102 35
2.500000 4.330127 3.500000 4.330127 35
2.000000 3.464102 2.500000 4.330127 35
2.000000 3.464102 3.000000 3.464102 35
1.500000 2.598076 2.500000 2.598076 35
32.500000 2.598076 1.500000 2.598076 35
33.000000 3.464102 2.000000 3.464102 35
3.500000 4.330127 3.000000 5.196152 35
3.000000 3.464102 2.500000 4.330127 35
1.500000 0.866025 1.000000 1.732051 35
2.500000 4.330127 3.000000 5.196152 35
2.000000 1.732051 1.500000 2.598076 35
1.000000 1.732051 32.500000 2.598076 35
2.500000 2.598076 2.000000 3.464102 35
1.500000 2.598076 2.000000 3.464102 35
1.500000 0.866025 2.000000 1.732051 35
2.500000 2.598076 3.000000 3.464102 35
32.500000 2.598076 33.000000 3.464102 35
5.000000 5.196152 5.500000 6.062178 36
28.500000 12.990381 29.000000 13.856406 37
14.000000 1.732051 15.000000 1.732051 38
12.500000 0.866025 13.000000 1.732051 38
14.500000 0.866025 15.000000 1.732051 38
14.500000 0.866025 15.500000 0.866025 38
12.000000 0.000000 12.500000 0.866025 38
12.500000 0.866025 13.500000 0.866025 38
13.000000 0.000000 12.500000 0.866025 38
14.500000 0.866025 14.000000 1.732051 38
13.500000 0.866025 14.000000 1.732051 38
15.500000 0.866025 15.000000 1.732051 38
13.500000 0.866025 14.500000 0.866025 38
13.500000 0.866025 13.000000 1.732051 38
13.000000 0.000000 13.500000 0.866025 38
14.000000 0.000000 13.500000 0.866025 38
12.000000 0.000000 13.000000 0.000000 38
13.000000 0.000000 14.000000 0.000000 38
13.000000 1.732051 14.000000 1.732051 38
25.000000 15.588457 24.500000 16.454483 39
26.500000 4.330127 27.000000 5.196152 40
26.000000 5.196152 27.000000 5.196152 40
26.500000 4.330127 26.000000 5.196152 40
27.500000 4.330127 27.000000 5.196152 40
26.500000 4.330127 27.500000 4.330127 40
10.000000 0.000000 10.500000 0.866025 41
18.500000 26.846788 2.000000 0.000000 42
2.000000 0.000000 2.500000 0.866025 42
2.000000 0.000000 3.000000 0.000000 42
17.500000 26.846788 1.000000 0.000000 42
17.500000 26.846788 2.000000 0.000000 42
3.000000 0.000000 2.500000 0.866025 42
18.500000 26.846788 3.000000 0.000000 42
1.000000 0.000000 2.000000 0.000000 42
17.500000 26.846788 18.500000 26.846788 42
26.500000 11.258330 27.500000 11.258330 43
26.500000 11.258330 27.000000 12.124356 43
26.000000 12.124356 27.000000 12.124356 43
27.500000 11.258330 27.000000 12.124356 43
26.500000 11.258330 26.000000 12.124356 43
23.500000 2.598076 23.000000 3.464102 44
24.000000 1.732051 23.500000 2.598076 44
24.000000 3.464102 24.500000 4.330127 44
23.500000 4.330127 24.500000 4.330127 44
23.500000 2.598076 24.500000 2.598076 44
23.000000 1.732051 24.000000 1.732051 44
24.000000 3.464102 25.000000 3.464102 44
23.000000 1.732051 22.500000 2.598076 44
24.500000 2.598076 25.000000 3.464102 44
23.000000 3.464102 24.000000 3.464102 44
22.500000 2.598076 23.000000 3.464102 44
23.000000 3.464102 23.500000 4.330127 44
24.000000 3.464102 23.500000 4.330127 44
22.500000 2.598076 22.000000 3.464102 44
22.000000 3.464102 23.000000 3.464102 44
22.500000 2.598076 23.500000 2.598076 44
23.000000 1.732051 23.500000 2.598076 44
24.500000 2.598076 24.000000 3.464102 44
23.500000 2.598076 24.000000 3.464102 44
18.500000 6.062178 19.000000 6.928203 45
18.500000 6.062178 18.000000 6.928203 45
18.000000 6.928203 18.500000 7.794229 45
19.500000 6.062178 19.000000 6.928203 45
19.000000 6.928203 18.500000 7.794229 45
18.000000 6.928203 19.000000 6.928203 45
18.500000 6.062178 19.500000 6.062178 45
19.500000 6.062178 20.000000 6.928203 45
19.000000 6.928203 20.000000 6.928203 45
43.000000 22.516660 43.500000 23.382686 46
42.000000 22.516660 43.000000 22.516660 46
44.000000 22.516660 43.500000 23.382686 46
43.000000 22.516660 42.500000 23.382686 46
42.000000 22.516660 42.500000 23.382686 46
42.500000 23.382686 43.500000 23.382686 46
43.000000 22.516660 44.000000 22.516660 46
43.500000 23.382686 43.000000 24.248711 46
42.500000 23.382686 43.000000 24.248711 46
28.000000 13.856406 28.500000 14.722432 47
28.000000 13.856406 29.000000 13.856406 47
29.000000 13.856406 28.500000 14.722432 47
23.500000 4.330127 24.000000 5.196152 48
26.000000 1.732051 27.000000 1.732051 49
27.000000 1.732051 26.500000 2.598076 49
26.000000 1.732051 26.500000 2.598076 49
26.500000 2.598076 27.500000 2.598076 49
26.500000 0.866025 26.000000 1.732051 49
26.500000 0.866025 27.000000 1.732051 49
27.000000 1.732051 27.500000 2.598076 49
40.500000 18.186533 40.000000 19.052559 50
27.000000 24.248711 26.500000 25.114737 51
29.500000 0.866025 30.000000 1.732051 52
33.500000 6.062178 34.000000 6.928203 53
32.500000 6.062178 33.000000 6.928203 53
33.500000 6.062178 33.000000 6.928203 53
33.000000 6.928203 34.000000 6.928203 53
32.500000 6.062178 33.500000 6.062178 53
5.000000 6.928203 6.000000 6.928203 54
19.500000 23.382686 20.500000 23.382686 55
10.000000 13.856406 11.000000 13.856406 56
9.500000 14.722432 10.500000 14.722432 56
12.500000 14.722432 12.000000 15.588457 56
11.000000 13.856406 10.500000 14.722432 56
12.000000 13.856406 11.500000 14.722432 56
10.500000 14.722432 11.000000 15.588457 56
11.500000 14.722432 12.000000 15.588457 56
11.000000 13.856406 12.000000 13.856406 56
10.000000 13.856406 9.500000 14.722432 56
9.000000 13.856406 10.000000 13.856406 56
11.500000 14.722432 12.500000 14.722432 56
9.000000 13.856406 9.500000 14.722432 56
12.500000 14.722432 13.000000 15.588457 56
12.000000 13.856406 12.500000 14.722432 56
10.000000 13.856406 10.500000 14.722432 56
12.000000 15.588457 13.000000 15.588457 56
11.000000 13.856406 11.500000 14.722432 56
11.000000 15.588457 12.000000 15.588457 56
10.500000 14.722432 11.500000 14.722432 56
29.000000 12.124356 30.000000 12.124356 57
28.500000 11.258330 29.000000 12.124356 57
28.500000 11.258330 29.500000 11.258330 57
29.500000 11.258330 30.000000 12.124356 57
29.500000 11.258330 29.000000 12.124356 57
25.500000 18.186533 25.000000 19.052559 58
29.500000 21.650635 30.500000 21.650635 59
30.500000 21.650635 31.000000 22.516660 59
30.500000 21.650635 30.000000 22.516660 59
30.000000 22.516660 31.000000 22.516660 59
29.500000 21.650635 30.000000 22.516660 59
16.500000 0.866025 17.000000 1.732051 60
16.000000 1.732051 17.000000 1.732051 60
17.000000 0.000000 17.500000 0.866025 60
15.000000 0.000000 15.500000 0.866025 60
16.000000 0.000000 17.000000 0.000000 60
16.500000 0.866025 16.000000 1.732051 60
17.000000 0.000000 18.000000 0.000000 60
16.000000 0.000000 16.500000 0.866025 60
15.000000 0.000000 16.000000 0.000000 60
15.500000 0.866025 16.500000 0.866025 60
15.500000 0.866025 16.000000 1.732051 60
16.500000 0.866025 17.500000 0.866025 60
16.000000 0.000000 15.500000 0.866025 60
17.500000 0.866025 17.000000 1.732051 60
18.000000 0.000000 17.500000 0.866025 60
14.000000 17.320508 15.000000 17.320508 61
14.500000 16.454483 15.000000 17.320508 61
14.500000 16.454483 14.000000 17.320508 61
39.500000 23.382686 40.500000 23.382686 62
40.500000 23.382686 40.000000 24.248711 62
39.500000 23.382686 40.000000 24.248711 62
6.500000 0.866025 6.000000 1.732051 63
7.000000 0.000000 6.500000 0.866025 63
6.000000 0.000000 6.500000 0.866025 63
6.500000 0.866025 7.000000 1.732051 63
6.000000 0.000000 7.000000 0.000000 63
7.000000 0.000000 7.500000 0.866025 63
23.500000 26.846788 7.000000 0.000000 63
6.500000 0.866025 7.500000 0.866025 63
6.000000 1.732051 7.000000 1.732051 63
7.000000 1.732051 6.500000 2.598076 63
7.000000 0.000000 8.000000 0.000000 63
7.500000 0.866025 7.000000 1.732051 63
6.000000 1.732051 6.500000 2.598076 63
23.500000 26.846788 8.000000 0.000000 63
8.000000 0.000000 7.500000 0.866025 63
28.000000 25.980762 27.500000 26.846788 64
27.000000 25.980762 28.000000 25.980762 64
27.000000 25.980762 27.500000 26.846788 64
40.500000 16.454483 9.500000 16.454483 65
39.500000 16.454483 40.500000 16.454483 65
39.500000 16.454483 40.000000 17.320508 65
40.500000 16.454483 41.000000 17.320508 65
9.500000 16.454483 41.000000 17.320508 65
40.500000 16.454483 40.000000 17.320508 65
40.000000 17.320508 41.000000 17.320508 65
15.500000 9.526279 15.000000 10.392305 66
13.000000 15.588457 13.500000 16.454483 67
33.500000 12.990381 34.500000 12.990381 68
34.000000 12.124356 35.000000 12.124356 68
32.500000 12.990381 33.500000 12.990381 68
33.000000 12.124356 33.500000 12.990381 68
33.000000 12.124356 34.000000 12.124356 68
33.500000 11.258330 34.000000 12.124356 68
34.000000 12.124356 33.500000 12.990381 68
34.000000 12.124356 34.500000 12.990381 68
33.000000 12.124356 32.500000 12.990381 68
33.500000 11.258330 33.000000 12.124356 68
35.000000 12.124356 34.500000 12.990381 68
19.000000 25.980762 18.500000 26.846788 69
40.500000 26.846788 25.000000 0.000000 70
24.000000 0.000000 24.500000 0.866025 70
40.500000 26.846788 24.000000 0.000000 70
39.500000 26.846788 40.500000 26.846788 70
24.000000 0.000000 25.000000 0.000000 70
25.000000 0.000000 24.500000 0.866025 70
39.500000 26.846788 24.000000 0.000000 70
12.500000 12.990381 12.000000 13.856406 71
12.000000 12.124356 11.500000 12.990381 71
11.500000 12.990381 12.500000 12.990381 71
11.500000 12.990381 12.000000 13.856406 71
12.000000 12.124356 12.500000 12.990381 71
26.500000 12.990381 27.500000 12.990381 72
27.000000 12.124356 26.500000 12.990381 72
27.500000 12.990381 28.000000 13.856406 72
26.500000 12.990381 27.000000 13.856406 72
27.000000 12.124356 27.500000 12.990381 72
27.000000 13.856406 28.000000 13.856406 72
27.500000 12.990381 27.000000 13.856406 72
20.500000 4.330127 20.000000 5.196152 73
19.500000 4.330127 20.500000 4.330127 73
19.500000 4.330127 20.000000 5.196152 73
35.000000 13.856406 36.000000 13.856406 74
36.500000 12.990381 36.000000 13.856406 74
35.000000 13.856406 35.500000 14.722432 74
35.500000 12.990381 35.000000 13.856406 74
35.500000 12.990381 36.000000 13.856406 74
36.000000 13.856406 35.500000 14.722432 74
35.500000 12.990381 36.500000 12.990381 74
8.000000 10.392305 7.500000 11.258330 75
7.500000 9.526279 8.000000 10.392305 75
7.000000 10.392305 7.500000 11.258330 75
7.000000 10.392305 8.000000 10.392305 75
7.500000 9.526279 7.000000 10.392305 75
27.000000 3.464102 28.000000 3.464102 76
27.000000 3.464102 27.500000 4.330127 76
28.000000 3.464102 27.500000 4.330127 76
21.500000 25.114737 21.000000 25.980762 77
21.000000 25.980762 21.500000 26.846788 77
21.500000 25.114737 22.000000 25.980762 77
22.000000 25.980762 21.500000 26.846788 77
21.000000 25.980762 22.000000 25.980762 77
22.000000 25.980762 22.500000 26.846788 77
21.500000 26.846788 22.500000 26.846788 77
26.000000 25.980762 26.500000 26.846788 78
35.000000 19.052559 36.000000 19.052559 79
35.500000 18.186533 36.000000 19.052559 79
35.500000 18.186533 35.000000 19.052559 79
32.000000 19.052559 32.500000 19.918584 80
12.500000 4.330127 12.000000 5.196152 81
11.500000 4.330127 12.000000 5.196152 81
13.000000 5.196152 12.500000 6.062178 81
12.500000 4.330127 13.000000 5.196152 81
12.000000 5.196152 12.500000 6.062178 81
11.500000 4.330127 12.500000 4.330127 81
12.000000 5.196152 13.000000 5.196152 81
38.500000 16.454483 39.500000 16.454483 82
24.000000 8.660254 23.500000 9.526279 83
7.000000 12.124356 7.500000 12.990381 84
26.000000 15.588457 27.000000 15.588457 85
27.500000 14.722432 27.000000 15.588457 85
26.500000 14.722432 27.500000 14.722432 85
25.500000 14.722432 26.500000 14.722432 85
26.500000 14.722432 26.000000 15.588457 85
25.500000 14.722432 26.000000 15.588457 85
26.500000 14.722432 27.000000 15.588457 85
32.500000 14.722432 33.500000 14.722432 86
33.500000 18.186533 33.000000 19.052559 87
38.000000 15.588457 39.000000 15.588457 88
18.000000 19.052559 19.000000 19.052559 89
26.000000 1.732051 25.500000 2.598076 90
25.000000 1.732051 26.000000 1.732051 90
25.000000 1.732051 25.500000 2.598076 90
34.500000 11.258330 35.500000 11.258330 91
28.000000 8.660254 28.500000 9.526279 92
19.500000 14.722432 20.500000 14.722432 93
20.000000 13.856406 19.500000 14.722432 93
20.000000 13.856406 21.000000 13.856406 93
21.000000 13.856406 20.500000 14.722432 93
20.000000 13.856406 20.500000 14.722432 93
18.500000 23.382686 19.000000 24.248711 94
18.500000 23.382686 18.000000 24.248711 94
18.000000 24.248711 19.000000 24.248711 94
32.500000 11.258330 32.000000 12.124356 95
32.500000 11.258330 33.000000 12.124356 95
32.000000 12.124356 33.000000 12.124356 95
38.000000 20.784610 37.500000 21.650635 96
40.500000 19.918584 40.000000 20.784610 96
39.500000 21.650635 39.000000 22.516660 96
38.500000 19.918584 38.000000 20.784610 96
40.000000 19.052559 39.500000 19.918584 96
38.000000 22.516660 39.000000 22.516660 96
39.000000 19.052559 38.500000 19.918584 96
39.000000 19.052559 40.000000 19.052559 96
39.000000 19.052559 39.500000 19.918584 96
37.500000 21.650635 38.000000 22.516660 96
39.500000 19.918584 40.500000 19.918584 96
38.500000 19.918584 39.500000 19.918584 96
39.000000 20.784610 39.500000 21.650635 96
38.500000 21.650635 39.000000 22.516660 96
40.000000 20.784610 41.000000 20.784610 96
37.500000 21.650635 38.500000 21.650635 96
38.000000 20.784610 38.500000 21.650635 96
40.000000 20.784610 39.500000 21.650635 96
38.500000 21.650635 38.000000 22.516660 96
38.500000 19.918584 39.000000 20.784610 96
39.500000 19.918584 39.000000 20.784610 96
38.500000 21.650635 39.500000 21.650635 96
40.500000 19.918584 41.000000 20.784610 96
40.000000 19.052559 40.500000 19.918584 96
39.000000 20.784610 40.000000 20.784610 96
11.000000 15.588457 11.500000 16.454483 97
11.000000 15.588457 10.500000 16.454483 97
42.000000 19.052559 11.000000 19.052559 97
11.500000 16.454483 11.000000 17.320508 97
41.500000 18.186533 41.000000 19.052559 97
42.000000 19.052559 41.500000 19.918584 97
11.500000 18.186533 11.000000 19.052559 97
10.000000 17.320508 41.500000 18.186533 97
10.000000 17.320508 11.000000 17.320508 97
11.500000 16.454483 12.000000 17.320508 97
10.500000 18.186533 11.000000 19.052559 97
41.000000 19.052559 42.000000 19.052559 97
12.000000 17.320508 11.500000 18.186533 97
10.500000 16.454483 11.500000 16.454483 97
11.000000 17.320508 11.500000 18.186533 97
11.000000 17.320508 12.000000 17.320508 97
41.500000 18.186533 42.000000 19.052559 97
41.000000 19.052559 41.500000 19.918584 97
10.500000 18.186533 42.000000 19.052559 97
11.000000 17.320508 10.500000 18.186533 97
10.500000 16.454483 10.000000 17.320508 97
10.500000 16.454483 11.000000 17.320508 97
10.000000 17.320508 10.500000 18.186533 97
15.500000 4.330127 15.000000 5.196152 98
14.500000 4.330127 15.000000 5.196152 98
15.000000 5.196152 16.000000 5.196152 98
14.500000 4.330127 15.500000 4.330127 98
15.500000 4.330127 16.500000 4.330127 98
16.500000 4.330127 16.000000 5.196152 98
15.500000 4.330127 16.000000 5.196152 98
16.000000 19.052559 15.500000 19.918584 99
31.000000 20.784610 30.500000 21.650635 100
7.000000 3.464102 8.000000 3.464102 101
7.000000 3.464102 7.500000 4.330127 101
7.500000 4.330127 7.000000 5.196152 101
6.000000 3.464102 7.000000 3.464102 101
8.000000 3.464102 7.500000 4.330127 101
6.500000 4.330127 7.000000 5.196152 101
6.500000 4.330127 7.500000 4.330127 101
6.000000 3.464102 6.500000 4.330127 101
7.000000 3.464102 6.500000 4.330127 101
29.500000 25.114737 30.000000 25.980762 102
19.000000 1.732051 20.000000 1.732051 103
26.000000 15.588457 26.500000 16.454483 104
25.500000 16.454483 26.500000 16.454483 104
26.000000 15.588457 25.500000 16.454483 104
36.500000 9.526279 5.500000 9.526279 105
5.000000 8.660254 5.500000 9.526279 105
5.500000 9.526279 37.000000 10.392305 105
5.000000 8.660254 36.500000 9.526279 105
36.500000 9.526279 37.000000 10.392305 105
22.000000 13.856406 22.500000 14.722432 106
28.000000 5.196152 28.500000 6.062178 107
27.000000 5.196152 27.500000 6.062178 107
27.000000 5.196152 28.000000 5.196152 107
27.500000 6.062178 28.500000 6.062178 107
28.000000 5.196152 27.500000 6.062178 107
10.000000 3.464102 9.500000 4.330127 108
9.000000 3.464102 10.000000 3.464102 108
9.000000 3.464102 9.500000 4.330127 108
38.500000 26.846788 22.000000 0.000000 109
16.500000 7.794229 17.500000 7.794229 110
26.500000 25.114737 26.000000 25.980762 111
10.000000 10.392305 11.000000 10.392305 112
37.000000 19.052559 36.500000 19.918584 113
35.500000 11.258330 36.500000 11.258330 114
35.000000 12.124356 35.500000 12.990381 115
11.000000 1.732051 11.500000 2.598076 116
10.500000 0.866025 11.500000 0.866025 116
9.000000 1.732051 9.500000 2.598076 116
10.000000 1.732051 10.500000 2.598076 116
9.000000 1.732051 10.000000 1.732051 116
10.000000 1.732051 9.500000 2.598076 116
9.500000 0.866025 10.500000 0.866025 116
9.500000 2.598076 10.500000 2.598076 116
11.500000 0.866025 11.000000 1.732051 116
10.500000 0.866025 11.000000 1.732051 116
9.500000 0.866025 9.000000 1.732051 116
11.000000 1.732051 10.500000 2.598076 116
10.500000 2.598076 11.500000 2.598076 116
9.500000 0.866025 10.000000 1.732051 116
10.500000 0.866025 10.000000 1.732051 116
10.000000 1.732051 11.000000 1.732051 116
22.500000 14.722432 23.000000 15.588457 117
24.000000 10.392305 25.000000 10.392305 118
24.500000 9.526279 24.000000 10.392305 118
24.500000 9.526279 25.000000 10.392305 118
34.500000 23.382686 35.500000 23.382686 119
35.000000 22.516660 34.500000 23.382686 119
35.000000 22.516660 35.500000 23.382686 119
35.500000 23.382686 35.000000 24.248711 119
34.500000 23.382686 35.000000 24.248711 119
8.500000 9.526279 9.000000 10.392305 120
29.000000 19.052559 29.500000 19.918584 121
37.000000 12.124356 36.500000 12.990381 122
32.500000 14.722432 32.000000 15.588457 123
19.500000 18.186533 20.500000 18.186533 124
30.500000 7.794229 30.000000 8.660254 125
30.000000 8.660254 30.500000 9.526279 125
31.000000 8.660254 31.500000 9.526279 125
31.500000 7.794229 31.000000 8.660254 125
30.500000 7.794229 31.500000 7.794229 125
31.000000 8.660254 30.500000 9.526279 125
30.000000 8.660254 31.000000 8.660254 125
30.500000 9.526279 31.500000 9.526279 125
29.500000 7.794229 30.500000 7.794229 125
30.500000 7.794229 31.000000 8.660254 125
29.500000 7.794229 30.000000 8.660254 125
25.000000 24.248711 25.500000 25.114737 126
33.500000 6.062178 34.500000 6.062178 127
34.000000 5.196152 33.500000 6.062178 127
34.000000 5.196152 34.500000 6.062178 127
33.000000 5.196152 34.000000 5.196152 127
33.000000 5.196152 33.500000 6.062178 127
33.500000 14.722432 34.000000 15.588457 128
16.500000 26.846788 0.000000 0.000000 129
46.500000 26.846788 31.000000 0.000000 129
46.500000 26.846788 15.500000 26.846788 129
15.500000 26.846788 0.000000 0.000000 129
15.500000 26.846788 16.500000 26.846788 129
31.000000 0.000000 0.000000 0.000000 129
15.500000 26.846788 31.000000 0.000000 129
11.500000 11.258330 12.000000 12.124356 130
11.500000 11.258330 12.500000 11.258330 130
12.500000 11.258330 12.000000 12.124356 130
14.500000 7.794229 15.000000 8.660254 131
20.500000 9.526279 21.500000 9.526279 132
9.500000 2.598076 9.000000 3.464102 133
12.500000 7.794229 13.000000 8.660254 134
12.000000 6.928203 11.500000 7.794229 134
12.000000 8.660254 13.000000 8.660254 134
11.500000 7.794229 12.000000 8.660254 134
12.500000 7.794229 12.000000 8.660254 134
11.000000 8.660254 12.000000 8.660254 134
11.500000 7.794229 12.500000 7.794229 134
11.500000 7.794229 11.000000 8.660254 134
12.000000 6.928203 12.500000 7.794229 134
36.000000 20.784610 36.500000 21.650635 135
13.500000 18.186533 14.000000 19.052559 136
13.500000 18.186533 14.500000 18.186533 136
14.500000 18.186533 14.000000 19.052559 136
12.000000 19.052559 13.000000 19.052559 137
12.500000 18.186533 13.000000 19.052559 137
12.500000 18.186533 13.500000 18.186533 137
13.500000 18.186533 13.000000 19.052559 137
12.500000 18.186533 12.000000 19.052559 137
13.000000 19.052559 12.500000 19.918584 137
12.000000 19.052559 12.500000 19.918584 137
36.000000 8.660254 5.000000 8.660254 138
35.500000 19.918584 36.500000 19.918584 139
20.000000 22.516660 19.500000 23.382686 140
23.000000 5.196152 24.000000 5.196152 141
42.000000 25.980762 42.500000 26.846788 142
24.500000 26.846788 9.000000 0.000000 143
24.500000 26.846788 8.000000 0.000000 143
8.000000 0.000000 8.500000 0.866025 143
9.000000 0.000000 8.500000 0.866025 143
8.000000 0.000000 9.000000 0.000000 143
30.000000 15.588457 31.000000 15.588457 144
31.000000 15.588457 30.500000 16.454483 144
30.000000 15.588457 29.500000 16.454483 144
30.000000 15.588457 30.500000 16.454483 144
29.500000 16.454483 30.500000 16.454483 144
19.000000 17.320508 18.500000 18.186533 145
29.500000 23.382686 29.000000 24.248711 146
30.000000 24.248711 29.500000 25.114737 146
29.000000 24.248711 29.500000 25.114737 146
29.500000 23.382686 30.000000 24.248711 146
29.000000 24.248711 30.000000 24.248711 146
17.000000 6.928203 18.000000 6.928203 147
18.000000 6.928203 17.500000 7.794229 147
17.000000 6.928203 17.500000 7.794229 147
27.500000 9.526279 28.000000 10.392305 148
5.500000 0.866025 5.000000 1.732051 149
26.500000 6.062178 27.500000 6.062178 150
18.000000 5.196152 19.000000 5.196152 151
16.000000 13.856406 17.000000 13.856406 152
31.500000 6.062178 31.000000 6.928203 153
14.000000 17.320508 14.500000 18.186533 154
28.500000 25.114737 28.000000 25.980762 155
27.500000 25.114737 28.500000 25.114737 155
27.500000 25.114737 28.000000 25.980762 155
32.500000 25.114737 33.500000 25.114737 156
32.500000 25.114737 33.000000 25.980762 156
33.500000 25.114737 33.000000 25.980762 156
32.000000 15.588457 32.500000 16.454483 157
17.500000 16.454483 17.000000 17.320508 158
32.500000 19.918584 32.000000 20.784610 159
29.000000 8.660254 28.500000 9.526279 160
33.000000 6.928203 32.500000 7.794229 161
32.500000 7.794229 33.500000 7.794229 161
33.000000 6.928203 33.500000 7.794229 161
38.000000 17.320508 39.000000 17.320508 162
21.000000 10.392305 22.000000 10.392305 163
31.000000 24.248711 31.500000 25.114737 164
4.000000 6.928203 4.500000 7.794229 165
30.500000 6.062178 30.000000 6.928203 166
30.000000 6.928203 31.000000 6.928203 166
30.500000 6.062178 31.000000 6.928203 166
28.500000 16.454483 28.000000 17.320508 167
19.500000 2.598076 20.500000 2.598076 168
19.000000 3.464102 18.500000 4.330127 168
19.500000 2.598076 20.000000 3.464102 168
20.000000 3.464102 19.500000 4.330127 168
19.000000 3.464102 19.500000 4.330127 168
20.500000 2.598076 20.000000 3.464102 168
19.500000 2.598076 19.000000 3.464102 168
19.000000 3.464102 20.000000 3.464102 168
18.500000 4.330127 19.500000 4.330127 168
6.000000 5.196152 5.500000 6.062178 169
6.500000 6.062178 6.000000 6.928203 169
6.500000 6.062178 7.500000 6.062178 169
7.000000 5.196152 7.500000 6.062178 169
6.000000 5.196152 7.000000 5.196152 169
6.000000 5.196152 6.500000 6.062178 169
5.500000 6.062178 6.500000 6.062178 169
5.500000 6.062178 6.000000 6.928203 169
7.000000 5.196152 6.500000 6.062178 169
20.000000 19.052559 19.500000 19.918584 170
15.000000 8.660254 15.500000 9.526279 171
15.500000 9.526279 16.500000 9.526279 171
16.000000 8.660254 16.500000 9.526279 171
15.000000 8.660254 16.000000 8.660254 171
16.000000 8.660254 15.500000 9.526279 171
20.500000 25.114737 21.500000 25.114737 172
21.000000 15.588457 20.500000 16.454483 173
21.000000 15.588457 21.500000 16.454483 173
20.500000 16.454483 21.500000 16.454483 173
13.000000 10.392305 13.500000 11.258330 174
7.500000 12.990381 39.000000 13.856406 175
34.500000 12.990381 35.000000 13.856406 176
34.000000 13.856406 35.000000 13.856406 176
34.500000 12.990381 34.000000 13.856406 176
36.000000 19.052559 37.000000 19.052559 177
37.500000 18.186533 37.000000 19.052559 177
36.500000 18.186533 36.000000 19.052559 177
36.500000 18.186533 37.000000 19.052559 177
36.500000 18.186533 37.500000 18.186533 177
25.000000 10.392305 25.500000 11.258330 178
26.000000 10.392305 25.500000 11.258330 178
25.000000 10.392305 26.000000 10.392305 178
24.500000 11.258330 25.500000 11.258330 178
25.000000 10.392305 24.500000 11.258330 178
10.000000 12.124356 11.000000 12.124356 179
10.000000 12.124356 10.500000 12.990381 179
11.000000 12.124356 10.500000 12.990381 179
10.000000 10.392305 10.500000 11.258330 179
10.500000 11.258330 11.000000 12.124356 179
10.500000 11.258330 10.000000 12.124356 179
9.500000 11.258330 10.500000 11.258330 179
9.500000 11.258330 10.000000 12.124356 179
10.000000 10.392305 9.500000 11.258330 179
28.000000 24.248711 28.500000 25.114737 180
27.000000 6.928203 28.000000 6.928203 181
29.000000 15.588457 28.500000 16.454483 182
28.500000 9.526279 29.000000 10.392305 183
6.000000 10.392305 37.500000 11.258330 184
37.500000 11.258330 6.500000 11.258330 184
6.000000 10.392305 6.500000 11.258330 184
42.000000 20.784610 43.000000 20.784610 185
11.500000 19.918584 12.000000 20.784610 185
42.500000 19.918584 43.000000 20.784610 185
42.500000 19.918584 11.500000 19.918584 185
42.500000 19.918584 42.000000 20.784610 185
11.500000 19.918584 43.000000 20.784610 185
43.000000 20.784610 12.000000 20.784610 185
31.000000 0.000000 31.500000 0.866025 186
17.000000 1.732051 17.500000 2.598076 187
5.000000 0.000000 6.000000 0.000000 188
19.000000 6.928203 19.500000 7.794229 189
18.000000 5.196152 17.500000 6.062178 190
34.000000 8.660254 34.500000 9.526279 191
31.500000 21.650635 31.000000 22.516660 192
31.500000 23.382686 32.000000 24.248711 192
31.500000 21.650635 32.500000 21.650635 192
31.500000 23.382686 32.500000 23.382686 192
32.500000 21.650635 32.000000 22.516660 192
31.000000 22.516660 32.000000 22.516660 192
32.000000 22.516660 31.500000 23.382686 192
31.500000 21.650635 32.000000 22.516660 192
31.000000 22.516660 31.500000 23.382686 192
32.000000 22.516660 32.500000 23.382686 192
32.500000 23.382686 32.000000 24.248711 192
25.500000 14.722432 25.000000 15.588457 193
33.500000 16.454483 33.000000 17.320508 194
29.500000 6.062178 30.000000 6.928203 195
22.500000 16.454483 23.500000 16.454483 196
22.500000 16.454483 23.000000 17.320508 196
23.500000 16.454483 23.000000 17.320508 196
26.000000 10.392305 27.000000 10.392305 197
26.500000 9.526279 27.000000 10.392305 197
26.500000 9.526279 26.000000 10.392305 197
4.500000 7.794229 36.000000 8.660254 198
21.500000 9.526279 22.000000 10.392305 199
25.000000 6.928203 25.500000 7.794229 200
9.500000 7.794229 9.000000 8.660254 201
21.500000 11.258330 22.500000 11.258330 202
29.500000 12.990381 30.000000 13.856406 203
23.000000 13.856406 23.500000 14.722432 204
16.000000 13.856406 16.500000 14.722432 205
30.000000 6.928203 29.500000 7.794229 206
31.500000 0.866025 31.000000 1.732051 207
26.000000 6.928203 26.500000 7.794229 208
26.000000 6.928203 27.000000 6.928203 208
26.500000 7.794229 26.000000 8.660254 208
26.000000 6.928203 25.500000 7.794229 208
25.500000 7.794229 26.500000 7.794229 208
27.000000 6.928203 26.500000 7.794229 208
25.500000 7.794229 26.000000 8.660254 208
18.000000 20.784610 19.000000 20.784610 209
25.500000 11.258330 25.000000 12.124356 210
36.500000 9.526279 36.000000 10.392305 211
6.500000 2.598076 6.000000 3.464102 212
33.500000 21.650635 34.000000 22.516660 213
32.500000 23.382686 33.000000 24.248711 213
33.500000 25.114737 34.500000 25.114737 213
33.500000 21.650635 33.000000 22.516660 213
32.500000 23.382686 33.500000 23.382686 213
33.000000 24.248711 33.500000 25.114737 213
33.500000 23.382686 34.500000 23.382686 213
34.000000 24.248711 34.500000 25.114737 213
34.000000 24.248711 33.500000 25.114737 213
34.000000 22.516660 34.500000 23.382686 213
33.500000 23.382686 34.000000 24.248711 213
34.000000 22.516660 33.500000 23.382686 213
33.000000 22.516660 32.500000 23.382686 213
34.500000 23.382686 34.000000 24.248711 213
33.000000 22.516660 33.500000 23.382686 213
33.500000 23.382686 33.000000 24.248711 213
33.000000 22.516660 34.000000 22.516660 213
28.500000 18.186533 28.000000 19.052559 214
28.000000 19.052559 29.000000 19.052559 214
28.500000 18.186533 29.000000 19.052559 214
20.500000 12.990381 21.000000 13.856406 215
10.000000 12.124356 9.500000 12.990381 216
7.000000 6.928203 8.000000 6.928203 217
7.000000 6.928203 7.500000 7.794229 217
8.000000 6.928203 7.500000 7.794229 217
24.500000 0.866025 24.000000 1.732051 218
22.000000 15.588457 22.500000 16.454483 219
22.500000 16.454483 22.000000 17.320508 219
21.500000 16.454483 22.500000 16.454483 219
22.000000 15.588457 21.500000 16.454483 219
21.500000 16.454483 22.000000 17.320508 219
30.000000 0.000000 29.500000 0.866025 220
17.500000 4.330127 18.500000 4.330127 221
18.000000 3.464102 18.500000 4.330127 221
18.000000 3.464102 17.500000 4.330127 221
14.500000 11.258330 15.000000 12.124356 222
22.000000 1.732051 21.500000 2.598076 223
22.000000 1.732051 22.500000 2.598076 223
21.500000 2.598076 22.500000 2.598076 223
27.000000 15.588457 27.500000 16.454483 224
28.500000 7.794229 29.000000 8.660254 225
29.500000 7.794229 29.000000 8.660254 225
28.500000 7.794229 29.500000 7.794229 225
20.000000 3.464102 21.000000 3.464102 226
30.000000 8.660254 29.500000 9.526279 227
36.000000 12.124356 35.500000 12.990381 228
15.500000 25.114737 15.000000 25.980762 229
19.000000 20.784610 19.500000 21.650635 230
18.500000 21.650635 19.000000 22.516660 230
19.500000 21.650635 19.000000 22.516660 230
18.500000 21.650635 19.500000 21.650635 230
19.000000 20.784610 18.500000 21.650635 230
28.500000 14.722432 29.000000 15.588457 231
13.000000 3.464102 12.500000 4.330127 232
41.000000 17.320508 41.500000 18.186533 233
40.500000 18.186533 41.500000 18.186533 233
41.000000 17.320508 40.500000 18.186533 233
29.500000 26.846788 30.500000 26.846788 234
31.000000 25.980762 32.000000 25.980762 234
30.000000 25.980762 29.500000 26.846788 234
30.500000 26.846788 31.500000 26.846788 234
31.000000 25.980762 30.500000 26.846788 234
30.000000 25.980762 30.500000 26.846788 234
31.500000 25.114737 31.000000 25.980762 234
32.500000 25.114737 32.000000 25.980762 234
31.500000 25.114737 32.500000 25.114737 234
30.000000 25.980762 31.000000 25.980762 234
31.500000 25.114737 32.000000 25.980762 234
32.000000 25.980762 31.500000 26.846788 234
31.000000 25.980762 31.500000 26.846788 234
34.500000 16.454483 35.000000 17.320508 235
32.500000 9.526279 32.000000 10.392305 236
11.000000 0.000000 12.000000 0.000000 237
27.500000 26.846788 11.000000 0.000000 237
27.500000 26.846788 28.500000 26.846788 237
28.500000 26.846788 12.000000 0.000000 237
27.500000 26.846788 12.000000 0.000000 237
5.000000 3.464102 5.500000 4.330127 238
6.000000 3.464102 5.500000 4.330127 238
5.000000 3.464102 6.000000 3.464102 238
14.000000 15.588457 13.500000 16.454483 239
33.500000 14.722432 33.000000 15.588457 240
22.000000 12.124356 22.500000 12.990381 241
23.000000 10.392305 24.000000 10.392305 242
22.500000 9.526279 23.000000 10.392305 242
23.000000 8.660254 23.500000 9.526279 242
23.500000 9.526279 24.000000 10.392305 242
23.500000 9.526279 23.000000 10.392305 242
22.500000 9.526279 23.500000 9.526279 242
23.000000 8.660254 22.500000 9.526279 242
36.000000 20.784610 37.000000 20.784610 243
21.000000 24.248711 20.500000 25.114737 244
18.000000 22.516660 18.500000 23.382686 245
30.000000 20.784610 29.500000 21.650635 246
18.500000 16.454483 18.000000 17.320508 247
18.500000 16.454483 19.000000 17.320508 247
18.000000 17.320508 19.000000 17.320508 247
39.500000 25.114737 40.000000 25.980762 248
6.500000 9.526279 7.500000 9.526279 249
26.500000 16.454483 27.000000 17.320508 250
6.000000 8.660254 7.000000 8.660254 251
6.000000 8.660254 6.500000 9.526279 251
7.000000 8.660254 6.500000 9.526279 251
0.000000 0.000000 1.000000 0.000000 252
1.000000 0.000000 0.500000 0.866025 252
0.000000 0.000000 0.500000 0.866025 252
34.500000 16.454483 35.500000 16.454483 253
35.000000 15.588457 35.500000 16.454483 253
35.000000 15.588457 34.500000 16.454483 253
3.500000 4.330127 4.500000 4.330127 254
39.500000 25.114737 39.000000 25.980762 255
12.000000 8.660254 12.500000 9.526279 256
10.500000 12.990381 10.000000 13.856406 257
20.500000 16.454483 20.000000 17.320508 258
19.500000 16.454483 20.500000 16.454483 258
19.500000 16.454483 20.000000 17.320508 258
20.000000 15.588457 20.500000 16.454483 258
20.000000 15.588457 19.500000 16.454483 258
34.000000 20.784610 34.500000 21.650635 259
13.500000 16.454483 13.000000 17.320508 260
13.500000 16.454483 14.000000 17.320508 260
13.000000 17.320508 14.000000 17.320508 260
12.500000 16.454483 13.500000 16.454483 260
12.500000 16.454483 13.000000 17.320508 260
37.000000 12.124356 37.500000 12.990381 261
37.000000 12.124356 38.000000 12.124356 261
38.000000 12.124356 37.500000 12.990381 261
8.000000 3.464102 9.000000 3.464102 262
24.000000 17.320508 24.500000 18.186533 263
24.500000 18.186533 24.000000 19.052559 263
23.500000 18.186533 24.000000 19.052559 263
23.500000 18.186533 24.500000 18.186533 263
24.000000 17.320508 23.500000 18.186533 263
18.500000 14.722432 19.500000 14.722432 264
19.000000 13.856406 18.500000 14.722432 264
19.000000 13.856406 19.500000 14.722432 264
7.500000 7.794229 7.000000 8.660254 265
13.000000 3.464102 13.500000 4.330127 266
14.000000 3.464102 13.500000 4.330127 266
13.000000 3.464102 14.000000 3.464102 266
31.500000 12.990381 32.000000 13.856406 267
31.500000 12.990381 32.500000 12.990381 267
32.500000 12.990381 32.000000 13.856406 267
13.000000 10.392305 12.500000 11.258330 268
14.500000 11.258330 14.000000 12.124356 269
13.500000 11.258330 14.000000 12.124356 269
13.500000 11.258330 14.500000 11.258330 269
30.000000 5.196152 30.500000 6.062178 270
26.500000 2.598076 27.000000 3.464102 271
26.000000 13.856406 26.500000 14.722432 272
32.000000 6.928203 31.500000 7.794229 273
18.000000 19.052559 17.500000 19.918584 274
15.500000 18.186533 16.500000 18.186533 275
36.500000 11.258330 36.000000 12.124356 276
23.000000 17.320508 23.500000 18.186533 277
26.000000 0.000000 26.500000 0.866025 278
25.500000 0.866025 26.500000 0.866025 278
26.000000 0.000000 25.500000 0.866025 278
24.500000 6.062178 24.000000 6.928203 279
36.000000 10.392305 36.500000 11.258330 280
28.500000 7.794229 28.000000 8.660254 281
29.500000 9.526279 29.000000 10.392305 282
41.000000 22.516660 42.000000 22.516660 283
12.000000 5.196152 11.500000 6.062178 284
11.000000 5.196152 11.500000 6.062178 284
11.000000 5.196152 10.500000 6.062178 284
10.500000 6.062178 11.500000 6.062178 284
11.000000 5.196152 12.000000 5.196152 284
21.000000 6.928203 21.500000 7.794229 285
9.500000 7.794229 10.500000 7.794229 286
10.000000 6.928203 10.500000 7.794229 286
9.000000 6.928203 9.500000 7.794229 286
10.000000 6.928203 9.500000 7.794229 286
9.000000 6.928203 10.000000 6.928203 286
14.000000 20.784610 14.500000 21.650635 287
38.500000 18.186533 39.500000 18.186533 288
25.000000 25.980762 26.000000 25.980762 289
25.500000 25.114737 25.000000 25.980762 289
25.500000 25.114737 26.000000 25.980762 289
10.500000 9.526279 11.000000 10.392305 290
16.500000 21.650635 17.500000 21.650635 291
40.000000 15.588457 9.000000 15.588457 292
6.500000 2.598076 7.500000 2.598076 293
32.000000 13.856406 33.000000 13.856406 294
14.500000 6.062178 15.500000 6.062178 295
15.000000 5.196152 14.500000 6.062178 295
15.000000 5.196152 15.500000 6.062178 295
22.000000 0.000000 22.500000 0.866025 296
17.500000 25.114737 18.500000 25.114737 297
36.500000 12.990381 37.000000 13.856406 298
39.000000 17.320508 39.500000 18.186533 299
14.000000 3.464102 15.000000 3.464102 300
21.000000 8.660254 20.500000 9.526279 301
26.000000 20.784610 27.000000 20.784610 302
21.000000 25.980762 20.500000 26.846788 303
20.000000 25.980762 20.500000 26.846788 303
20.000000 25.980762 21.000000 25.980762 303
42.500000 26.846788 26.000000 0.000000 304
26.000000 0.000000 27.000000 0.000000 304
42.500000 26.846788 27.000000 0.000000 304
4.500000 6.062178 5.000000 6.928203 305
31.000000 12.124356 32.000000 12.124356 306
44.500000 26.846788 28.000000 0.000000 307
43.500000 26.846788 28.000000 0.000000 307
43.500000 26.846788 44.500000 26.846788 307
30.500000 9.526279 30.000000 10.392305 308
30.000000 10.392305 31.000000 10.392305 308
30.500000 9.526279 31.000000 10.392305 308
19.000000 20.784610 20.000000 20.784610 309
28.000000 17.320508 27.500000 18.186533 310
27.000000 10.392305 26.500000 11.258330 311
25.000000 8.660254 26.000000 8.660254 312
36.000000 22.516660 37.000000 22.516660 313
10.500000 2.598076 11.000000 3.464102 314
10.000000 3.464102 11.000000 3.464102 314
10.500000 2.598076 10.000000 3.464102 314
12.000000 15.588457 12.500000 16.454483 315
19.500000 6.062178 20.500000 6.062178 316
41.000000 19.052559 40.500000 19.918584 317
25.000000 3.464102 25.500000 4.330127 318
25.000000 3.464102 26.000000 3.464102 318
26.000000 3.464102 25.500000 4.330127 318
34.500000 6.062178 35.000000 6.928203 319
32.000000 10.392305 31.500000 11.258330 320
3.500000 0.866025 4.000000 1.732051 321
4.000000 0.000000 4.500000 0.866025 321
3.500000 0.866025 4.500000 0.866025 321
4.500000 0.866025 4.000000 1.732051 321
4.000000 0.000000 3.500000 0.866025 321
35.500000 14.722432 36.000000 15.588457 322
37.000000 22.516660 37.500000 23.382686 323
14.000000 20.784610 15.000000 20.784610 324
19.000000 1.732051 19.500000 2.598076 325
18.500000 2.598076 19.500000 2.598076 325
19.000000 1.732051 18.500000 2.598076 325
26.000000 17.320508 25.500000 18.186533 326
25.000000 17.320508 25.500000 18.186533 326
25.000000 17.320508 26.000000 17.320508 326
6.500000 11.258330 38.000000 12.124356 327
12.500000 6.062178 13.000000 6.928203 328
3.500000 2.598076 4.000000 3.464102 329
3.500000 2.598076 4.500000 2.598076 329
4.000000 1.732051 3.500000 2.598076 329
4.000000 1.732051 4.500000 2.598076 329
4.500000 2.598076 4.000000 3.464102 329
40.000000 25.980762 41.000000 25.980762 330
41.500000 21.650635 41.000000 22.516660 331
22.500000 0.866025 22.000000 1.732051 332
0.500000 0.866025 1.000000 1.732051 333
34.000000 17.320508 34.500000 18.186533 334
37.000000 10.392305 6.000000 10.392305 335
11.500000 11.258330 11.000000 12.124356 336
31.000000 6.928203 31.500000 7.794229 337
34.000000 6.928203 35.000000 6.928203 338
35.000000 6.928203 35.500000 7.794229 338
34.000000 6.928203 34.500000 7.794229 338
34.500000 7.794229 35.500000 7.794229 338
34.500000 7.794229 35.000000 8.660254 338
35.000000 6.928203 34.500000 7.794229 338
35.500000 7.794229 35.000000 8.660254 338
28.500000 18.186533 29.500000 18.186533 339
18.500000 14.722432 18.000000 15.588457 340
31.500000 14.722432 32.500000 14.722432 341
32.000000 13.856406 31.500000 14.722432 341
32.000000 13.856406 32.500000 14.722432 341
32.000000 24.248711 32.500000 25.114737 342
24.000000 15.588457 25.000000 15.588457 343
26.500000 25.114737 27.500000 25.114737 344
30.500000 12.990381 31.500000 12.990381 345
31.000000 12.124356 31.500000 12.990381 345
31.500000 12.990381 31.000000 13.856406 345
31.000000 12.124356 30.500000 12.990381 345
30.500000 12.990381 31.000000 13.856406 345
17.500000 2.598076 18.500000 2.598076 346
7.500000 6.062178 8.500000 6.062178 347
35.500000 7.794229 4.500000 7.794229 348
16.500000 25.114737 17.500000 25.114737 349
7.500000 12.990381 8.500000 12.990381 350
16.000000 6.928203 17.000000 6.928203 351
35.000000 17.320508 35.500000 18.186533 352
41.000000 22.516660 40.500000 23.382686 353
36.000000 20.784610 35.500000 21.650635 354
31.000000 5.196152 32.000000 5.196152 355
31.500000 4.330127 32.000000 5.196152 355
31.500000 4.330127 31.000000 5.196152 355
29.500000 19.918584 29.000000 20.784610 356
28.500000 19.918584 29.000000 20.784610 356
28.500000 19.918584 29.500000 19.918584 356
4.000000 1.732051 5.000000 1.732051 357
8.500000 9.526279 8.000000 10.392305 358
15.000000 6.928203 14.500000 7.794229 359
22.500000 18.186533 23.000000 19.052559 360
17.500000 7.794229 18.000000 8.660254 361
20.500000 14.722432 21.000000 15.588457 362
28.500000 14.722432 28.000000 15.588457 363
16.500000 2.598076 17.000000 3.464102 364
30.000000 13.856406 30.500000 14.722432 365
18.500000 25.114737 19.000000 25.980762 366
20.500000 25.114737 20.000000 25.980762 366
19.500000 25.114737 20.500000 25.114737 366
19.000000 24.248711 19.500000 25.114737 366
19.000000 25.980762 20.000000 25.980762 366
19.000000 24.248711 20.000000 24.248711 366
19.500000 25.114737 19.000000 25.980762 366
19.500000 25.114737 20.000000 25.980762 366
19.000000 24.248711 18.500000 25.114737 366
20.000000 24.248711 20.500000 25.114737 366
20.000000 24.248711 19.500000 25.114737 366
18.500000 25.114737 19.500000 25.114737 366
32.500000 7.794229 32.000000 8.660254 367
36.500000 11.258330 37.500000 11.258330 368
14.000000 10.392305 14.500000 11.258330 369
29.000000 17.320508 28.500000 18.186533 370
32.500000 4.330127 33.000000 5.196152 371
27.000000 10.392305 28.000000 10.392305 372
37.000000 19.052559 37.500000 19.918584 373
12.500000 7.794229 13.500000 7.794229 374
4.000000 3.464102 3.500000 4.330127 375
26.000000 3.464102 26.500000 4.330127 376
23.000000 25.980762 22.500000 26.846788 377
9.500000 4.330127 9.000000 5.196152 378
9.000000 5.196152 10.000000 5.196152 378
9.500000 4.330127 10.000000 5.196152 378
19.500000 23.382686 19.000000 24.248711 379
31.500000 26.846788 16.000000 0.000000 380
41.500000 19.918584 42.500000 19.918584 381
25.000000 8.660254 24.500000 9.526279 382
34.000000 20.784610 35.000000 20.784610 383
43.000000 20.784610 42.500000 21.650635 384
6.000000 10.392305 7.000000 10.392305 385
10.500000 4.330127 11.500000 4.330127 386
11.000000 3.464102 11.500000 4.330127 386
11.000000 3.464102 10.500000 4.330127 386
32.000000 5.196152 32.500000 6.062178 387
18.000000 25.980762 17.500000 26.846788 388
17.000000 25.980762 18.000000 25.980762 388
17.000000 25.980762 17.500000 26.846788 388
28.000000 15.588457 27.500000 16.454483 389
15.000000 19.052559 14.500000 19.918584 390
20.500000 6.062178 21.500000 6.062178 391
15.500000 18.186533 15.000000 19.052559 392
14.500000 18.186533 15.000000 19.052559 392
14.500000 18.186533 15.500000 18.186533 392
4.500000 4.330127 5.500000 4.330127 393
4.000000 5.196152 5.000000 5.196152 393
4.500000 4.330127 4.000000 5.196152 393
4.500000 4.330127 5.000000 5.196152 393
5.500000 4.330127 5.000000 5.196152 393
9.000000 0.000000 9.500000 0.866025 394
28.000000 0.000000 27.500000 0.866025 395
17.000000 24.248711 16.500000 25.114737 396
26.000000 17.320508 27.000000 17.320508 397
23.500000 12.990381 24.500000 12.990381 398
23.500000 12.990381 23.000000 13.856406 398
24.500000 12.990381 24.000000 13.856406 398
23.500000 12.990381 24.000000 13.856406 398
24.000000 12.124356 23.500000 12.990381 398
23.000000 13.856406 24.000000 13.856406 398
24.000000 12.124356 24.500000 12.990381 398
23.000000 12.124356 23.500000 12.990381 398
23.000000 12.124356 24.000000 12.124356 398
32.000000 6.928203 33.000000 6.928203 399
29.500000 16.454483 29.000000 17.320508 400
39.000000 24.248711 39.500000 25.114737 401
7.000000 1.732051 8.000000 1.732051 402
20.000000 22.516660 21.000000 22.516660 403
7.500000 2.598076 7.000000 3.464102 404
17.500000 2.598076 17.000000 3.464102 405
37.000000 13.856406 36.500000 14.722432 406
22.500000 11.258330 23.500000 11.258330 407
21.000000 20.784610 20.500000 21.650635 408
8.500000 2.598076 9.000000 3.464102 409
11.000000 8.660254 10.500000 9.526279 410
33.000000 25.980762 32.500000 26.846788 411
34.000000 25.980762 34.500000 26.846788 411
33.000000 25.980762 34.000000 25.980762 411
33.500000 26.846788 34.500000 26.846788 411
34.000000 25.980762 33.500000 26.846788 411
32.500000 26.846788 33.500000 26.846788 411
33.000000 25.980762 33.500000 26.846788 411
18.000000 15.588457 17.500000 16.454483 412
17.000000 15.588457 18.000000 15.588457 412
17.000000 15.588457 17.500000 16.454483 412
40.000000 24.248711 39.500000 25.114737 413
17.000000 17.320508 16.500000 18.186533 414
17.000000 17.320508 18.000000 17.320508 414
18.000000 17.320508 17.500000 18.186533 414
17.000000 17.320508 17.500000 18.186533 414
16.500000 18.186533 17.500000 18.186533 414
33.500000 4.330127 34.000000 5.196152 415
19.000000 19.052559 19.500000 19.918584 416
17.000000 25.980762 16.500000 26.846788 417
7.500000 11.258330 7.000000 12.124356 418
38.500000 25.114737 38.000000 25.980762 419
2.500000 0.866025 3.000000 1.732051 420
19.500000 26.846788 3.000000 0.000000 421
34.500000 18.186533 34.000000 19.052559 422
27.500000 18.186533 27.000000 19.052559 423
26.500000 18.186533 27.500000 18.186533 423
26.500000 18.186533 27.000000 19.052559 423
25.500000 6.062178 26.000000 6.928203 424
28.000000 12.124356 27.500000 12.990381 425
24.500000 14.722432 24.000000 15.588457 426
30.500000 14.722432 31.000000 15.588457 427
34.500000 14.722432 35.000000 15.588457 428
34.500000 9.526279 35.500000 9.526279 429
26.000000 8.660254 27.000000 8.660254 430
16.500000 25.114737 17.000000 25.980762 431
16.000000 25.980762 17.000000 25.980762 431
16.500000 25.114737 16.000000 25.980762 431
28.000000 10.392305 28.500000 11.258330 432
20.000000 1.732051 21.000000 1.732051 433
12.000000 0.000000 11.500000 0.866025 434
44.000000 25.980762 43.500000 26.846788 435
15.000000 10.392305 15.500000 11.258330 436
16.000000 10.392305 15.500000 11.258330 436
15.000000 10.392305 16.000000 10.392305 436
9.000000 15.588457 40.500000 16.454483 437
13.500000 6.062178 13.000000 6.928203 438
13.500000 6.062178 14.500000 6.062178 438
14.500000 6.062178 14.000000 6.928203 438
13.500000 6.062178 14.000000 6.928203 438
13.000000 6.928203 14.000000 6.928203 438
30.500000 23.382686 31.500000 23.382686 439
6.000000 6.928203 6.500000 7.794229 440
8.500000 4.330127 8.000000 5.196152 441
10.500000 7.794229 11.500000 7.794229 442
11.000000 6.928203 10.500000 7.794229 442
11.000000 6.928203 11.500000 7.794229 442
16.500000 9.526279 16.000000 10.392305 443
14.000000 10.392305 15.000000 10.392305 444
24.000000 0.000000 23.500000 0.866025 445
33.000000 17.320508 34.000000 17.320508 446
43.000000 25.980762 42.500000 26.846788 447
13.000000 17.320508 12.500000 18.186533 448
26.500000 16.454483 27.500000 16.454483 449
16.500000 18.186533 17.000000 19.052559 450
16.000000 19.052559 17.000000 19.052559 450
16.500000 18.186533 16.000000 19.052559 450
27.500000 11.258330 28.500000 11.258330 451
38.500000 14.722432 39.500000 14.722432 452
25.500000 4.330127 25.000000 5.196152 453
34.000000 15.588457 35.000000 15.588457 454
19.500000 7.794229 20.500000 7.794229 455
20.500000 7.794229 20.000000 8.660254 455
19.500000 7.794229 20.000000 8.660254 455
39.000000 22.516660 39.500000 23.382686 456
39.000000 22.516660 40.000000 22.516660 456
40.000000 22.516660 39.500000 23.382686 456
30.500000 14.722432 31.500000 14.722432 457
31.000000 13.856406 31.500000 14.722432 457
31.000000 13.856406 30.500000 14.722432 457
8.000000 10.392305 8.500000 11.258330 458
30.500000 23.382686 31.000000 24.248711 459
24.000000 5.196152 25.000000 5.196152 460
13.500000 7.794229 14.500000 7.794229 461
14.500000 2.598076 14.000000 3.464102 462
23.500000 16.454483 24.500000 16.454483 463
40.000000 17.320508 39.500000 18.186533 464
40.500000 21.650635 41.000000 22.516660 465
29.500000 6.062178 29.000000 6.928203 466
15.000000 6.928203 16.000000 6.928203 467
39.500000 14.722432 8.500000 14.722432 468
8.000000 13.856406 39.500000 14.722432 468
8.000000 13.856406 8.500000 14.722432 468
29.500000 25.114737 29.000000 25.980762 469
32.500000 19.918584 33.000000 20.784610 470
33.500000 16.454483 34.500000 16.454483 471
2.500000 2.598076 3.500000 2.598076 472
3.000000 1.732051 3.500000 2.598076 472
3.000000 1.732051 2.500000 2.598076 472
5.000000 6.928203 5.500000 7.794229 473
24.500000 26.846788 25.500000 26.846788 474
22.000000 12.124356 23.000000 12.124356 475
22.500000 0.866025 23.500000 0.866025 476
20.500000 0.866025 21.000000 1.732051 477
7.000000 12.124356 8.000000 12.124356 478
9.000000 10.392305 10.000000 10.392305 479
26.500000 6.062178 27.000000 6.928203 480
30.500000 11.258330 31.000000 12.124356 481
27.000000 24.248711 28.000000 24.248711 482
17.500000 19.918584 18.000000 20.784610 483
17.500000 19.918584 18.500000 19.918584 483
18.500000 19.918584 18.000000 20.784610 483
16.000000 20.784610 17.000000 20.784610 483
16.500000 19.918584 17.000000 20.784610 483
17.000000 20.784610 18.000000 20.784610 483
17.500000 19.918584 17.000000 20.784610 483
16.500000 19.918584 17.500000 19.918584 483
16.500000 19.918584 16.000000 20.784610 483
25.000000 8.660254 25.500000 9.526279 484
17.000000 13.856406 17.500000 14.722432 485
15.000000 17.320508 16.000000 17.320508 486
20.500000 4.330127 21.500000 4.330127 487
18.000000 15.588457 19.000000 15.588457 488
18.000000 15.588457 18.500000 16.454483 488
19.000000 15.588457 18.500000 16.454483 488
19.000000 15.588457 19.500000 16.454483 488
18.500000 16.454483 19.500000 16.454483 488
31.500000 19.918584 32.000000 20.784610 489
7.000000 6.928203 6.500000 7.794229 490
12.000000 1.732051 13.000000 1.732051 491
5.500000 7.794229 5.000000 8.660254 492
13.500000 21.650635 14.000000 22.516660 493
19.500000 18.186533 20.000000 19.052559 494
13.000000 20.784610 14.000000 20.784610 495
23.000000 0.000000 23.500000 0.866025 496
22.000000 24.248711 21.500000 25.114737 497
10.500000 9.526279 11.500000 9.526279 498
23.500000 11.258330 23.000000 12.124356 499
6.000000 8.660254 5.500000 9.526279 500
25.000000 12.124356 25.500000 12.990381 501
14.000000 1.732051 14.500000 2.598076 502
37.500000 12.990381 37.000000 13.856406 503
12.500000 6.062178 12.000000 6.928203 504
20.500000 26.846788 4.000000 0.000000 505
35.500000 21.650635 36.000000 22.516660 506
9.000000 12.124356 9.500000 12.990381 507
23.000000 25.980762 24.000000 25.980762 508
19.500000 0.866025 19.000000 1.732051 509
44.500000 26.846788 29.000000 0.000000 510
30.000000 19.052559 29.500000 19.918584 511
29.500000 14.722432 29.000000 15.588457 512
29.500000 14.722432 30.000000 15.588457 512
29.000000 15.588457 30.000000 15.588457 512
26.000000 3.464102 27.000000 3.464102 513
24.500000 25.114737 25.000000 25.980762 514
24.500000 25.114737 24.000000 25.980762 514
24.000000 25.980762 25.000000 25.980762 514
34.500000 25.114737 35.000000 25.980762 515
21.500000 0.866025 22.000000 1.732051 516
8.500000 6.062178 9.000000 6.928203 517
8.500000 7.794229 8.000000 8.660254 518
41.000000 25.980762 40.500000 26.846788 519
39.500000 21.650635 40.500000 21.650635 520
15.500000 2.598076 16.000000 3.464102 521
5.000000 1.732051 5.500000 2.598076 522
12.500000 12.990381 13.500000 12.990381 523
15.500000 12.990381 16.000000 13.856406 524
16.000000 17.320508 17.000000 17.320508 525
16.500000 16.454483 17.000000 17.320508 525
16.500000 16.454483 16.000000 17.320508 525
19.500000 18.186533 19.000000 19.052559 526
7.500000 6.062178 8.000000 6.928203 527
3.500000 0.866025 3.000000 1.732051 528
9.000000 1.732051 8.500000 2.598076 529
5.000000 1.732051 6.000000 1.732051 530
29.000000 13.856406 30.000000 13.856406 531
9.500000 6.062178 10.500000 6.062178 532
36.500000 14.722432 36.000000 15.588457 533
15.500000 6.062178 15.000000 6.928203 534
12.500000 2.598076 12.000000 3.464102 535
31.000000 20.784610 32.000000 20.784610 536
41.500000 26.846788 42.500000 26.846788 537
37.000000 13.856406 37.500000 14.722432 538
15.000000 17.320508 15.500000 18.186533 539
39.000000 15.588457 40.000000 15.588457 540
39.500000 14.722432 40.000000 15.588457 540
39.500000 14.722432 39.000000 15.588457 540
34.500000 7.794229 34.000000 8.660254 541
8.000000 8.660254 7.500000 9.526279 542
37.000000 20.784610 37.500000 21.650635 543
35.500000 9.526279 36.000000 10.392305 544
22.500000 18.186533 23.500000 18.186533 545
39.500000 18.186533 39.000000 19.052559 546
28.500000 0.866025 28.000000 1.732051 547
33.000000 20.784610 33.500000 21.650635 548
29.000000 10.392305 28.500000 11.258330 549
37.500000 18.186533 38.500000 18.186533 550
23.000000 25.980762 23.500000 26.846788 551
39.500000 16.454483 39.000000 17.320508 552
34.000000 13.856406 33.500000 14.722432 553
36.000000 13.856406 36.500000 14.722432 554
24.500000 0.866025 25.500000 0.866025 555
18.000000 1.732051 18.500000 2.598076 556
12.000000 3.464102 13.000000 3.464102 557
27.500000 7.794229 27.000000 8.660254 558
21.000000 3.464102 21.500000 4.330127 559
13.500000 4.330127 13.000000 5.196152 560
14.500000 4.330127 14.000000 5.196152 560
13.500000 4.330127 14.500000 4.330127 560
13.000000 5.196152 14.000000 5.196152 560
13.500000 4.330127 14.000000 5.196152 560
22.500000 12.990381 22.000000 13.856406 561
17.000000 3.464102 16.500000 4.330127 562
17.500000 6.062178 17.000000 6.928203 563
25.000000 5.196152 25.500000 6.062178 564
27.000000 17.320508 26.500000 18.186533 565
30.500000 23.382686 30.000000 24.248711 566
23.500000 14.722432 23.000000 15.588457 567
18.000000 24.248711 17.500000 25.114737 568
16.500000 6.062178 16.000000 6.928203 569
9.000000 5.196152 8.500000 6.062178 570
22.500000 25.114737 22.000000 25.980762 571
9.500000 12.990381 10.000000 13.856406 572
13.000000 1.732051 13.500000 2.598076 573
25.500000 11.258330 26.500000 11.258330 574
35.000000 8.660254 36.000000 8.660254 575
10.000000 5.196152 11.000000 5.196152 576
23.000000 3.464102 22.500000 4.330127 577
25.500000 6.062178 26.500000 6.062178 578
25.000000 13.856406 25.500000 14.722432 579
30.500000 19.918584 31.500000 19.918584 580
34.000000 8.660254 33.500000 9.526279 581
9.500000 6.062178 9.000000 6.928203 582
38.500000 23.382686 39.500000 23.382686 583
37.000000 24.248711 38.000000 24.248711 584
19.500000 14.722432 20.000000 15.588457 585
16.500000 4.330127 17.000000 5.196152 586
9.500000 9.526279 10.500000 9.526279 587
33.500000 26.846788 17.000000 0.000000 588
40.000000 24.248711 40.500000 25.114737 589
38.000000 22.516660 38.500000 23.382686 590
31.500000 6.062178 32.000000 6.928203 591
10.000000 5.196152 9.500000 6.062178 592
22.500000 26.846788 6.000000 0.000000 593
35.500000 21.650635 35.000000 22.516660 594
17.500000 0.866025 18.000000 1.732051 595
4.500000 2.598076 5.000000 3.464102 596
15.000000 3.464102 16.000000 3.464102 597
13.500000 14.722432 13.000000 15.588457 598
8.500000 14.722432 9.500000 14.722432 599
17.000000 8.660254 17.500000 9.526279 600
12.500000 19.918584 13.500000 19.918584 601
15.000000 19.052559 15.500000 19.918584 602
25.000000 12.124356 24.500000 12.990381 603
28.000000 17.320508 28.500000 18.186533 604
28.000000 8.660254 27.500000 9.526279 605
7.500000 2.598076 8.500000 2.598076 606
7.000000 5.196152 8.000000 5.196152 607
29.000000 10.392305 30.000000 10.392305 608
16.000000 6.928203 15.500000 7.794229 609
5.500000 2.598076 6.500000 2.598076 610
11.500000 0.866025 12.000000 1.732051 611
12.500000 9.526279 12.000000 10.392305 612
12.500000 19.918584 12.000000 20.784610 613
6.500000 9.526279 6.000000 10.392305 614
41.000000 20.784610 41.500000 21.650635 615
42.000000 20.784610 41.500000 21.650635 615
41.000000 20.784610 42.000000 20.784610 615
27.000000 0.000000 28.000000 0.000000 616
40.500000 25.114737 41.500000 25.114737 617
26.000000 5.196152 26.500000 6.062178 618
31.500000 9.526279 32.000000 10.392305 619
29.500000 26.846788 14.000000 0.000000 620
20.500000 6.062178 21.000000 6.928203 621
27.000000 8.660254 28.000000 8.660254 622
38.500000 12.990381 7.500000 12.990381 623
37.500000 12.990381 38.000000 13.856406 624
13.000000 20.784610 13.500000 21.650635 625
20.000000 17.320508 20.500000 18.186533 626
37.500000 19.918584 38.000000 20.784610 627
9.000000 8.660254 9.500000 9.526279 628
31.000000 10.392305 30.500000 11.258330 629
38.000000 13.856406 39.000000 13.856406 630
25.000000 13.856406 26.000000 13.856406 631
26.500000 26.846788 11.000000 0.000000 632
36.000000 19.052559 35.500000 19.918584 633
43.000000 24.248711 44.000000 24.248711 634
26.000000 8.660254 26.500000 9.526279 635
26.500000 18.186533 26.000000 19.052559 636
31.500000 11.258330 32.000000 12.124356 637
25.500000 2.598076 25.000000 3.464102 638
4.500000 2.598076 5.500000 2.598076 639
17.000000 1.732051 16.500000 2.598076 640
20.500000 21.650635 21.000000 22.516660 641
25.500000 4.330127 26.000000 5.196152 642
16.000000 25.980762 15.500000 26.846788 643
27.500000 14.722432 28.000000 15.588457 644
18.000000 5.196152 18.500000 6.062178 645
20.000000 25.980762 19.500000 26.846788 646
19.000000 8.660254 20.000000 8.660254 647
18.500000 0.866025 19.000000 1.732051 648
27.500000 0.866025 27.000000 1.732051 649
21.500000 26.846788 5.000000 0.000000 650
33.500000 18.186533 34.000000 19.052559 651
8.500000 7.794229 9.500000 7.794229 652
32.000000 10.392305 32.500000 11.258330 653
14.000000 12.124356 14.500000 12.990381 654
21.000000 13.856406 22.000000 13.856406 655
35.000000 20.784610 35.500000 21.650635 656
25.500000 26.846788 10.000000 0.000000 657
25.500000 26.846788 26.500000 26.846788 657
26.500000 26.846788 10.000000 0.000000 657
19.500000 21.650635 20.000000 22.516660 658
24.000000 17.320508 25.000000 17.320508 659
20.500000 23.382686 21.500000 23.382686 660
18.500000 21.650635 18.000000 22.516660 661
25.500000 6.062178 25.000000 6.928203 662
10.500000 7.794229 10.000000 8.660254 663
20.500000 16.454483 21.000000 17.320508 664
13.000000 12.124356 12.500000 12.990381 665
14.500000 11.258330 15.500000 11.258330 666
11.000000 3.464102 12.000000 3.464102 667
13.500000 7.794229 14.000000 8.660254 668
31.500000 26.846788 32.500000 26.846788 669
17.500000 4.330127 18.000000 5.196152 670
40.000000 24.248711 41.000000 24.248711 671
32.500000 4.330127 33.500000 4.330127 672
31.000000 15.588457 32.000000 15.588457 673
42.500000 25.114737 43.500000 25.114737 674
20.000000 8.660254 20.500000 9.526279 675
6.000000 0.000000 5.500000 0.866025 676
34.500000 14.722432 35.500000 14.722432 677
31.500000 0.866025 0.500000 0.866025 678
13.000000 6.928203 12.500000 7.794229 679
38.500000 18.186533 38.000000 19.052559 680
30.500000 25.114737 31.000000 25.980762 681
13.000000 13.856406 12.500000 14.722432 682
29.000000 8.660254 29.500000 9.526279 683
33.500000 4.330127 2.500000 4.330127 684
37.500000 23.382686 38.500000 23.382686 685
25.500000 12.990381 26.000000 13.856406 686
11.500000 6.062178 12.000000 6.928203 687
27.000000 25.980762 26.500000 26.846788 688
38.500000 25.114737 39.500000 25.114737 689
45.000000 25.980762 44.500000 26.846788 690
15.000000 1.732051 15.500000 2.598076 691
27.500000 0.866025 28.500000 0.866025 692
20.000000 5.196152 21.000000 5.196152 693
21.000000 5.196152 20.500000 6.062178 693
20.000000 5.196152 20.500000 6.062178 693
36.500000 11.258330 37.000000 12.124356 694
10.500000 4.330127 10.000000 5.196152 695
28.000000 5.196152 29.000000 5.196152 696
22.000000 0.000000 23.000000 0.000000 697
25.000000 13.856406 24.500000 14.722432 698
20.000000 6.928203 20.500000 7.794229 699
19.500000 26.846788 4.000000 0.000000 700
15.500000 25.114737 16.500000 25.114737 701
22.000000 8.660254 23.000000 8.660254 702
0.500000 0.866025 32.000000 1.732051 703
10.500000 6.062178 11.000000 6.928203 704
35.000000 8.660254 35.500000 9.526279 705
6.500000 7.794229 7.000000 8.660254 706
39.000000 13.856406 8.000000 13.856406 707
13.000000 1.732051 12.500000 2.598076 708
11.500000 16.454483 12.500000 16.454483 709
13.500000 11.258330 13.000000 12.124356 710
28.500000 25.114737 29.000000 25.980762 711
21.500000 4.330127 22.500000 4.330127 712
28.000000 12.124356 29.000000 12.124356 713
24.000000 13.856406 24.500000 14.722432 714
9.500000 9.526279 10.000000 10.392305 715
25.500000 12.990381 26.500000 12.990381 716
35.000000 17.320508 34.500000 18.186533 717
17.500000 14.722432 18.500000 14.722432 718
8.000000 1.732051 7.500000 2.598076 719
25.000000 12.124356 26.000000 12.124356 720
37.500000 19.918584 37.000000 20.784610 721
30.000000 0.000000 30.500000 0.866025 722
17.500000 18.186533 18.000000 19.052559 723
36.500000 19.918584 37.000000 20.784610 724
42.000000 24.248711 42.500000 25.114737 725
19.000000 0.000000 18.500000 0.866025 726
37.000000 22.516660 38.000000 22.516660 727
28.500000 6.062178 29.500000 6.062178 728
23.500000 25.114737 23.000000 25.980762 729
13.500000 2.598076 13.000000 3.464102 730
13.500000 19.918584 13.000000 20.784610 731
18.500000 2.598076 18.000000 3.464102 732
16.000000 5.196152 16.500000 6.062178 733
19.500000 19.918584 20.500000 19.918584 734
42.000000 22.516660 41.500000 23.382686 735
8.000000 6.928203 9.000000 6.928203 736
28.000000 15.588457 28.500000 16.454483 737
27.500000 12.990381 28.500000 12.990381 738
12.000000 20.784610 43.500000 21.650635 739
25.000000 25.980762 24.500000 26.846788 740
25.000000 15.588457 25.500000 16.454483 741
33.500000 12.990381 33.000000 13.856406 742
4.000000 0.000000 5.000000 0.000000 743
27.500000 19.918584 27.000000 20.784610 744
8.500000 9.526279 9.500000 9.526279 745
4.500000 7.794229 5.500000 7.794229 746
8.500000 4.330127 9.500000 4.330127 747
34.500000 21.650635 35.000000 22.516660 748
8.500000 12.990381 8.000000 13.856406 749
24.500000 16.454483 25.000000 17.320508 750
28.500000 12.990381 29.500000 12.990381 751
32.000000 5.196152 31.500000 6.062178 752
31.000000 0.000000 30.500000 0.866025 753
24.000000 15.588457 23.500000 16.454483 754
4.500000 0.866025 5.500000 0.866025 755
46.500000 26.846788 30.000000 0.000000 756
30.000000 10.392305 29.500000 11.258330 757
21.500000 18.186533 22.000000 19.052559 758
15.500000 11.258330 16.000000 12.124356 759
18.500000 4.330127 19.000000 5.196152 760
24.500000 18.186533 25.500000 18.186533 761
41.500000 19.918584 41.000000 20.784610 762
28.500000 16.454483 29.000000 17.320508 763
26.500000 19.918584 26.000000 20.784610 764
25.500000 9.526279 25.000000 10.392305 765
23.500000 11.258330 24.500000 11.258330 766
23.000000 15.588457 24.000000 15.588457 767
22.000000 15.588457 23.000000 15.588457 768
8.000000 8.660254 8.500000 9.526279 769
22.000000 13.856406 21.500000 14.722432 770
32.000000 5.196152 33.000000 5.196152 771
29.000000 6.928203 28.500000 7.794229 772
36.000000 22.516660 36.500000 23.382686 773
33.500000 7.794229 33.000000 8.660254 774
8.000000 8.660254 9.000000 8.660254 775
16.500000 6.062178 17.500000 6.062178 776
14.000000 6.928203 14.500000 7.794229 777
17.000000 22.516660 18.000000 22.516660 778
17.000000 5.196152 16.500000 6.062178 779
39.500000 18.186533 40.500000 18.186533 780
8.500000 0.866025 8.000000 1.732051 781
9.500000 14.722432 9.000000 15.588457 782
40.500000 23.382686 41.500000 23.382686 783
15.000000 12.124356 16.000000 12.124356 784
29.500000 2.598076 30.000000 3.464102 785
12.000000 10.392305 11.500000 11.258330 786
