32 32 32 32 32
38.500000 25.114737 39.000000 25.980762 1
38.000000 25.980762 39.000000 25.980762 1
37.500000 25.114737 38.500000 25.114737 1
38.500000 25.114737 38.000000 25.980762 1
37.500000 25.114737 38.000000 25.980762 1
13.000000 3.464102 14.000000 3.464102 2
30.000000 22.516660 31.000000 22.516660 2
29.000000 6.928203 29.500000 7.794229 2
21.000000 6.928203 20.500000 7.794229 2
14.000000 17.320508 14.500000 18.186533 2
36.500000 25.114737 36.000000 25.980762 2
23.500000 6.062178 24.000000 6.928203 2
10.000000 5.196152 10.500000 6.062178 2
24.000000 5.196152 23.500000 6.062178 2
33.000000 22.516660 32.500000 23.382686 2
23.000000 15.588457 23.500000 16.454483 2
24.500000 18.186533 25.500000 18.186533 2
21.500000 11.258330 22.500000 11.258330 2
13.500000 12.990381 13.000000 13.856406 2
15.000000 13.856406 16.000000 13.856406 2
27.000000 8.660254 27.500000 9.526279 2
29.000000 20.784610 28.500000 21.650635 2
17.000000 12.124356 17.500000 12.990381 2
34.000000 24.248711 35.000000 24.248711 2
22.000000 0.000000 22.500000 0.866025 2
24.000000 12.124356 24.500000 12.990381 2
19.000000 6.928203 19.500000 7.794229 2
33.000000 3.464102 32.500000 4.330127 2
26.500000 2.598076 26.000000 3.464102 2
15.500000 21.650635 16.000000 22.516660 2
31.500000 6.062178 31.000000 6.928203 2
11.000000 8.660254 12.000000 8.660254 2
24.500000 2.598076 25.000000 3.464102 2
18.500000 18.186533 19.000000 19.052559 2
32.000000 24.248711 33.000000 24.248711 2
18.500000 25.114737 18.000000 25.980762 2
30.000000 10.392305 30.500000 11.258330 2
16.500000 2.598076 17.000000 3.464102 2
13.000000 20.784610 14.000000 20.784610 2
19.500000 12.990381 19.000000 13.856406 2
19.500000 0.866025 20.500000 0.866025 2
34.500000 7.794229 35.500000 7.794229 2
30.000000 5.196152 31.000000 5.196152 2
31.000000 10.392305 31.500000 11.258330 2
15.000000 24.248711 15.500000 25.114737 2
11.000000 0.000000 12.000000 0.000000 2
18.000000 19.052559 17.500000 19.918584 2
4.000000 0.000000 5.000000 0.000000 2
26.000000 0.000000 26.500000 0.866025 2
16.500000 23.382686 16.000000 24.248711 2
27.500000 14.722432 28.000000 15.588457 2
27.500000 6.062178 28.000000 6.928203 2
19.500000 14.722432 20.000000 15.588457 2
18.000000 19.052559 19.000000 19.052559 2
37.500000 26.846788 21.000000 0.000000 2
31.500000 25.114737 32.500000 25.114737 2
11.500000 9.526279 12.000000 10.392305 2
21.500000 6.062178 22.500000 6.062178 2
2.000000 0.000000 1.500000 0.866025 2
28.000000 5.196152 28.500000 6.062178 2
25.000000 17.320508 24.500000 18.186533 2
11.000000 12.124356 10.500000 12.990381 2
19.000000 17.320508 19.500000 18.186533 2
18.500000 9.526279 18.000000 10.392305 2
15.000000 13.856406 14.500000 14.722432 2
33.000000 6.928203 32.500000 7.794229 2
33.500000 26.846788 17.000000 0.000000 2
23.500000 26.846788 7.000000 0.000000 2
17.000000 8.660254 16.500000 9.526279 2
18.000000 6.928203 19.000000 6.928203 2
43.000000 24.248711 43.500000 25.114737 2
30.000000 10.392305 29.500000 11.258330 2
23.500000 9.526279 24.000000 10.392305 2
38.500000 12.990381 39.000000 13.856406 2
15.000000 19.052559 15.500000 19.918584 2
42.500000 26.846788 43.500000 26.846788 2
14.000000 12.124356 14.500000 12.990381 2
17.500000 6.062178 18.000000 6.928203 2
33.500000 23.382686 34.500000 23.382686 2
28.500000 23.382686 29.500000 23.382686 2
32.500000 7.794229 33.500000 7.794229 2
16.000000 17.320508 17.000000 17.320508 2
27.500000 18.186533 28.500000 18.186533 2
8.500000 2.598076 9.500000 2.598076 2
12.500000 7.794229 12.000000 8.660254 2
20.000000 0.000000 19.500000 0.866025 2
30.500000 23.382686 30.000000 24.248711 2
31.000000 15.588457 30.500000 16.454483 2
16.000000 17.320508 15.500000 18.186533 2
27.000000 5.196152 26.500000 6.062178 2
43.500000 23.382686 44.500000 23.382686 2
28.000000 12.124356 27.500000 12.990381 2
19.500000 14.722432 19.000000 15.588457 2
17.500000 23.382686 18.500000 23.382686 2
23.000000 8.660254 24.000000 8.660254 2
18.000000 22.516660 17.500000 23.382686 2
25.500000 12.990381 26.500000 12.990381 2
36.500000 9.526279 5.500000 9.526279 2
18.000000 13.856406 19.000000 13.856406 2
19.500000 9.526279 20.500000 9.526279 2
32.500000 14.722432 32.000000 15.588457 2
20.500000 14.722432 21.000000 15.588457 2
1.500000 0.866025 2.500000 0.866025 2
27.000000 8.660254 26.500000 9.526279 2
17.000000 13.856406 16.500000 14.722432 2
14.000000 20.784610 15.000000 20.784610 2
12.000000 1.732051 13.000000 1.732051 2
33.500000 4.330127 2.500000 4.330127 2
26.500000 9.526279 26.000000 10.392305 2
26.500000 6.062178 26.000000 6.928203 2
24.500000 4.330127 24.000000 5.196152 2
30.500000 0.866025 31.500000 0.866025 2
20.000000 1.732051 21.000000 1.732051 2
13.500000 23.382686 14.500000 23.382686 2
12.000000 6.928203 11.500000 7.794229 2
27.500000 11.258330 27.000000 12.124356 2
21.500000 0.866025 22.000000 1.732051 2
39.000000 13.856406 8.000000 13.856406 2
26.500000 26.846788 11.000000 0.000000 2
25.000000 12.124356 25.500000 12.990381 2
12.500000 6.062178 12.000000 6.928203 2
17.000000 6.928203 18.000000 6.928203 2
31.000000 8.660254 30.500000 9.526279 2
16.500000 12.990381 17.000000 13.856406 2
3.500000 2.598076 4.000000 3.464102 2
39.500000 26.846788 23.000000 0.000000 2
29.500000 23.382686 29.000000 24.248711 2
46.500000 26.846788 31.000000 0.000000 2
23.500000 18.186533 23.000000 19.052559 2
27.500000 4.330127 28.500000 4.330127 2
38.000000 25.980762 38.500000 26.846788 2
20.000000 25.980762 21.000000 25.980762 2
11.000000 5.196152 11.500000 6.062178 2
22.000000 3.464102 21.500000 4.330127 2
31.500000 21.650635 32.500000 21.650635 2
33.500000 26.846788 34.500000 26.846788 2
21.500000 7.794229 22.000000 8.660254 2
10.500000 4.330127 10.000000 5.196152 2
31.500000 23.382686 32.500000 23.382686 2
19.000000 0.000000 18.500000 0.866025 2
30.000000 5.196152 29.500000 6.062178 2
32.500000 25.114737 33.000000 25.980762 2
22.000000 10.392305 22.500000 11.258330 2
34.000000 25.980762 33.500000 26.846788 2
30.000000 20.784610 29.500000 21.650635 2
36.500000 23.382686 36.000000 24.248711 2
17.000000 12.124356 18.000000 12.124356 2
33.000000 15.588457 33.500000 16.454483 2
15.500000 6.062178 16.000000 6.928203 2
21.500000 16.454483 22.500000 16.454483 2
17.000000 20.784610 18.000000 20.784610 2
28.500000 18.186533 28.000000 19.052559 2
34.000000 6.928203 34.500000 7.794229 2
28.500000 26.846788 12.000000 0.000000 2
11.000000 1.732051 12.000000 1.732051 2
8.500000 0.866025 9.000000 1.732051 2
20.000000 1.732051 20.500000 2.598076 2
6.500000 9.526279 7.000000 10.392305 2
35.500000 23.382686 36.500000 23.382686 2
14.500000 7.794229 14.000000 8.660254 2
10.500000 14.722432 11.000000 15.588457 2
15.000000 6.928203 15.500000 7.794229 2
33.500000 7.794229 33.000000 8.660254 2
28.500000 11.258330 29.000000 12.124356 2
17.000000 24.248711 17.500000 25.114737 2
12.000000 1.732051 11.500000 2.598076 2
31.000000 3.464102 32.000000 3.464102 2
23.500000 12.990381 24.000000 13.856406 2
32.500000 6.062178 33.000000 6.928203 2
31.000000 22.516660 31.500000 23.382686 2
8.000000 13.856406 8.500000 14.722432 2
4.500000 7.794229 36.000000 8.660254 2
31.000000 12.124356 31.500000 12.990381 2
26.000000 20.784610 27.000000 20.784610 2
31.000000 3.464102 30.500000 4.330127 2
30.000000 3.464102 30.500000 4.330127 2
23.000000 8.660254 23.500000 9.526279 2
8.500000 14.722432 40.000000 15.588457 2
18.000000 13.856406 17.500000 14.722432 2
13.500000 19.918584 14.000000 20.784610 2
31.500000 11.258330 32.000000 12.124356 2
31.000000 6.928203 32.000000 6.928203 2
21.000000 15.588457 22.000000 15.588457 2
10.500000 0.866025 11.000000 1.732051 2
31.500000 9.526279 32.000000 10.392305 2
24.000000 8.660254 23.500000 9.526279 2
34.000000 13.856406 33.500000 14.722432 2
24.500000 16.454483 25.500000 16.454483 2
22.000000 0.000000 21.500000 0.866025 2
21.000000 12.124356 20.500000 12.990381 2
0.500000 0.866025 32.000000 1.732051 2
14.000000 20.784610 13.500000 21.650635 2
20.000000 25.980762 20.500000 26.846788 2
45.500000 25.114737 45.000000 25.980762 2
20.500000 16.454483 20.000000 17.320508 2
26.500000 0.866025 26.000000 1.732051 2
19.500000 14.722432 20.500000 14.722432 2
29.500000 19.918584 30.000000 20.784610 2
28.500000 7.794229 29.500000 7.794229 2
25.500000 0.866025 26.500000 0.866025 2
23.500000 11.258330 24.500000 11.258330 2
19.000000 3.464102 20.000000 3.464102 2
31.500000 9.526279 32.500000 9.526279 2
28.500000 0.866025 29.500000 0.866025 2
32.500000 16.454483 33.000000 17.320508 2
31.000000 22.516660 32.000000 22.516660 2
7.500000 9.526279 8.000000 10.392305 2
19.500000 2.598076 19.000000 3.464102 2
22.500000 11.258330 23.500000 11.258330 2
23.000000 3.464102 23.500000 4.330127 2
16.500000 9.526279 16.000000 10.392305 2
12.000000 10.392305 12.500000 11.258330 2
25.000000 13.856406 24.500000 14.722432 2
20.000000 0.000000 21.000000 0.000000 2
18.000000 24.248711 17.500000 25.114737 2
15.500000 12.990381 16.000000 13.856406 2
4.500000 2.598076 5.500000 2.598076 2
5.500000 9.526279 6.000000 10.392305 2
13.000000 6.928203 13.500000 7.794229 2
21.000000 12.124356 21.500000 12.990381 2
28.000000 5.196152 29.000000 5.196152 2
7.000000 0.000000 8.000000 0.000000 2
24.000000 5.196152 24.500000 6.062178 2
17.500000 19.918584 18.500000 19.918584 2
17.000000 6.928203 17.500000 7.794229 2
10.500000 2.598076 10.000000 3.464102 2
2.000000 1.732051 1.500000 2.598076 2
20.500000 4.330127 21.000000 5.196152 2
27.500000 23.382686 28.500000 23.382686 2
29.000000 3.464102 29.500000 4.330127 2
21.500000 9.526279 21.000000 10.392305 2
16.000000 19.052559 16.500000 19.918584 2
15.500000 18.186533 16.500000 18.186533 2
22.000000 25.980762 22.500000 26.846788 2
29.500000 0.866025 29.000000 1.732051 2
25.500000 18.186533 25.000000 19.052559 2
34.000000 8.660254 35.000000 8.660254 2
31.500000 26.846788 16.000000 0.000000 2
32.500000 18.186533 32.000000 19.052559 2
17.000000 15.588457 17.500000 16.454483 2
31.500000 6.062178 32.000000 6.928203 2
27.000000 15.588457 26.500000 16.454483 2
34.000000 5.196152 34.500000 6.062178 2
30.000000 1.732051 29.500000 2.598076 2
27.000000 17.320508 26.500000 18.186533 2
30.500000 21.650635 30.000000 22.516660 2
26.500000 12.990381 27.000000 13.856406 2
31.000000 12.124356 30.500000 12.990381 2
3.000000 3.464102 2.500000 4.330127 2
22.500000 12.990381 22.000000 13.856406 2
16.500000 18.186533 17.000000 19.052559 2
16.500000 6.062178 16.000000 6.928203 2
30.500000 19.918584 31.500000 19.918584 2
5.000000 1.732051 4.500000 2.598076 2
19.000000 8.660254 20.000000 8.660254 2
10.000000 0.000000 10.500000 0.866025 2
14.500000 23.382686 15.500000 23.382686 2
31.500000 19.918584 32.000000 20.784610 2
10.000000 8.660254 9.500000 9.526279 2
27.500000 16.454483 28.500000 16.454483 2
10.500000 9.526279 10.000000 10.392305 2
43.500000 26.846788 27.000000 0.000000 2
22.000000 12.124356 22.500000 12.990381 2
24.500000 7.794229 25.000000 8.660254 2
32.500000 2.598076 33.000000 3.464102 2
16.500000 18.186533 17.500000 18.186533 2
27.000000 0.000000 26.500000 0.866025 2
27.000000 20.784610 28.000000 20.784610 2
14.500000 19.918584 15.500000 19.918584 2
33.000000 13.856406 33.500000 14.722432 2
34.000000 22.516660 33.500000 23.382686 2
30.500000 7.794229 31.000000 8.660254 2
41.500000 26.846788 26.000000 0.000000 2
10.000000 3.464102 9.500000 4.330127 2
44.500000 26.846788 29.000000 0.000000 2
12.500000 12.990381 13.000000 13.856406 2
26.500000 26.846788 10.000000 0.000000 2
25.500000 16.454483 26.500000 16.454483 2
16.000000 5.196152 15.500000 6.062178 2
34.000000 12.124356 34.500000 12.990381 2
27.000000 3.464102 27.500000 4.330127 2
5.500000 0.866025 5.000000 1.732051 2
22.000000 6.928203 22.500000 7.794229 2
20.000000 13.856406 19.500000 14.722432 2
10.500000 11.258330 11.000000 12.124356 2
6.000000 1.732051 6.500000 2.598076 2
31.500000 25.114737 32.000000 25.980762 2
21.500000 14.722432 22.000000 15.588457 2
30.500000 21.650635 31.000000 22.516660 2
11.500000 7.794229 12.000000 8.660254 2
29.500000 23.382686 30.500000 23.382686 2
31.000000 5.196152 30.500000 6.062178 2
18.000000 10.392305 17.500000 11.258330 2
29.000000 6.928203 30.000000 6.928203 2
25.000000 10.392305 24.500000 11.258330 2
27.000000 5.196152 27.500000 6.062178 2
18.500000 2.598076 19.500000 2.598076 2
17.500000 12.990381 18.500000 12.990381 2
29.000000 0.000000 28.500000 0.866025 2
5.000000 1.732051 5.500000 2.598076 2
31.500000 18.186533 32.500000 18.186533 2
21.000000 25.980762 21.500000 26.846788 2
10.000000 10.392305 9.500000 11.258330 2
15.000000 8.660254 15.500000 9.526279 2
7.500000 9.526279 7.000000 10.392305 2
27.000000 10.392305 26.500000 11.258330 2
10.500000 6.062178 11.500000 6.062178 2
14.000000 24.248711 14.500000 25.114737 2
30.500000 4.330127 31.000000 5.196152 2
29.000000 25.980762 28.500000 26.846788 2
13.000000 8.660254 14.000000 8.660254 2
27.500000 2.598076 28.500000 2.598076 2
22.500000 25.114737 22.000000 25.980762 2
10.500000 0.866025 10.000000 1.732051 2
16.500000 21.650635 16.000000 22.516660 2
31.000000 0.000000 0.000000 0.000000 2
23.000000 1.732051 22.500000 2.598076 2
19.000000 12.124356 20.000000 12.124356 2
33.000000 15.588457 32.500000 16.454483 2
35.500000 7.794229 4.500000 7.794229 2
2.500000 2.598076 2.000000 3.464102 2
14.500000 6.062178 15.500000 6.062178 2
32.000000 1.732051 31.500000 2.598076 2
34.000000 10.392305 33.500000 11.258330 2
28.500000 7.794229 29.000000 8.660254 2
23.500000 0.866025 23.000000 1.732051 2
31.000000 8.660254 31.500000 9.526279 2
24.000000 17.320508 25.000000 17.320508 2
11.000000 0.000000 11.500000 0.866025 2
17.000000 17.320508 17.500000 18.186533 2
12.500000 4.330127 13.500000 4.330127 2
19.500000 25.114737 20.500000 25.114737 2
30.000000 6.928203 30.500000 7.794229 2
33.000000 12.124356 32.500000 12.990381 2
2.000000 3.464102 3.000000 3.464102 2
25.000000 6.928203 25.500000 7.794229 2
14.500000 14.722432 15.000000 15.588457 2
21.000000 1.732051 21.500000 2.598076 2
31.500000 16.454483 32.000000 17.320508 2
16.500000 25.114737 16.000000 25.980762 2
6.500000 0.866025 7.000000 1.732051 2
41.000000 25.980762 40.500000 26.846788 2
15.000000 15.588457 15.500000 16.454483 2
35.500000 25.114737 36.500000 25.114737 2
27.500000 26.846788 28.500000 26.846788 2
25.500000 2.598076 26.500000 2.598076 2
30.500000 7.794229 31.500000 7.794229 2
13.000000 3.464102 12.500000 4.330127 2
11.500000 7.794229 12.500000 7.794229 2
29.500000 12.990381 30.000000 13.856406 2
31.500000 19.918584 32.500000 19.918584 2
30.000000 12.124356 29.500000 12.990381 2
9.500000 12.990381 10.000000 13.856406 2
13.000000 5.196152 14.000000 5.196152 2
32.000000 6.928203 33.000000 6.928203 2
23.000000 13.856406 23.500000 14.722432 2
31.500000 12.990381 32.000000 13.856406 2
10.000000 1.732051 9.500000 2.598076 2
27.000000 0.000000 28.000000 0.000000 2
12.500000 6.062178 13.500000 6.062178 2
15.000000 12.124356 16.000000 12.124356 2
9.000000 13.856406 9.500000 14.722432 2
20.500000 14.722432 21.500000 14.722432 2
28.500000 6.062178 29.000000 6.928203 2
16.000000 0.000000 15.500000 0.866025 2
27.500000 16.454483 28.000000 17.320508 2
20.000000 1.732051 19.500000 2.598076 2
17.500000 12.990381 18.000000 13.856406 2
18.000000 12.124356 18.500000 12.990381 2
24.000000 10.392305 23.500000 11.258330 2
33.000000 8.660254 33.500000 9.526279 2
14.500000 12.990381 15.500000 12.990381 2
11.000000 6.928203 11.500000 7.794229 2
28.000000 13.856406 27.500000 14.722432 2
15.000000 10.392305 14.500000 11.258330 2
34.500000 6.062178 35.000000 6.928203 2
36.000000 22.516660 35.500000 23.382686 2
13.000000 3.464102 13.500000 4.330127 2
34.500000 11.258330 34.000000 12.124356 2
21.500000 25.114737 21.000000 25.980762 2
20.500000 11.258330 20.000000 12.124356 2
29.500000 25.114737 29.000000 25.980762 2
8.000000 12.124356 8.500000 12.990381 2
31.000000 25.980762 30.500000 26.846788 2
10.500000 2.598076 11.500000 2.598076 2
32.500000 7.794229 32.000000 8.660254 2
7.500000 11.258330 8.000000 12.124356 2
26.500000 16.454483 27.000000 17.320508 2
20.500000 6.062178 21.500000 6.062178 2
23.000000 3.464102 22.500000 4.330127 2
27.500000 18.186533 28.000000 19.052559 2
31.000000 3.464102 31.500000 4.330127 2
26.500000 6.062178 27.000000 6.928203 2
16.500000 11.258330 17.000000 12.124356 2
16.500000 6.062178 17.500000 6.062178 2
32.000000 19.052559 31.500000 19.918584 2
10.500000 6.062178 11.000000 6.928203 2
13.500000 19.918584 13.000000 20.784610 2
30.500000 16.454483 30.000000 17.320508 2
30.500000 2.598076 30.000000 3.464102 2
23.500000 4.330127 24.500000 4.330127 2
22.500000 18.186533 22.000000 19.052559 2
34.000000 24.248711 33.500000 25.114737 2
23.500000 2.598076 24.000000 3.464102 2
25.500000 9.526279 26.000000 10.392305 2
10.000000 12.124356 10.500000 12.990381 2
8.500000 14.722432 9.000000 15.588457 2
29.500000 23.382686 30.000000 24.248711 2
21.000000 13.856406 21.500000 14.722432 2
10.500000 12.990381 10.000000 13.856406 2
17.500000 21.650635 17.000000 22.516660 2
14.000000 20.784610 14.500000 21.650635 2
8.000000 13.856406 9.000000 13.856406 2
17.000000 13.856406 18.000000 13.856406 2
32.000000 3.464102 31.500000 4.330127 2
29.500000 18.186533 30.000000 19.052559 2
23.500000 12.990381 24.500000 12.990381 2
14.500000 16.454483 14.000000 17.320508 2
33.000000 17.320508 32.500000 18.186533 2
30.000000 20.784610 30.500000 21.650635 2
30.500000 21.650635 31.500000 21.650635 2
11.000000 1.732051 11.500000 2.598076 2
16.000000 1.732051 15.500000 2.598076 2
9.000000 0.000000 10.000000 0.000000 2
4.000000 1.732051 3.500000 2.598076 2
31.000000 0.000000 31.500000 0.866025 2
35.000000 8.660254 34.500000 9.526279 2
18.000000 15.588457 19.000000 15.588457 2
25.000000 10.392305 25.500000 11.258330 2
28.500000 6.062178 29.500000 6.062178 2
34.500000 26.846788 18.000000 0.000000 2
21.500000 26.846788 22.500000 26.846788 2
25.500000 14.722432 26.500000 14.722432 2
43.500000 21.650635 43.000000 22.516660 2
22.500000 16.454483 22.000000 17.320508 2
11.500000 0.866025 12.000000 1.732051 2
24.000000 17.320508 24.500000 18.186533 2
14.500000 23.382686 15.000000 24.248711 2
21.500000 25.114737 22.000000 25.980762 2
28.000000 0.000000 27.500000 0.866025 2
32.000000 3.464102 33.000000 3.464102 2
11.500000 2.598076 11.000000 3.464102 2
19.000000 6.928203 18.500000 7.794229 2
17.500000 16.454483 17.000000 17.320508 2
28.000000 15.588457 28.500000 16.454483 2
16.000000 15.588457 15.500000 16.454483 2
15.500000 18.186533 16.000000 19.052559 2
31.500000 9.526279 31.000000 10.392305 2
32.000000 5.196152 32.500000 6.062178 2
24.500000 9.526279 25.000000 10.392305 2
22.500000 25.114737 23.000000 25.980762 2
21.500000 11.258330 22.000000 12.124356 2
17.000000 17.320508 18.000000 17.320508 2
29.500000 26.846788 14.000000 0.000000 2
22.000000 5.196152 22.500000 6.062178 2
34.000000 6.928203 33.500000 7.794229 2
15.500000 23.382686 15.000000 24.248711 2
22.500000 9.526279 23.000000 10.392305 2
10.500000 4.330127 11.500000 4.330127 2
19.000000 8.660254 19.500000 9.526279 2
18.500000 7.794229 19.500000 7.794229 2
19.000000 19.052559 18.500000 19.918584 2
45.000000 24.248711 14.000000 24.248711 2
23.500000 11.258330 23.000000 12.124356 2
17.500000 25.114737 18.500000 25.114737 2
32.000000 1.732051 1.000000 1.732051 2
16.000000 15.588457 17.000000 15.588457 2
17.500000 7.794229 18.000000 8.660254 2
21.000000 8.660254 22.000000 8.660254 2
32.000000 25.980762 33.000000 25.980762 2
31.500000 23.382686 32.000000 24.248711 2
24.000000 1.732051 25.000000 1.732051 2
17.500000 26.846788 2.000000 0.000000 2
27.500000 9.526279 27.000000 10.392305 2
17.000000 6.928203 16.500000 7.794229 2
35.500000 23.382686 36.000000 24.248711 2
15.500000 19.918584 15.000000 20.784610 2
24.000000 6.928203 25.000000 6.928203 2
40.500000 25.114737 41.000000 25.980762 2
26.500000 16.454483 27.500000 16.454483 2
29.000000 22.516660 30.000000 22.516660 2
30.500000 26.846788 31.500000 26.846788 2
20.000000 12.124356 20.500000 12.990381 2
35.500000 7.794229 36.000000 8.660254 2
29.500000 9.526279 30.500000 9.526279 2
13.000000 22.516660 13.500000 23.382686 2
31.000000 13.856406 32.000000 13.856406 2
9.000000 1.732051 9.500000 2.598076 2
22.000000 1.732051 23.000000 1.732051 2
27.000000 13.856406 28.000000 13.856406 2
14.000000 8.660254 14.500000 9.526279 2
13.000000 5.196152 12.500000 6.062178 2
18.000000 0.000000 18.500000 0.866025 2
13.500000 0.866025 13.000000 1.732051 2
24.500000 6.062178 25.500000 6.062178 2
4.000000 5.196152 3.500000 6.062178 2
15.500000 9.526279 16.500000 9.526279 2
23.500000 2.598076 24.500000 2.598076 2
34.500000 23.382686 35.000000 24.248711 2
23.000000 12.124356 24.000000 12.124356 2
28.500000 12.990381 29.500000 12.990381 2
17.000000 12.124356 16.500000 12.990381 2
27.500000 18.186533 27.000000 19.052559 2
13.500000 11.258330 13.000000 12.124356 2
9.500000 9.526279 10.500000 9.526279 2
28.500000 4.330127 29.000000 5.196152 2
14.500000 7.794229 15.000000 8.660254 2
12.500000 21.650635 13.500000 21.650635 2
32.000000 8.660254 31.500000 9.526279 2
32.500000 9.526279 33.000000 10.392305 2
13.000000 20.784610 12.500000 21.650635 2
7.500000 0.866025 8.500000 0.866025 2
6.000000 1.732051 5.500000 2.598076 2
24.500000 9.526279 25.500000 9.526279 2
9.000000 10.392305 9.500000 11.258330 2
21.500000 0.866025 21.000000 1.732051 2
25.000000 5.196152 26.000000 5.196152 2
34.000000 5.196152 33.500000 6.062178 2
17.000000 1.732051 16.500000 2.598076 2
28.000000 20.784610 29.000000 20.784610 2
29.000000 10.392305 28.500000 11.258330 2
15.000000 15.588457 16.000000 15.588457 2
10.500000 11.258330 11.500000 11.258330 2
18.000000 1.732051 19.000000 1.732051 2
33.500000 11.258330 34.000000 12.124356 2
24.000000 19.052559 24.500000 19.918584 2
5.500000 9.526279 37.000000 10.392305 2
13.500000 4.330127 14.000000 5.196152 2
23.000000 6.928203 23.500000 7.794229 2
9.500000 4.330127 9.000000 5.196152 2
21.500000 2.598076 22.500000 2.598076 2
15.000000 17.320508 14.500000 18.186533 2
14.000000 19.052559 13.500000 19.918584 2
15.000000 24.248711 14.500000 25.114737 2
12.000000 20.784610 12.500000 21.650635 2
30.500000 0.866025 30.000000 1.732051 2
14.000000 5.196152 14.500000 6.062178 2
32.000000 13.856406 33.000000 13.856406 2
34.000000 12.124356 35.000000 12.124356 2
22.000000 13.856406 21.500000 14.722432 2
15.000000 3.464102 15.500000 4.330127 2
25.500000 18.186533 26.000000 19.052559 2
29.500000 7.794229 29.000000 8.660254 2
28.000000 8.660254 28.500000 9.526279 2
16.500000 19.918584 17.000000 20.784610 2
22.000000 5.196152 23.000000 5.196152 2
15.500000 16.454483 15.000000 17.320508 2
8.000000 12.124356 9.000000 12.124356 2
22.000000 17.320508 22.500000 18.186533 2
24.500000 16.454483 24.000000 17.320508 2
15.500000 26.846788 0.000000 0.000000 2
22.500000 4.330127 22.000000 5.196152 2
11.500000 2.598076 12.000000 3.464102 2
13.000000 1.732051 12.500000 2.598076 2
12.500000 2.598076 12.000000 3.464102 2
42.500000 23.382686 43.000000 24.248711 2
9.500000 2.598076 10.500000 2.598076 2
28.500000 21.650635 29.500000 21.650635 2
8.500000 0.866025 8.000000 1.732051 2
14.500000 25.114737 15.000000 25.980762 2
32.500000 12.990381 33.000000 13.856406 2
19.000000 10.392305 18.500000 11.258330 2
17.500000 11.258330 17.000000 12.124356 2
29.000000 3.464102 30.000000 3.464102 2
22.000000 15.588457 21.500000 16.454483 2
33.000000 5.196152 33.500000 6.062178 2
34.000000 5.196152 3.000000 5.196152 2
20.000000 8.660254 21.000000 8.660254 2
20.500000 26.846788 5.000000 0.000000 2
28.500000 21.650635 28.000000 22.516660 2
26.500000 7.794229 27.000000 8.660254 2
13.500000 6.062178 13.000000 6.928203 2
27.500000 4.330127 28.000000 5.196152 2
43.500000 26.846788 44.500000 26.846788 2
28.500000 18.186533 29.500000 18.186533 2
21.500000 18.186533 22.000000 19.052559 2
32.500000 25.114737 32.000000 25.980762 2
14.500000 7.794229 15.500000 7.794229 2
35.000000 6.928203 35.500000 7.794229 2
17.000000 19.052559 18.000000 19.052559 2
23.000000 5.196152 23.500000 6.062178 2
6.500000 9.526279 6.000000 10.392305 2
25.500000 0.866025 25.000000 1.732051 2
2.000000 1.732051 2.500000 2.598076 2
16.500000 19.918584 17.500000 19.918584 2
22.500000 14.722432 23.500000 14.722432 2
24.500000 16.454483 25.000000 17.320508 2
25.000000 1.732051 24.500000 2.598076 2
20.500000 12.990381 20.000000 13.856406 2
26.000000 0.000000 25.500000 0.866025 2
12.000000 12.124356 12.500000 12.990381 2
14.000000 22.516660 14.500000 23.382686 2
20.500000 12.990381 21.000000 13.856406 2
31.000000 12.124356 32.000000 12.124356 2
28.000000 17.320508 28.500000 18.186533 2
32.000000 10.392305 32.500000 11.258330 2
22.000000 1.732051 22.500000 2.598076 2
27.500000 11.258330 28.500000 11.258330 2
1.000000 1.732051 32.500000 2.598076 2
44.000000 24.248711 43.500000 25.114737 2
26.500000 19.918584 26.000000 20.784610 2
26.000000 6.928203 27.000000 6.928203 2
18.000000 17.320508 18.500000 18.186533 2
28.500000 19.918584 29.500000 19.918584 2
23.000000 13.856406 22.500000 14.722432 2
13.500000 14.722432 14.000000 15.588457 2
11.500000 6.062178 12.000000 6.928203 2
22.000000 1.732051 21.500000 2.598076 2
14.000000 0.000000 15.000000 0.000000 2
21.500000 0.866025 22.500000 0.866025 2
16.000000 6.928203 17.000000 6.928203 2
26.000000 17.320508 26.500000 18.186533 2
22.500000 0.866025 23.500000 0.866025 2
41.000000 24.248711 40.500000 25.114737 2
22.500000 4.330127 23.500000 4.330127 2
12.000000 20.784610 43.500000 21.650635 2
18.500000 25.114737 19.000000 25.980762 2
8.000000 10.392305 8.500000 11.258330 2
26.000000 13.856406 25.500000 14.722432 2
31.000000 22.516660 30.500000 23.382686 2
32.000000 25.980762 32.500000 26.846788 2
14.500000 21.650635 14.000000 22.516660 2
31.000000 0.000000 30.500000 0.866025 2
14.500000 4.330127 14.000000 5.196152 2
31.500000 6.062178 32.500000 6.062178 2
28.500000 14.722432 29.000000 15.588457 2
9.500000 0.866025 9.000000 1.732051 2
11.000000 12.124356 11.500000 12.990381 2
19.500000 18.186533 19.000000 19.052559 2
44.000000 25.980762 45.000000 25.980762 2
10.000000 8.660254 11.000000 8.660254 2
12.500000 9.526279 13.500000 9.526279 2
36.500000 26.846788 20.000000 0.000000 2
30.000000 19.052559 31.000000 19.052559 2
20.000000 25.980762 19.500000 26.846788 2
31.500000 4.330127 32.500000 4.330127 2
30.000000 10.392305 31.000000 10.392305 2
24.500000 26.846788 25.500000 26.846788 2
11.500000 6.062178 11.000000 6.928203 2
6.500000 0.866025 6.000000 1.732051 2
26.500000 9.526279 27.000000 10.392305 2
15.000000 20.784610 15.500000 21.650635 2
14.000000 19.052559 14.500000 19.918584 2
19.000000 15.588457 20.000000 15.588457 2
13.500000 9.526279 14.500000 9.526279 2
19.000000 12.124356 19.500000 12.990381 2
38.000000 13.856406 38.500000 14.722432 2
29.500000 25.114737 30.500000 25.114737 2
23.000000 6.928203 24.000000 6.928203 2
24.000000 8.660254 24.500000 9.526279 2
14.000000 24.248711 45.500000 25.114737 2
19.000000 24.248711 20.000000 24.248711 2
11.500000 14.722432 12.500000 14.722432 2
25.000000 19.052559 26.000000 19.052559 2
30.000000 8.660254 29.500000 9.526279 2
18.000000 20.784610 19.000000 20.784610 2
22.000000 12.124356 21.500000 12.990381 2
26.000000 15.588457 25.500000 16.454483 2
39.500000 26.846788 40.500000 26.846788 2
33.000000 24.248711 34.000000 24.248711 2
23.000000 5.196152 22.500000 6.062178 2
32.000000 10.392305 31.500000 11.258330 2
9.000000 12.124356 9.500000 12.990381 2
19.500000 26.846788 20.500000 26.846788 2
42.000000 25.980762 41.500000 26.846788 2
17.500000 2.598076 17.000000 3.464102 2
7.000000 1.732051 8.000000 1.732051 2
30.500000 6.062178 31.000000 6.928203 2
30.500000 14.722432 31.000000 15.588457 2
18.000000 10.392305 18.500000 11.258330 2
31.500000 14.722432 31.000000 15.588457 2
32.000000 8.660254 33.000000 8.660254 2
23.000000 15.588457 24.000000 15.588457 2
17.000000 19.052559 17.500000 19.918584 2
28.000000 8.660254 29.000000 8.660254 2
13.000000 13.856406 14.000000 13.856406 2
2.500000 2.598076 3.000000 3.464102 2
10.000000 3.464102 11.000000 3.464102 2
15.500000 0.866025 16.500000 0.866025 2
0.500000 0.866025 1.500000 0.866025 2
23.000000 5.196152 24.000000 5.196152 2
17.000000 24.248711 18.000000 24.248711 2
15.500000 9.526279 16.000000 10.392305 2
21.000000 3.464102 20.500000 4.330127 2
29.500000 19.918584 30.500000 19.918584 2
11.000000 1.732051 10.500000 2.598076 2
24.000000 12.124356 25.000000 12.124356 2
30.500000 11.258330 31.000000 12.124356 2
26.000000 10.392305 25.500000 11.258330 2
31.000000 20.784610 30.500000 21.650635 2
30.000000 0.000000 30.500000 0.866025 2
30.000000 3.464102 29.500000 4.330127 2
14.500000 11.258330 15.500000 11.258330 2
20.000000 12.124356 19.500000 12.990381 2
15.500000 12.990381 15.000000 13.856406 2
22.500000 0.866025 22.000000 1.732051 2
14.000000 5.196152 15.000000 5.196152 2
27.500000 12.990381 27.000000 13.856406 2
35.500000 25.114737 36.000000 25.980762 2
30.500000 19.918584 30.000000 20.784610 2
14.000000 6.928203 15.000000 6.928203 2
25.500000 7.794229 26.500000 7.794229 2
14.000000 15.588457 13.500000 16.454483 2
26.000000 12.124356 27.000000 12.124356 2
21.000000 10.392305 20.500000 11.258330 2
4.500000 7.794229 5.000000 8.660254 2
21.000000 15.588457 21.500000 16.454483 2
32.500000 2.598076 1.500000 2.598076 2
25.000000 8.660254 25.500000 9.526279 2
13.500000 11.258330 14.500000 11.258330 2
30.000000 20.784610 31.000000 20.784610 2
26.500000 12.990381 27.500000 12.990381 2
28.000000 3.464102 29.000000 3.464102 2
11.500000 14.722432 11.000000 15.588457 2
12.000000 8.660254 11.500000 9.526279 2
33.000000 25.980762 34.000000 25.980762 2
16.000000 13.856406 16.500000 14.722432 2
31.500000 26.846788 32.500000 26.846788 2
24.500000 12.990381 25.000000 13.856406 2
22.500000 2.598076 22.000000 3.464102 2
18.000000 6.928203 17.500000 7.794229 2
33.000000 20.784610 32.500000 21.650635 2
32.500000 11.258330 32.000000 12.124356 2
19.000000 17.320508 20.000000 17.320508 2
13.000000 22.516660 14.000000 22.516660 2
12.000000 6.928203 12.500000 7.794229 2
21.500000 4.330127 22.500000 4.330127 2
29.000000 15.588457 29.500000 16.454483 2
27.000000 1.732051 26.500000 2.598076 2
15.500000 4.330127 16.500000 4.330127 2
22.500000 6.062178 23.000000 6.928203 2
13.000000 0.000000 12.500000 0.866025 2
14.000000 22.516660 15.000000 22.516660 2
20.000000 10.392305 19.500000 11.258330 2
28.500000 6.062178 28.000000 6.928203 2
16.500000 21.650635 17.500000 21.650635 2
24.000000 17.320508 23.500000 18.186533 2
15.500000 19.918584 16.500000 19.918584 2
13.000000 10.392305 14.000000 10.392305 2
9.000000 3.464102 8.500000 4.330127 2
37.500000 26.846788 38.500000 26.846788 2
26.000000 19.052559 25.500000 19.918584 2
15.500000 25.114737 15.000000 25.980762 2
31.000000 6.928203 31.500000 7.794229 2
19.500000 16.454483 20.000000 17.320508 2
18.000000 1.732051 18.500000 2.598076 2
2.500000 4.330127 34.000000 5.196152 2
22.000000 5.196152 21.500000 6.062178 2
24.000000 1.732051 24.500000 2.598076 2
31.500000 26.846788 15.000000 0.000000 2
10.000000 10.392305 10.500000 11.258330 2
4.000000 1.732051 4.500000 2.598076 2
35.500000 26.846788 36.500000 26.846788 2
27.500000 19.918584 28.500000 19.918584 2
3.000000 5.196152 34.500000 6.062178 2
35.500000 7.794229 35.000000 8.660254 2
5.000000 3.464102 5.500000 4.330127 2
8.000000 0.000000 7.500000 0.866025 2
17.500000 18.186533 18.000000 19.052559 2
18.000000 24.248711 18.500000 25.114737 2
29.500000 12.990381 29.000000 13.856406 2
40.500000 26.846788 41.500000 26.846788 2
13.000000 5.196152 13.500000 6.062178 2
45.000000 25.980762 44.500000 26.846788 2
20.500000 25.114737 21.000000 25.980762 2
10.500000 9.526279 11.500000 9.526279 2
23.000000 19.052559 24.000000 19.052559 2
28.500000 7.794229 28.000000 8.660254 2
16.000000 6.928203 15.500000 7.794229 2
17.000000 25.980762 17.500000 26.846788 2
16.500000 26.846788 1.000000 0.000000 2
22.500000 11.258330 23.000000 12.124356 2
22.500000 18.186533 23.500000 18.186533 2
23.500000 0.866025 24.000000 1.732051 2
20.500000 9.526279 21.000000 10.392305 2
11.500000 12.990381 12.000000 13.856406 2
15.500000 16.454483 16.000000 17.320508 2
31.500000 12.990381 31.000000 13.856406 2
30.500000 2.598076 31.000000 3.464102 2
39.000000 13.856406 39.500000 14.722432 2
2.500000 2.598076 3.500000 2.598076 2
44.500000 23.382686 44.000000 24.248711 2
24.500000 11.258330 25.000000 12.124356 2
19.000000 17.320508 18.500000 18.186533 2
24.000000 13.856406 23.500000 14.722432 2
22.000000 12.124356 23.000000 12.124356 2
26.500000 12.990381 26.000000 13.856406 2
23.500000 9.526279 24.500000 9.526279 2
12.500000 19.918584 13.500000 19.918584 2
11.500000 9.526279 11.000000 10.392305 2
24.000000 3.464102 24.500000 4.330127 2
12.000000 3.464102 12.500000 4.330127 2
29.500000 0.866025 30.500000 0.866025 2
36.000000 25.980762 35.500000 26.846788 2
18.000000 8.660254 17.500000 9.526279 2
29.500000 21.650635 30.500000 21.650635 2
33.500000 11.258330 33.000000 12.124356 2
30.500000 16.454483 31.000000 17.320508 2
17.000000 15.588457 18.000000 15.588457 2
31.000000 15.588457 31.500000 16.454483 2
33.000000 24.248711 33.500000 25.114737 2
30.500000 6.062178 30.000000 6.928203 2
28.000000 19.052559 27.500000 19.918584 2
24.500000 14.722432 24.000000 15.588457 2
38.500000 26.846788 39.500000 26.846788 2
15.000000 5.196152 16.000000 5.196152 2
19.000000 15.588457 19.500000 16.454483 2
13.500000 21.650635 13.000000 22.516660 2
28.500000 2.598076 29.000000 3.464102 2
25.500000 0.866025 26.000000 1.732051 2
16.000000 25.980762 17.000000 25.980762 2
14.000000 6.928203 13.500000 7.794229 2
29.000000 25.980762 30.000000 25.980762 2
29.000000 20.784610 30.000000 20.784610 2
16.500000 23.382686 17.500000 23.382686 2
18.500000 12.990381 19.000000 13.856406 2
23.000000 10.392305 23.500000 11.258330 2
9.000000 10.392305 10.000000 10.392305 2
28.500000 0.866025 28.000000 1.732051 2
18.000000 25.980762 17.500000 26.846788 2
29.500000 25.114737 30.000000 25.980762 2
17.000000 20.784610 17.500000 21.650635 2
18.000000 24.248711 19.000000 24.248711 2
24.000000 12.124356 23.500000 12.990381 2
20.500000 7.794229 21.500000 7.794229 2
9.500000 6.062178 10.500000 6.062178 2
20.000000 3.464102 21.000000 3.464102 2
28.000000 10.392305 29.000000 10.392305 2
18.500000 26.846788 3.000000 0.000000 2
10.500000 0.866025 11.500000 0.866025 2
33.000000 10.392305 33.500000 11.258330 2
16.000000 3.464102 17.000000 3.464102 2
4.000000 0.000000 4.500000 0.866025 2
15.500000 14.722432 16.500000 14.722432 2
31.000000 17.320508 31.500000 18.186533 2
18.500000 9.526279 19.000000 10.392305 2
27.500000 9.526279 28.500000 9.526279 2
17.500000 26.846788 1.000000 0.000000 2
26.500000 26.846788 27.500000 26.846788 2
13.500000 12.990381 14.000000 13.856406 2
11.500000 2.598076 12.500000 2.598076 2
21.500000 2.598076 22.000000 3.464102 2
15.000000 20.784610 16.000000 20.784610 2
14.500000 18.186533 15.000000 19.052559 2
40.500000 25.114737 41.500000 25.114737 2
15.500000 11.258330 16.000000 12.124356 2
9.500000 11.258330 10.000000 12.124356 2
20.000000 8.660254 19.500000 9.526279 2
35.000000 25.980762 35.500000 26.846788 2
22.000000 6.928203 21.500000 7.794229 2
8.500000 12.990381 8.000000 13.856406 2
12.500000 9.526279 12.000000 10.392305 2
13.000000 0.000000 14.000000 0.000000 2
9.500000 2.598076 10.000000 3.464102 2
38.500000 26.846788 22.000000 0.000000 2
25.000000 15.588457 24.500000 16.454483 2
30.000000 8.660254 30.500000 9.526279 2
28.500000 2.598076 28.000000 3.464102 2
22.500000 2.598076 23.000000 3.464102 2
18.500000 11.258330 18.000000 12.124356 2
4.500000 2.598076 4.000000 3.464102 2
19.500000 7.794229 20.000000 8.660254 2
26.500000 11.258330 27.500000 11.258330 2
16.500000 16.454483 17.500000 16.454483 2
18.500000 0.866025 18.000000 1.732051 2
34.000000 22.516660 34.500000 23.382686 2
21.500000 14.722432 21.000000 15.588457 2
32.500000 14.722432 33.500000 14.722432 2
34.500000 26.846788 19.000000 0.000000 2
12.500000 7.794229 13.500000 7.794229 2
16.000000 20.784610 17.000000 20.784610 2
26.000000 8.660254 25.500000 9.526279 2
39.500000 14.722432 39.000000 15.588457 2
42.500000 25.114737 43.000000 25.980762 2
16.500000 12.990381 17.500000 12.990381 2
35.500000 26.846788 20.000000 0.000000 2
14.000000 10.392305 14.500000 11.258330 2
1.000000 1.732051 2.000000 1.732051 2
30.500000 18.186533 30.000000 19.052559 2
16.000000 24.248711 15.500000 25.114737 2
41.000000 25.980762 41.500000 26.846788 2
16.500000 21.650635 17.000000 22.516660 2
32.500000 16.454483 33.500000 16.454483 2
6.500000 9.526279 7.500000 9.526279 2
17.000000 22.516660 16.500000 23.382686 2
31.000000 19.052559 30.500000 19.918584 2
14.500000 4.330127 15.500000 4.330127 2
1.000000 1.732051 1.500000 2.598076 2
4.500000 2.598076 5.000000 3.464102 2
30.500000 2.598076 31.500000 2.598076 2
8.500000 4.330127 9.000000 5.196152 2
14.000000 5.196152 13.500000 6.062178 2
28.000000 3.464102 28.500000 4.330127 2
12.500000 11.258330 12.000000 12.124356 2
25.000000 6.928203 26.000000 6.928203 2
9.000000 3.464102 9.500000 4.330127 2
15.500000 23.382686 16.000000 24.248711 2
20.000000 15.588457 21.000000 15.588457 2
28.500000 19.918584 29.000000 20.784610 2
16.000000 22.516660 15.500000 23.382686 2
21.000000 5.196152 21.500000 6.062178 2
43.500000 25.114737 44.000000 25.980762 2
29.000000 12.124356 29.500000 12.990381 2
4.500000 4.330127 4.000000 5.196152 2
18.500000 25.114737 19.500000 25.114737 2
21.500000 2.598076 21.000000 3.464102 2
44.500000 23.382686 45.000000 24.248711 2
2.500000 0.866025 3.000000 1.732051 2
15.000000 6.928203 14.500000 7.794229 2
18.000000 0.000000 19.000000 0.000000 2
20.000000 24.248711 19.500000 25.114737 2
15.000000 25.980762 16.000000 25.980762 2
13.500000 23.382686 14.000000 24.248711 2
20.000000 6.928203 19.500000 7.794229 2
30.500000 14.722432 31.500000 14.722432 2
44.500000 25.114737 45.000000 25.980762 2
32.500000 14.722432 33.000000 15.588457 2
28.500000 25.114737 29.500000 25.114737 2
32.000000 17.320508 31.500000 18.186533 2
11.000000 5.196152 10.500000 6.062178 2
14.000000 6.928203 14.500000 7.794229 2
20.500000 2.598076 21.000000 3.464102 2
25.500000 26.846788 10.000000 0.000000 2
25.500000 9.526279 25.000000 10.392305 2
29.000000 19.052559 28.500000 19.918584 2
25.500000 16.454483 25.000000 17.320508 2
33.500000 23.382686 34.000000 24.248711 2
25.500000 26.846788 26.500000 26.846788 2
31.000000 17.320508 30.500000 18.186533 2
29.500000 2.598076 30.500000 2.598076 2
32.500000 19.918584 32.000000 20.784610 2
24.500000 6.062178 25.000000 6.928203 2
26.500000 18.186533 27.500000 18.186533 2
23.500000 18.186533 24.500000 18.186533 2
5.500000 0.866025 6.500000 0.866025 2
26.000000 1.732051 27.000000 1.732051 2
25.000000 8.660254 24.500000 9.526279 2
6.000000 0.000000 5.500000 0.866025 2
25.000000 15.588457 25.500000 16.454483 2
16.500000 14.722432 16.000000 15.588457 2
28.500000 16.454483 29.500000 16.454483 2
11.000000 3.464102 10.500000 4.330127 2
32.000000 15.588457 32.500000 16.454483 2
8.500000 9.526279 9.500000 9.526279 2
27.000000 10.392305 28.000000 10.392305 2
28.500000 23.382686 29.000000 24.248711 2
35.000000 25.980762 34.500000 26.846788 2
46.000000 25.980762 45.500000 26.846788 2
40.500000 26.846788 25.000000 0.000000 2
6.000000 0.000000 7.000000 0.000000 2
15.000000 24.248711 16.000000 24.248711 2
12.000000 6.928203 13.000000 6.928203 2
23.000000 17.320508 22.500000 18.186533 2
46.500000 26.846788 30.000000 0.000000 2
25.000000 12.124356 24.500000 12.990381 2
12.000000 13.856406 11.500000 14.722432 2
32.000000 19.052559 32.500000 19.918584 2
15.500000 26.846788 16.500000 26.846788 2
25.500000 4.330127 26.000000 5.196152 2
8.000000 12.124356 7.500000 12.990381 2
8.000000 10.392305 7.500000 11.258330 2
14.000000 8.660254 15.000000 8.660254 2
15.000000 6.928203 16.000000 6.928203 2
24.000000 10.392305 25.000000 10.392305 2
15.000000 22.516660 15.500000 23.382686 2
14.500000 18.186533 15.500000 18.186533 2
8.500000 11.258330 8.000000 12.124356 2
28.500000 9.526279 28.000000 10.392305 2
12.000000 10.392305 11.500000 11.258330 2
19.500000 26.846788 4.000000 0.000000 2
40.000000 24.248711 41.000000 24.248711 2
31.000000 19.052559 31.500000 19.918584 2
4.000000 3.464102 4.500000 4.330127 2
29.000000 12.124356 30.000000 12.124356 2
28.000000 20.784610 28.500000 21.650635 2
32.500000 9.526279 33.500000 9.526279 2
26.500000 7.794229 26.000000 8.660254 2
20.500000 6.062178 20.000000 6.928203 2
19.500000 26.846788 3.000000 0.000000 2
8.000000 1.732051 8.500000 2.598076 2
28.000000 0.000000 29.000000 0.000000 2
29.000000 1.732051 29.500000 2.598076 2
22.500000 26.846788 7.000000 0.000000 2
9.000000 12.124356 8.500000 12.990381 2
32.500000 11.258330 33.500000 11.258330 2
16.500000 2.598076 16.000000 3.464102 2
7.000000 10.392305 8.000000 10.392305 2
27.500000 0.866025 27.000000 1.732051 2
36.000000 22.516660 36.500000 23.382686 2
5.000000 8.660254 36.500000 9.526279 2
34.500000 9.526279 35.000000 10.392305 2
34.000000 8.660254 33.500000 9.526279 2
28.000000 5.196152 27.500000 6.062178 2
17.500000 0.866025 18.000000 1.732051 2
17.500000 19.918584 18.000000 20.784610 2
19.500000 25.114737 19.000000 25.980762 2
17.500000 6.062178 17.000000 6.928203 2
32.000000 17.320508 33.000000 17.320508 2
29.000000 13.856406 30.000000 13.856406 2
3.500000 4.330127 4.500000 4.330127 2
34.000000 10.392305 34.500000 11.258330 2
28.000000 13.856406 28.500000 14.722432 2
30.500000 18.186533 31.500000 18.186533 2
29.500000 16.454483 30.500000 16.454483 2
35.000000 12.124356 34.500000 12.990381 2
22.500000 18.186533 23.000000 19.052559 2
26.000000 3.464102 27.000000 3.464102 2
21.000000 6.928203 21.500000 7.794229 2
14.000000 13.856406 13.500000 14.722432 2
28.000000 6.928203 29.000000 6.928203 2
20.000000 15.588457 19.500000 16.454483 2
20.500000 2.598076 20.000000 3.464102 2
15.500000 0.866025 16.000000 1.732051 2
28.000000 8.660254 27.500000 9.526279 2
30.000000 17.320508 31.000000 17.320508 2
24.500000 0.866025 24.000000 1.732051 2
27.500000 12.990381 28.500000 12.990381 2
34.000000 8.660254 34.500000 9.526279 2
7.500000 12.990381 8.500000 12.990381 2
10.000000 5.196152 11.000000 5.196152 2
17.500000 18.186533 18.500000 18.186533 2
8.500000 2.598076 9.000000 3.464102 2
33.000000 3.464102 2.000000 3.464102 2
19.000000 24.248711 19.500000 25.114737 2
14.000000 0.000000 13.500000 0.866025 2
23.000000 1.732051 23.500000 2.598076 2
31.500000 0.866025 32.000000 1.732051 2
38.000000 12.124356 38.500000 12.990381 2
14.500000 9.526279 14.000000 10.392305 2
23.500000 16.454483 24.500000 16.454483 2
32.000000 17.320508 32.500000 18.186533 2
20.500000 4.330127 21.500000 4.330127 2
17.000000 25.980762 18.000000 25.980762 2
16.000000 1.732051 16.500000 2.598076 2
14.500000 19.918584 14.000000 20.784610 2
10.000000 0.000000 9.500000 0.866025 2
23.500000 7.794229 24.500000 7.794229 2
30.500000 25.114737 30.000000 25.980762 2
41.500000 25.114737 41.000000 25.980762 2
12.000000 5.196152 13.000000 5.196152 2
7.000000 12.124356 7.500000 12.990381 2
23.000000 15.588457 22.500000 16.454483 2
23.000000 25.980762 22.500000 26.846788 2
25.000000 19.052559 24.500000 19.918584 2
33.500000 16.454483 33.000000 17.320508 2
15.500000 2.598076 15.000000 3.464102 2
13.500000 16.454483 14.500000 16.454483 2
22.500000 14.722432 22.000000 15.588457 2
27.500000 0.866025 28.000000 1.732051 2
41.500000 26.846788 25.000000 0.000000 2
15.000000 12.124356 15.500000 12.990381 2
4.500000 0.866025 5.500000 0.866025 2
32.000000 10.392305 33.000000 10.392305 2
24.500000 19.918584 25.500000 19.918584 2
19.500000 2.598076 20.500000 2.598076 2
24.000000 15.588457 25.000000 15.588457 2
32.500000 21.650635 32.000000 22.516660 2
25.500000 4.330127 25.000000 5.196152 2
14.000000 12.124356 15.000000 12.124356 2
43.000000 24.248711 42.500000 25.114737 2
17.500000 2.598076 18.500000 2.598076 2
28.500000 18.186533 29.000000 19.052559 2
33.500000 11.258330 34.500000 11.258330 2
19.000000 25.980762 18.500000 26.846788 2
25.500000 26.846788 9.000000 0.000000 2
12.000000 8.660254 13.000000 8.660254 2
28.500000 12.990381 29.000000 13.856406 2
9.000000 15.588457 10.000000 15.588457 2
30.000000 15.588457 29.500000 16.454483 2
29.500000 7.794229 30.500000 7.794229 2
24.000000 5.196152 25.000000 5.196152 2
29.000000 24.248711 29.500000 25.114737 2
16.500000 4.330127 16.000000 5.196152 2
29.000000 5.196152 29.500000 6.062178 2
8.000000 0.000000 8.500000 0.866025 2
16.000000 13.856406 17.000000 13.856406 2
28.000000 19.052559 29.000000 19.052559 2
24.500000 11.258330 24.000000 12.124356 2
29.000000 8.660254 29.500000 9.526279 2
34.000000 25.980762 35.000000 25.980762 2
11.500000 12.990381 11.000000 13.856406 2
9.000000 5.196152 10.000000 5.196152 2
16.000000 15.588457 16.500000 16.454483 2
18.500000 0.866025 19.000000 1.732051 2
30.500000 23.382686 31.000000 24.248711 2
24.000000 3.464102 23.500000 4.330127 2
42.500000 23.382686 43.500000 23.382686 2
19.500000 23.382686 20.000000 24.248711 2
15.500000 19.918584 16.000000 20.784610 2
9.500000 0.866025 10.000000 1.732051 2
26.000000 19.052559 26.500000 19.918584 2
11.000000 12.124356 12.000000 12.124356 2
32.500000 19.918584 33.000000 20.784610 2
33.500000 6.062178 34.000000 6.928203 2
21.000000 10.392305 21.500000 11.258330 2
30.500000 11.258330 31.500000 11.258330 2
6.000000 0.000000 6.500000 0.866025 2
18.500000 23.382686 19.500000 23.382686 2
25.000000 12.124356 26.000000 12.124356 2
33.000000 24.248711 32.500000 25.114737 2
33.500000 6.062178 34.500000 6.062178 2
16.000000 24.248711 16.500000 25.114737 2
36.500000 26.846788 37.500000 26.846788 2
13.000000 10.392305 13.500000 11.258330 2
35.500000 25.114737 35.000000 25.980762 2
20.500000 25.114737 21.500000 25.114737 2
21.000000 6.928203 22.000000 6.928203 2
40.000000 15.588457 9.000000 15.588457 2
24.500000 7.794229 24.000000 8.660254 2
19.500000 16.454483 19.000000 17.320508 2
29.500000 2.598076 30.000000 3.464102 2
31.500000 7.794229 32.500000 7.794229 2
17.000000 25.980762 16.500000 26.846788 2
31.500000 25.114737 31.000000 25.980762 2
39.500000 26.846788 24.000000 0.000000 2
14.500000 21.650635 15.500000 21.650635 2
22.000000 25.980762 23.000000 25.980762 2
21.500000 12.990381 22.500000 12.990381 2
13.500000 9.526279 13.000000 10.392305 2
7.000000 10.392305 7.500000 11.258330 2
16.000000 10.392305 17.000000 10.392305 2
10.500000 14.722432 10.000000 15.588457 2
32.500000 4.330127 32.000000 5.196152 2
29.500000 14.722432 30.500000 14.722432 2
6.500000 11.258330 7.000000 12.124356 2
38.500000 12.990381 38.000000 13.856406 2
32.500000 6.062178 32.000000 6.928203 2
23.500000 0.866025 24.500000 0.866025 2
10.500000 14.722432 11.500000 14.722432 2
40.000000 24.248711 40.500000 25.114737 2
6.500000 2.598076 6.000000 3.464102 2
43.000000 25.980762 44.000000 25.980762 2
27.000000 15.588457 27.500000 16.454483 2
27.000000 3.464102 28.000000 3.464102 2
10.500000 4.330127 11.000000 5.196152 2
31.000000 6.928203 30.500000 7.794229 2
17.000000 10.392305 16.500000 11.258330 2
25.500000 14.722432 25.000000 15.588457 2
11.500000 6.062178 12.500000 6.062178 2
13.500000 12.990381 14.500000 12.990381 2
31.000000 24.248711 32.000000 24.248711 2
30.000000 24.248711 30.500000 25.114737 2
10.000000 1.732051 11.000000 1.732051 2
32.500000 11.258330 33.000000 12.124356 2
15.000000 17.320508 16.000000 17.320508 2
31.500000 4.330127 31.000000 5.196152 2
32.000000 3.464102 32.500000 4.330127 2
18.000000 22.516660 19.000000 22.516660 2
7.000000 12.124356 38.500000 12.990381 2
31.500000 11.258330 32.500000 11.258330 2
12.500000 21.650635 44.000000 22.516660 2
4.000000 6.928203 4.500000 7.794229 2
22.500000 16.454483 23.000000 17.320508 2
32.000000 12.124356 33.000000 12.124356 2
16.500000 0.866025 16.000000 1.732051 2
12.000000 12.124356 11.500000 12.990381 2
22.000000 0.000000 23.000000 0.000000 2
15.500000 6.062178 16.500000 6.062178 2
14.500000 4.330127 15.000000 5.196152 2
17.500000 23.382686 18.000000 24.248711 2
32.000000 12.124356 31.500000 12.990381 2
26.000000 10.392305 26.500000 11.258330 2
12.500000 9.526279 13.000000 10.392305 2
14.000000 3.464102 13.500000 4.330127 2
13.500000 21.650635 14.000000 22.516660 2
16.000000 3.464102 15.500000 4.330127 2
21.500000 7.794229 22.500000 7.794229 2
31.000000 20.784610 32.000000 20.784610 2
10.000000 13.856406 11.000000 13.856406 2
23.500000 7.794229 24.000000 8.660254 2
26.500000 6.062178 27.500000 6.062178 2
16.000000 19.052559 17.000000 19.052559 2
32.500000 16.454483 32.000000 17.320508 2
30.500000 4.330127 30.000000 5.196152 2
16.000000 10.392305 16.500000 11.258330 2
16.000000 12.124356 17.000000 12.124356 2
13.000000 8.660254 12.500000 9.526279 2
23.500000 26.846788 24.500000 26.846788 2
12.500000 19.918584 12.000000 20.784610 2
23.500000 2.598076 23.000000 3.464102 2
20.000000 6.928203 21.000000 6.928203 2
32.000000 13.856406 32.500000 14.722432 2
25.000000 0.000000 24.500000 0.866025 2
18.500000 11.258330 19.500000 11.258330 2
27.000000 12.124356 28.000000 12.124356 2
24.500000 26.846788 8.000000 0.000000 2
27.000000 1.732051 28.000000 1.732051 2
22.500000 7.794229 22.000000 8.660254 2
17.000000 1.732051 18.000000 1.732051 2
34.500000 25.114737 34.000000 25.980762 2
29.000000 1.732051 30.000000 1.732051 2
37.500000 26.846788 22.000000 0.000000 2
27.000000 12.124356 26.500000 12.990381 2
23.500000 6.062178 24.500000 6.062178 2
8.500000 11.258330 9.000000 12.124356 2
30.000000 17.320508 29.500000 18.186533 2
30.000000 12.124356 31.000000 12.124356 2
1.500000 2.598076 2.500000 2.598076 2
5.000000 0.000000 6.000000 0.000000 2
12.500000 0.866025 13.000000 1.732051 2
28.000000 25.980762 27.500000 26.846788 2
16.000000 0.000000 16.500000 0.866025 2
26.000000 3.464102 25.500000 4.330127 2
22.500000 7.794229 23.000000 8.660254 2
2.000000 0.000000 2.500000 0.866025 2
43.000000 25.980762 42.500000 26.846788 2
35.000000 25.980762 36.000000 25.980762 2
5.000000 8.660254 5.500000 9.526279 2
1.000000 0.000000 0.500000 0.866025 2
24.000000 6.928203 23.500000 7.794229 2
18.000000 20.784610 18.500000 21.650635 2
31.000000 24.248711 31.500000 25.114737 2
6.000000 1.732051 7.000000 1.732051 2
29.500000 11.258330 30.500000 11.258330 2
24.000000 10.392305 24.500000 11.258330 2
28.000000 10.392305 28.500000 11.258330 2
20.000000 6.928203 20.500000 7.794229 2
19.500000 23.382686 19.000000 24.248711 2
23.500000 26.846788 8.000000 0.000000 2
19.000000 25.980762 20.000000 25.980762 2
14.000000 3.464102 15.000000 3.464102 2
26.500000 0.866025 27.000000 1.732051 2
23.000000 10.392305 22.500000 11.258330 2
9.500000 14.722432 10.500000 14.722432 2
11.500000 4.330127 12.500000 4.330127 2
16.500000 7.794229 17.000000 8.660254 2
15.000000 22.516660 14.500000 23.382686 2
31.500000 2.598076 32.500000 2.598076 2
33.000000 25.980762 33.500000 26.846788 2
25.500000 7.794229 25.000000 8.660254 2
12.000000 0.000000 13.000000 0.000000 2
44.500000 25.114737 45.500000 25.114737 2
18.500000 9.526279 19.500000 9.526279 2
43.500000 25.114737 44.500000 25.114737 2
10.000000 12.124356 9.500000 12.990381 2
19.000000 1.732051 19.500000 2.598076 2
21.000000 15.588457 20.500000 16.454483 2
33.000000 6.928203 33.500000 7.794229 2
28.000000 17.320508 27.500000 18.186533 2
9.500000 11.258330 10.500000 11.258330 2
36.000000 8.660254 5.000000 8.660254 2
9.500000 14.722432 9.000000 15.588457 2
20.500000 0.866025 20.000000 1.732051 2
18.000000 13.856406 18.500000 14.722432 2
30.500000 25.114737 31.000000 25.980762 2
28.500000 26.846788 13.000000 0.000000 2
21.500000 11.258330 21.000000 12.124356 2
16.500000 2.598076 17.500000 2.598076 2
17.500000 12.990381 17.000000 13.856406 2
19.000000 22.516660 19.500000 23.382686 2
26.000000 13.856406 26.500000 14.722432 2
9.000000 0.000000 8.500000 0.866025 2
21.000000 8.660254 20.500000 9.526279 2
22.500000 4.330127 23.000000 5.196152 2
39.500000 14.722432 8.500000 14.722432 2
9.000000 13.856406 8.500000 14.722432 2
44.000000 22.516660 44.500000 23.382686 2
16.000000 6.928203 16.500000 7.794229 2
25.500000 19.918584 26.000000 20.784610 2
30.000000 22.516660 29.500000 23.382686 2
19.500000 0.866025 19.000000 1.732051 2
12.000000 10.392305 13.000000 10.392305 2
30.000000 19.052559 30.500000 19.918584 2
13.000000 13.856406 12.500000 14.722432 2
14.500000 11.258330 14.000000 12.124356 2
24.500000 9.526279 24.000000 10.392305 2
14.500000 9.526279 15.000000 10.392305 2
18.000000 17.320508 19.000000 17.320508 2
19.000000 20.784610 18.500000 21.650635 2
18.000000 3.464102 19.000000 3.464102 2
18.500000 12.990381 19.500000 12.990381 2
28.000000 19.052559 28.500000 19.918584 2
14.000000 10.392305 13.500000 11.258330 2
23.500000 16.454483 23.000000 17.320508 2
32.000000 25.980762 31.500000 26.846788 2
25.500000 6.062178 26.500000 6.062178 2
17.500000 14.722432 17.000000 15.588457 2
44.000000 22.516660 43.500000 23.382686 2
19.000000 10.392305 20.000000 10.392305 2
30.000000 24.248711 29.500000 25.114737 2
11.000000 10.392305 10.500000 11.258330 2
28.500000 26.846788 29.500000 26.846788 2
36.500000 9.526279 37.000000 10.392305 2
12.000000 5.196152 12.500000 6.062178 2
4.000000 1.732051 5.000000 1.732051 2
28.500000 21.650635 29.000000 22.516660 2
25.000000 13.856406 25.500000 14.722432 2
9.000000 1.732051 8.500000 2.598076 2
28.000000 25.980762 29.000000 25.980762 2
38.500000 26.846788 23.000000 0.000000 2
26.000000 19.052559 27.000000 19.052559 2
2.500000 4.330127 3.000000 5.196152 2
20.500000 16.454483 21.500000 16.454483 2
30.000000 25.980762 29.500000 26.846788 2
26.500000 16.454483 26.000000 17.320508 2
16.500000 25.114737 17.500000 25.114737 2
26.500000 2.598076 27.500000 2.598076 2
26.000000 15.588457 26.500000 16.454483 2
8.000000 0.000000 9.000000 0.000000 2
22.500000 2.598076 23.500000 2.598076 2
30.000000 8.660254 31.000000 8.660254 2
41.500000 25.114737 42.500000 25.114737 2
29.000000 19.052559 30.000000 19.052559 2
24.500000 11.258330 25.500000 11.258330 2
45.000000 25.980762 46.000000 25.980762 2
26.000000 15.588457 27.000000 15.588457 2
14.000000 22.516660 13.500000 23.382686 2
43.000000 22.516660 43.500000 23.382686 2
29.000000 5.196152 30.000000 5.196152 2
44.000000 24.248711 44.500000 25.114737 2
13.500000 14.722432 14.500000 14.722432 2
29.500000 0.866025 30.000000 1.732051 2
24.000000 3.464102 25.000000 3.464102 2
21.000000 3.464102 21.500000 4.330127 2
19.500000 4.330127 20.000000 5.196152 2
18.000000 15.588457 18.500000 16.454483 2
31.500000 21.650635 31.000000 22.516660 2
33.000000 5.196152 34.000000 5.196152 2
36.000000 25.980762 36.500000 26.846788 2
35.000000 10.392305 34.500000 11.258330 2
32.500000 21.650635 33.000000 22.516660 2
14.500000 25.114737 15.500000 25.114737 2
25.000000 15.588457 26.000000 15.588457 2
2.000000 3.464102 33.500000 4.330127 2
13.500000 4.330127 14.500000 4.330127 2
15.000000 15.588457 14.500000 16.454483 2
35.000000 24.248711 34.500000 25.114737 2
10.000000 3.464102 10.500000 4.330127 2
18.500000 14.722432 19.000000 15.588457 2
17.500000 9.526279 17.000000 10.392305 2
30.500000 19.918584 31.000000 20.784610 2
34.500000 7.794229 35.000000 8.660254 2
33.500000 14.722432 33.000000 15.588457 2
29.000000 19.052559 29.500000 19.918584 2
5.500000 2.598076 5.000000 3.464102 2
24.500000 18.186533 24.000000 19.052559 2
23.500000 7.794229 23.000000 8.660254 2
3.500000 4.330127 4.000000 5.196152 2
27.500000 14.722432 28.500000 14.722432 2
44.500000 26.846788 45.500000 26.846788 2
11.000000 3.464102 11.500000 4.330127 2
17.000000 0.000000 16.500000 0.866025 2
21.500000 18.186533 22.500000 18.186533 2
31.500000 18.186533 31.000000 19.052559 2
3.000000 1.732051 4.000000 1.732051 2
4.000000 6.928203 35.500000 7.794229 2
24.000000 0.000000 24.500000 0.866025 2
9.000000 3.464102 10.000000 3.464102 2
17.500000 11.258330 18.000000 12.124356 2
3.500000 6.062178 35.000000 6.928203 2
18.500000 16.454483 19.000000 17.320508 2
3.000000 0.000000 3.500000 0.866025 2
15.000000 20.784610 14.500000 21.650635 2
14.500000 14.722432 15.500000 14.722432 2
16.500000 12.990381 16.000000 13.856406 2
6.000000 3.464102 5.500000 4.330127 2
14.500000 18.186533 14.000000 19.052559 2
20.000000 5.196152 20.500000 6.062178 2
21.500000 16.454483 22.000000 17.320508 2
30.500000 11.258330 30.000000 12.124356 2
13.000000 0.000000 13.500000 0.866025 2
0.000000 0.000000 1.000000 0.000000 2
5.000000 0.000000 4.500000 0.866025 2
20.500000 2.598076 21.500000 2.598076 2
21.000000 8.660254 21.500000 9.526279 2
32.500000 23.382686 33.000000 24.248711 2
19.000000 0.000000 20.000000 0.000000 2
30.500000 12.990381 30.000000 13.856406 2
8.500000 9.526279 8.000000 10.392305 2
11.000000 10.392305 12.000000 10.392305 2
12.500000 2.598076 13.000000 3.464102 2
31.000000 25.980762 32.000000 25.980762 2
25.500000 11.258330 26.500000 11.258330 2
27.000000 5.196152 28.000000 5.196152 2
42.500000 26.846788 27.000000 0.000000 2
16.500000 9.526279 17.000000 10.392305 2
24.500000 2.598076 25.500000 2.598076 2
26.000000 12.124356 25.500000 12.990381 2
32.000000 24.248711 32.500000 25.114737 2
16.000000 24.248711 17.000000 24.248711 2
3.000000 3.464102 4.000000 3.464102 2
7.500000 0.866025 8.000000 1.732051 2
25.500000 6.062178 26.000000 6.928203 2
16.000000 17.320508 16.500000 18.186533 2
10.500000 11.258330 10.000000 12.124356 2
25.000000 3.464102 26.000000 3.464102 2
36.000000 24.248711 36.500000 25.114737 2
9.500000 12.990381 10.500000 12.990381 2
29.000000 20.784610 29.500000 21.650635 2
0.000000 0.000000 0.500000 0.866025 2
1.000000 0.000000 1.500000 0.866025 2
19.500000 12.990381 20.000000 13.856406 2
41.000000 24.248711 41.500000 25.114737 2
23.000000 17.320508 23.500000 18.186533 2
17.000000 0.000000 17.500000 0.866025 2
39.500000 14.722432 40.000000 15.588457 2
15.500000 14.722432 15.000000 15.588457 2
45.500000 25.114737 46.000000 25.980762 2
26.000000 8.660254 26.500000 9.526279 2
5.000000 3.464102 6.000000 3.464102 2
32.500000 4.330127 33.500000 4.330127 2
17.500000 0.866025 18.500000 0.866025 2
30.500000 14.722432 30.000000 15.588457 2
11.500000 11.258330 12.000000 12.124356 2
18.000000 10.392305 19.000000 10.392305 2
14.500000 16.454483 15.500000 16.454483 2
14.500000 16.454483 15.000000 17.320508 2
29.500000 14.722432 30.000000 15.588457 2
29.500000 6.062178 30.500000 6.062178 2
34.500000 26.846788 35.500000 26.846788 2
27.500000 16.454483 27.000000 17.320508 2
38.000000 13.856406 39.000000 13.856406 2
17.000000 19.052559 16.500000 19.918584 2
10.500000 12.990381 11.000000 13.856406 2
6.500000 11.258330 38.000000 12.124356 2
3.500000 6.062178 4.000000 6.928203 2
22.000000 8.660254 23.000000 8.660254 2
33.000000 5.196152 32.500000 6.062178 2
26.000000 17.320508 27.000000 17.320508 2
11.000000 13.856406 11.500000 14.722432 2
20.500000 12.990381 21.500000 12.990381 2
16.500000 0.866025 17.000000 1.732051 2
12.500000 11.258330 13.500000 11.258330 2
17.000000 10.392305 17.500000 11.258330 2
14.000000 15.588457 14.500000 16.454483 2
23.500000 14.722432 23.000000 15.588457 2
3.500000 4.330127 3.000000 5.196152 2
29.500000 6.062178 29.000000 6.928203 2
24.500000 26.846788 9.000000 0.000000 2
32.000000 6.928203 31.500000 7.794229 2
27.500000 11.258330 28.000000 12.124356 2
32.000000 20.784610 32.500000 21.650635 2
5.500000 9.526279 6.500000 9.526279 2
15.000000 0.000000 15.500000 0.866025 2
25.000000 13.856406 26.000000 13.856406 2
21.000000 1.732051 20.500000 2.598076 2
24.000000 1.732051 23.500000 2.598076 2
22.000000 6.928203 23.000000 6.928203 2
9.500000 11.258330 9.000000 12.124356 2
27.500000 6.062178 28.500000 6.062178 2
14.500000 9.526279 15.500000 9.526279 2
35.000000 24.248711 36.000000 24.248711 2
10.000000 5.196152 9.500000 6.062178 2
14.000000 10.392305 15.000000 10.392305 2
44.000000 22.516660 13.000000 22.516660 2
17.000000 8.660254 17.500000 9.526279 2
11.000000 8.660254 11.500000 9.526279 2
26.500000 11.258330 26.000000 12.124356 2
3.000000 1.732051 2.500000 2.598076 2
17.000000 17.320508 16.500000 18.186533 2
17.000000 13.856406 17.500000 14.722432 2
18.000000 19.052559 18.500000 19.918584 2
44.500000 25.114737 44.000000 25.980762 2
22.000000 10.392305 23.000000 10.392305 2
14.000000 15.588457 15.000000 15.588457 2
26.000000 17.320508 25.500000 18.186533 2
26.000000 0.000000 27.000000 0.000000 2
20.500000 7.794229 21.000000 8.660254 2
18.000000 12.124356 19.000000 12.124356 2
15.000000 10.392305 15.500000 11.258330 2
34.500000 11.258330 35.000000 12.124356 2
20.000000 13.856406 20.500000 14.722432 2
30.500000 9.526279 30.000000 10.392305 2
25.500000 7.794229 26.000000 8.660254 2
22.500000 9.526279 23.500000 9.526279 2
26.000000 1.732051 25.500000 2.598076 2
34.000000 10.392305 35.000000 10.392305 2
30.000000 25.980762 31.000000 25.980762 2
20.000000 13.856406 21.000000 13.856406 2
22.500000 9.526279 22.000000 10.392305 2
34.500000 23.382686 34.000000 24.248711 2
29.500000 12.990381 30.500000 12.990381 2
39.000000 15.588457 40.000000 15.588457 2
17.500000 19.918584 17.000000 20.784610 2
28.000000 25.980762 28.500000 26.846788 2
30.500000 4.330127 31.500000 4.330127 2
20.000000 3.464102 19.500000 4.330127 2
28.000000 6.928203 28.500000 7.794229 2
22.000000 19.052559 23.000000 19.052559 2
21.000000 0.000000 22.000000 0.000000 2
17.500000 26.846788 18.500000 26.846788 2
17.500000 9.526279 18.500000 9.526279 2
30.000000 13.856406 29.500000 14.722432 2
3.500000 0.866025 4.500000 0.866025 2
27.500000 0.866025 28.500000 0.866025 2
46.000000 25.980762 15.000000 25.980762 2
31.500000 23.382686 31.000000 24.248711 2
43.500000 21.650635 12.500000 21.650635 2
32.000000 1.732051 32.500000 2.598076 2
6.500000 11.258330 7.500000 11.258330 2
22.000000 15.588457 22.500000 16.454483 2
10.000000 0.000000 11.000000 0.000000 2
28.500000 4.330127 29.500000 4.330127 2
14.000000 17.320508 15.000000 17.320508 2
31.000000 10.392305 32.000000 10.392305 2
17.000000 22.516660 17.500000 23.382686 2
2.000000 0.000000 3.000000 0.000000 2
28.000000 15.588457 29.000000 15.588457 2
22.500000 12.990381 23.500000 12.990381 2
7.000000 1.732051 6.500000 2.598076 2
29.000000 15.588457 30.000000 15.588457 2
19.000000 13.856406 18.500000 14.722432 2
46.500000 26.846788 15.500000 26.846788 2
11.000000 13.856406 12.000000 13.856406 2
27.000000 0.000000 27.500000 0.866025 2
42.000000 25.980762 43.000000 25.980762 2
29.000000 0.000000 29.500000 0.866025 2
26.500000 19.918584 27.000000 20.784610 2
3.000000 1.732051 3.500000 2.598076 2
15.000000 19.052559 16.000000 19.052559 2
35.000000 6.928203 34.500000 7.794229 2
25.000000 17.320508 26.000000 17.320508 2
10.000000 10.392305 11.000000 10.392305 2
21.000000 24.248711 20.500000 25.114737 2
9.500000 9.526279 9.000000 10.392305 2
31.500000 11.258330 31.000000 12.124356 2
24.500000 12.990381 24.000000 13.856406 2
25.000000 17.320508 25.500000 18.186533 2
33.000000 13.856406 34.000000 13.856406 2
1.000000 0.000000 2.000000 0.000000 2
0.000000 0.000000 31.500000 0.866025 2
13.000000 12.124356 12.500000 12.990381 2
42.500000 25.114737 42.000000 25.980762 2
10.000000 15.588457 11.000000 15.588457 2
23.000000 17.320508 24.000000 17.320508 2
16.500000 0.866025 17.500000 0.866025 2
29.500000 4.330127 29.000000 5.196152 2
29.000000 13.856406 28.500000 14.722432 2
17.500000 21.650635 18.500000 21.650635 2
32.500000 4.330127 33.000000 5.196152 2
17.500000 21.650635 18.000000 22.516660 2
33.500000 7.794229 34.500000 7.794229 2
12.000000 13.856406 13.000000 13.856406 2
28.000000 13.856406 29.000000 13.856406 2
18.500000 19.918584 19.000000 20.784610 2
28.000000 22.516660 27.500000 23.382686 2
13.000000 6.928203 12.500000 7.794229 2
20.500000 4.330127 20.000000 5.196152 2
21.000000 0.000000 20.500000 0.866025 2
38.500000 14.722432 39.000000 15.588457 2
23.000000 19.052559 23.500000 19.918584 2
20.500000 14.722432 20.000000 15.588457 2
32.500000 7.794229 33.000000 8.660254 2
21.000000 10.392305 22.000000 10.392305 2
45.000000 25.980762 45.500000 26.846788 2
24.000000 19.052559 23.500000 19.918584 2
27.500000 12.990381 28.000000 13.856406 2
20.500000 25.114737 20.000000 25.980762 2
16.500000 16.454483 16.000000 17.320508 2
18.000000 8.660254 18.500000 9.526279 2
13.500000 4.330127 13.000000 5.196152 2
32.000000 8.660254 32.500000 9.526279 2
14.500000 12.990381 15.000000 13.856406 2
21.000000 25.980762 20.500000 26.846788 2
25.500000 18.186533 26.500000 18.186533 2
38.000000 25.980762 37.500000 26.846788 2
17.000000 0.000000 18.000000 0.000000 2
29.000000 12.124356 28.500000 12.990381 2
13.000000 20.784610 13.500000 21.650635 2
33.500000 25.114737 34.000000 25.980762 2
24.500000 18.186533 25.000000 19.052559 2
19.000000 25.980762 19.500000 26.846788 2
22.000000 25.980762 21.500000 26.846788 2
15.500000 6.062178 15.000000 6.928203 2
38.000000 12.124356 7.000000 12.124356 2
9.500000 2.598076 9.000000 3.464102 2
31.000000 17.320508 32.000000 17.320508 2
17.000000 3.464102 16.500000 4.330127 2
11.500000 12.990381 12.500000 12.990381 2
19.000000 6.928203 20.000000 6.928203 2
38.500000 14.722432 39.500000 14.722432 2
29.000000 24.248711 28.500000 25.114737 2
4.000000 3.464102 3.500000 4.330127 2
18.500000 2.598076 18.000000 3.464102 2
29.500000 11.258330 30.000000 12.124356 2
28.000000 12.124356 29.000000 12.124356 2
29.500000 18.186533 29.000000 19.052559 2
24.500000 0.866025 25.500000 0.866025 2
15.000000 5.196152 15.500000 6.062178 2
43.000000 25.980762 43.500000 26.846788 2
8.500000 11.258330 9.500000 11.258330 2
16.500000 19.918584 16.000000 20.784610 2
44.500000 26.846788 28.000000 0.000000 2
30.500000 6.062178 31.500000 6.062178 2
12.000000 20.784610 13.000000 20.784610 2
20.000000 3.464102 20.500000 4.330127 2
16.000000 20.784610 15.500000 21.650635 2
12.000000 8.660254 12.500000 9.526279 2
19.500000 11.258330 19.000000 12.124356 2
18.000000 22.516660 18.500000 23.382686 2
35.500000 23.382686 35.000000 24.248711 2
19.500000 25.114737 20.000000 25.980762 2
20.000000 24.248711 21.000000 24.248711 2
26.000000 8.660254 27.000000 8.660254 2
25.000000 3.464102 25.500000 4.330127 2
7.500000 12.990381 8.000000 13.856406 2
28.000000 22.516660 28.500000 23.382686 2
10.000000 13.856406 9.500000 14.722432 2
24.500000 14.722432 25.000000 15.588457 2
11.500000 0.866025 11.000000 1.732051 2
11.000000 10.392305 11.500000 11.258330 2
3.000000 0.000000 4.000000 0.000000 2
32.000000 20.784610 33.000000 20.784610 2
16.500000 18.186533 16.000000 19.052559 2
30.000000 1.732051 30.500000 2.598076 2
34.500000 23.382686 35.500000 23.382686 2
29.000000 10.392305 29.500000 11.258330 2
33.000000 12.124356 34.000000 12.124356 2
19.500000 9.526279 20.000000 10.392305 2
31.500000 2.598076 32.000000 3.464102 2
13.500000 7.794229 14.500000 7.794229 2
25.500000 12.990381 25.000000 13.856406 2
27.500000 26.846788 11.000000 0.000000 2
23.500000 4.330127 24.000000 5.196152 2
32.000000 12.124356 32.500000 12.990381 2
16.000000 3.464102 16.500000 4.330127 2
37.000000 20.784610 38.000000 20.784610 3
36.500000 21.650635 37.500000 21.650635 3
37.000000 20.784610 36.500000 21.650635 3
37.500000 19.918584 38.000000 20.784610 3
37.000000 20.784610 37.500000 21.650635 3
37.500000 19.918584 37.000000 20.784610 3
38.000000 20.784610 37.500000 21.650635 3
25.000000 22.516660 24.500000 23.382686 4
4.000000 6.928203 5.000000 6.928203 5
23.000000 22.516660 22.500000 23.382686 6
22.500000 23.382686 22.000000 24.248711 6
22.500000 23.382686 23.000000 24.248711 6
23.500000 23.382686 23.000000 24.248711 6
21.000000 24.248711 22.000000 24.248711 6
22.000000 22.516660 22.500000 23.382686 6
23.000000 22.516660 23.500000 23.382686 6
22.000000 24.248711 23.000000 24.248711 6
21.500000 23.382686 22.500000 23.382686 6
21.000000 22.516660 22.000000 22.516660 6
22.000000 22.516660 23.000000 22.516660 6
22.500000 23.382686 23.500000 23.382686 6
22.000000 22.516660 21.500000 23.382686 6
21.500000 23.382686 21.000000 24.248711 6
21.000000 22.516660 21.500000 23.382686 6
39.500000 16.454483 39.000000 17.320508 7
35.500000 12.990381 36.500000 12.990381 8
37.500000 12.990381 37.000000 13.856406 8
36.000000 13.856406 37.000000 13.856406 8
35.500000 12.990381 36.000000 13.856406 8
36.000000 12.124356 35.500000 12.990381 8
36.500000 12.990381 36.000000 13.856406 8
36.000000 12.124356 36.500000 12.990381 8
36.500000 12.990381 37.000000 13.856406 8
36.500000 12.990381 37.500000 12.990381 8
16.000000 8.660254 16.500000 9.526279 9
11.500000 16.454483 11.000000 17.320508 10
17.000000 5.196152 18.000000 5.196152 11
9.000000 6.928203 8.500000 7.794229 12
8.500000 6.062178 9.000000 6.928203 12
8.000000 6.928203 8.500000 7.794229 12
8.500000 7.794229 9.500000 7.794229 12
9.000000 6.928203 9.500000 7.794229 12
8.500000 6.062178 8.000000 6.928203 12
8.000000 6.928203 9.000000 6.928203 12
43.000000 20.784610 42.500000 21.650635 13
43.000000 20.784610 43.500000 21.650635 13
42.500000 21.650635 43.500000 21.650635 13
23.000000 24.248711 23.500000 25.114737 14
20.500000 23.382686 20.000000 24.248711 15
24.000000 24.248711 24.500000 25.114737 16
24.000000 24.248711 25.000000 24.248711 16
25.000000 24.248711 24.500000 25.114737 16
35.500000 19.918584 35.000000 20.784610 17
35.500000 19.918584 36.000000 20.784610 17
35.000000 20.784610 36.000000 20.784610 17
36.500000 19.918584 36.000000 20.784610 17
35.500000 19.918584 36.500000 19.918584 17
9.500000 16.454483 10.500000 16.454483 18
36.500000 14.722432 36.000000 15.588457 19
36.000000 15.588457 37.000000 15.588457 19
36.500000 14.722432 37.000000 15.588457 19
37.000000 17.320508 36.500000 18.186533 20
26.500000 21.650635 27.000000 22.516660 21
37.000000 12.124356 38.000000 12.124356 22
40.000000 19.052559 39.500000 19.918584 23
41.000000 19.052559 41.500000 19.918584 23
40.000000 19.052559 41.000000 19.052559 23
39.500000 19.918584 40.000000 20.784610 23
40.500000 19.918584 41.500000 19.918584 23
40.500000 19.918584 40.000000 20.784610 23
40.500000 19.918584 41.000000 20.784610 23
39.500000 19.918584 40.500000 19.918584 23
40.000000 20.784610 41.000000 20.784610 23
41.500000 19.918584 41.000000 20.784610 23
40.000000 19.052559 40.500000 19.918584 23
25.500000 23.382686 26.500000 23.382686 24
27.000000 22.516660 26.500000 23.382686 24
27.000000 22.516660 27.500000 23.382686 24
26.500000 23.382686 27.500000 23.382686 24
26.500000 23.382686 27.000000 24.248711 24
26.000000 24.248711 27.000000 24.248711 24
25.500000 23.382686 26.000000 24.248711 24
26.500000 23.382686 26.000000 24.248711 24
27.500000 23.382686 27.000000 24.248711 24
36.000000 20.784610 36.500000 21.650635 25
40.000000 15.588457 40.500000 16.454483 26
24.500000 23.382686 25.000000 24.248711 27
40.500000 16.454483 9.500000 16.454483 28
41.000000 17.320508 41.500000 18.186533 28
41.000000 17.320508 40.500000 18.186533 28
40.500000 16.454483 40.000000 17.320508 28
39.500000 18.186533 40.500000 18.186533 28
9.500000 16.454483 41.000000 17.320508 28
40.500000 18.186533 41.000000 19.052559 28
41.500000 18.186533 41.000000 19.052559 28
10.000000 17.320508 41.500000 18.186533 28
40.000000 17.320508 41.000000 17.320508 28
40.500000 16.454483 41.000000 17.320508 28
9.500000 16.454483 10.000000 17.320508 28
41.000000 17.320508 10.000000 17.320508 28
40.000000 17.320508 39.500000 18.186533 28
40.000000 17.320508 40.500000 18.186533 28
39.000000 25.980762 40.000000 25.980762 29
4.500000 6.062178 4.000000 6.928203 30
40.500000 23.382686 41.000000 24.248711 31
41.500000 23.382686 41.000000 24.248711 31
41.000000 22.516660 41.500000 23.382686 31
41.000000 24.248711 42.000000 24.248711 31
40.500000 23.382686 41.500000 23.382686 31
41.000000 22.516660 40.500000 23.382686 31
41.500000 23.382686 42.000000 24.248711 31
7.500000 7.794229 8.000000 8.660254 32
7.500000 7.794229 8.500000 7.794229 32
8.500000 7.794229 8.000000 8.660254 32
5.500000 6.062178 5.000000 6.928203 33
35.000000 15.588457 36.000000 15.588457 34
7.000000 1.732051 7.500000 2.598076 35
39.500000 25.114737 39.000000 25.980762 36
20.000000 22.516660 20.500000 23.382686 37
11.000000 19.052559 11.500000 19.918584 38
33.000000 19.052559 32.500000 19.918584 39
19.000000 5.196152 20.000000 5.196152 40
40.000000 15.588457 39.500000 16.454483 41
26.500000 4.330127 27.500000 4.330127 42
41.500000 21.650635 42.500000 21.650635 43
34.500000 18.186533 35.000000 19.052559 44
9.500000 7.794229 10.000000 8.660254 45
20.500000 19.918584 20.000000 20.784610 46
13.500000 16.454483 13.000000 17.320508 47
12.500000 16.454483 13.000000 17.320508 47
12.500000 16.454483 13.500000 16.454483 47
37.500000 23.382686 37.000000 24.248711 48
28.000000 24.248711 28.500000 25.114737 49
42.000000 19.052559 42.500000 19.918584 50
32.500000 21.650635 33.500000 21.650635 51
14.500000 0.866025 15.000000 1.732051 52
8.000000 5.196152 8.500000 6.062178 53
7.500000 4.330127 7.000000 5.196152 53
7.000000 5.196152 7.500000 6.062178 53
8.000000 5.196152 7.500000 6.062178 53
7.000000 5.196152 8.000000 5.196152 53
7.500000 4.330127 8.000000 5.196152 53
7.500000 6.062178 8.500000 6.062178 53
38.500000 18.186533 39.500000 18.186533 54
39.500000 18.186533 39.000000 19.052559 54
39.000000 17.320508 38.500000 18.186533 54
39.000000 17.320508 39.500000 18.186533 54
38.500000 18.186533 39.000000 19.052559 54
11.000000 6.928203 10.500000 7.794229 55
10.000000 6.928203 10.500000 7.794229 55
10.000000 6.928203 11.000000 6.928203 55
38.000000 22.516660 38.500000 23.382686 56
40.000000 22.516660 41.000000 22.516660 57
12.500000 14.722432 12.000000 15.588457 58
25.000000 20.784610 26.000000 20.784610 59
26.000000 20.784610 25.500000 21.650635 59
25.000000 20.784610 25.500000 21.650635 59
24.500000 21.650635 25.500000 21.650635 59
25.000000 20.784610 24.500000 21.650635 59
39.500000 23.382686 40.500000 23.382686 60
36.500000 25.114737 37.000000 25.980762 61
35.500000 18.186533 36.500000 18.186533 62
35.500000 18.186533 36.000000 19.052559 62
36.500000 18.186533 36.000000 19.052559 62
37.500000 18.186533 37.000000 19.052559 63
12.000000 17.320508 12.500000 18.186533 64
11.500000 18.186533 12.500000 18.186533 64
13.000000 17.320508 12.500000 18.186533 64
12.000000 17.320508 13.000000 17.320508 64
12.000000 17.320508 11.500000 18.186533 64
35.000000 13.856406 35.500000 14.722432 65
23.000000 24.248711 24.000000 24.248711 66
33.000000 20.784610 34.000000 20.784610 67
20.500000 19.918584 21.500000 19.918584 68
34.000000 15.588457 34.500000 16.454483 69
33.500000 18.186533 34.500000 18.186533 70
33.500000 18.186533 33.000000 19.052559 70
33.000000 19.052559 34.000000 19.052559 70
33.500000 18.186533 34.000000 19.052559 70
34.500000 18.186533 34.000000 19.052559 70
34.000000 17.320508 33.500000 18.186533 70
34.000000 17.320508 34.500000 18.186533 70
13.500000 2.598076 14.000000 3.464102 71
8.000000 3.464102 7.500000 4.330127 72
35.500000 9.526279 36.000000 10.392305 73
33.500000 12.990381 33.000000 13.856406 74
7.500000 4.330127 8.500000 4.330127 75
37.000000 22.516660 37.500000 23.382686 76
20.000000 20.784610 19.500000 21.650635 77
34.500000 16.454483 35.500000 16.454483 78
35.000000 15.588457 34.500000 16.454483 78
35.000000 15.588457 35.500000 16.454483 78
17.500000 4.330127 17.000000 5.196152 79
33.500000 19.918584 33.000000 20.784610 80
37.000000 19.052559 36.500000 19.918584 81
35.000000 22.516660 36.000000 22.516660 82
35.500000 21.650635 35.000000 22.516660 82
35.500000 21.650635 36.000000 22.516660 82
26.000000 24.248711 26.500000 25.114737 83
6.000000 8.660254 7.000000 8.660254 84
18.500000 4.330127 18.000000 5.196152 85
42.500000 19.918584 42.000000 20.784610 86
6.000000 5.196152 5.500000 6.062178 87
37.000000 15.588457 38.000000 15.588457 88
37.500000 14.722432 38.000000 15.588457 88
37.500000 14.722432 37.000000 15.588457 88
23.000000 20.784610 24.000000 20.784610 89
23.500000 19.918584 23.000000 20.784610 89
23.500000 19.918584 24.000000 20.784610 89
20.500000 18.186533 21.000000 19.052559 90
24.500000 21.650635 25.000000 22.516660 91
24.000000 25.980762 24.500000 26.846788 92
39.000000 24.248711 39.500000 25.114737 93
18.500000 21.650635 19.500000 21.650635 94
39.500000 23.382686 39.000000 24.248711 95
38.500000 23.382686 39.500000 23.382686 95
38.500000 23.382686 39.000000 24.248711 95
9.000000 8.660254 9.500000 9.526279 96
5.500000 7.794229 6.500000 7.794229 97
26.500000 21.650635 26.000000 22.516660 98
35.000000 20.784610 35.500000 21.650635 99
36.000000 12.124356 37.000000 12.124356 100
36.500000 11.258330 36.000000 12.124356 100
36.500000 11.258330 37.000000 12.124356 100
12.000000 19.052559 12.500000 19.918584 101
34.500000 16.454483 35.000000 17.320508 102
36.000000 10.392305 36.500000 11.258330 103
35.000000 17.320508 34.500000 18.186533 104
34.500000 18.186533 35.500000 18.186533 104
35.000000 17.320508 35.500000 18.186533 104
19.500000 21.650635 20.000000 22.516660 105
21.000000 20.784610 20.500000 21.650635 106
33.500000 14.722432 34.000000 15.588457 107
38.500000 16.454483 39.500000 16.454483 108
6.500000 4.330127 7.000000 5.196152 109
6.000000 5.196152 7.000000 5.196152 109
6.500000 4.330127 6.000000 5.196152 109
20.000000 20.784610 20.500000 21.650635 110
26.500000 21.650635 27.500000 21.650635 111
41.000000 20.784610 42.000000 20.784610 112
39.000000 22.516660 39.500000 23.382686 113
23.500000 25.114737 24.500000 25.114737 114
37.000000 24.248711 38.000000 24.248711 115
6.500000 6.062178 6.000000 6.928203 116
6.500000 6.062178 7.500000 6.062178 116
7.500000 6.062178 7.000000 6.928203 116
6.500000 6.062178 7.000000 6.928203 116
6.000000 6.928203 7.000000 6.928203 116
21.000000 17.320508 22.000000 17.320508 117
12.500000 18.186533 12.000000 19.052559 118
38.000000 12.124356 37.500000 12.990381 119
36.500000 21.650635 36.000000 22.516660 120
35.500000 16.454483 36.000000 17.320508 121
10.500000 18.186533 11.500000 18.186533 122
11.000000 17.320508 10.500000 18.186533 122
11.000000 17.320508 11.500000 18.186533 122
41.000000 20.784610 40.500000 21.650635 123
38.000000 19.052559 37.500000 19.918584 124
11.500000 19.918584 43.000000 20.784610 125
13.000000 19.052559 12.500000 19.918584 126
23.500000 25.114737 23.000000 25.980762 127
13.500000 18.186533 13.000000 19.052559 128
39.500000 21.650635 39.000000 22.516660 129
37.500000 21.650635 38.000000 22.516660 129
37.500000 21.650635 38.500000 21.650635 129
38.000000 22.516660 39.000000 22.516660 129
38.500000 21.650635 39.000000 22.516660 129
38.500000 21.650635 38.000000 22.516660 129
38.500000 21.650635 39.500000 21.650635 129
37.000000 17.320508 37.500000 18.186533 130
39.000000 20.784610 39.500000 21.650635 131
40.000000 20.784610 39.500000 21.650635 131
39.000000 20.784610 40.000000 20.784610 131
37.000000 13.856406 37.500000 14.722432 132
26.500000 25.114737 27.000000 25.980762 133
33.000000 17.320508 33.500000 18.186533 134
21.500000 19.918584 21.000000 20.784610 135
10.000000 17.320508 11.000000 17.320508 136
17.000000 3.464102 17.500000 4.330127 137
27.500000 21.650635 28.000000 22.516660 138
38.000000 17.320508 38.500000 18.186533 139
38.000000 15.588457 38.500000 16.454483 140
6.000000 10.392305 37.500000 11.258330 141
10.000000 15.588457 10.500000 16.454483 142
11.500000 16.454483 12.500000 16.454483 143
38.500000 19.918584 38.000000 20.784610 144
42.000000 20.784610 41.500000 21.650635 145
38.000000 24.248711 38.500000 25.114737 146
38.000000 24.248711 39.000000 24.248711 146
39.000000 24.248711 38.500000 25.114737 146
35.000000 12.124356 35.500000 12.990381 147
14.000000 1.732051 15.000000 1.732051 148
6.500000 2.598076 7.000000 3.464102 149
36.500000 18.186533 37.000000 19.052559 150
7.000000 8.660254 7.500000 9.526279 151
6.500000 7.794229 7.500000 7.794229 152
25.000000 25.980762 25.500000 26.846788 153
35.000000 19.052559 34.500000 19.918584 154
37.500000 16.454483 37.000000 17.320508 155
22.500000 21.650635 23.000000 22.516660 156
8.500000 7.794229 9.000000 8.660254 157
21.000000 19.052559 22.000000 19.052559 158
20.000000 22.516660 19.500000 23.382686 159
18.500000 6.062178 19.000000 6.928203 160
19.500000 18.186533 20.500000 18.186533 161
34.500000 21.650635 35.000000 22.516660 162
31.000000 1.732051 31.500000 2.598076 163
11.000000 19.052559 12.000000 19.052559 164
20.500000 21.650635 21.000000 22.516660 165
38.500000 14.722432 38.000000 15.588457 166
20.500000 21.650635 21.500000 21.650635 167
25.000000 22.516660 25.500000 23.382686 168
41.000000 22.516660 42.000000 22.516660 169
25.000000 24.248711 25.500000 25.114737 170
39.000000 19.052559 38.500000 19.918584 171
38.500000 19.918584 39.500000 19.918584 171
39.000000 19.052559 39.500000 19.918584 171
35.500000 14.722432 35.000000 15.588457 172
26.000000 20.784610 26.500000 21.650635 173
5.500000 4.330127 6.500000 4.330127 174
23.000000 20.784610 22.500000 21.650635 175
25.500000 25.114737 25.000000 25.980762 176
21.000000 19.052559 20.500000 19.918584 177
42.000000 20.784610 43.000000 20.784610 178
6.000000 8.660254 6.500000 9.526279 179
5.500000 7.794229 6.000000 8.660254 180
12.000000 15.588457 13.000000 15.588457 181
24.500000 21.650635 24.000000 22.516660 182
40.500000 21.650635 41.500000 21.650635 183
38.000000 13.856406 37.500000 14.722432 184
35.500000 11.258330 36.000000 12.124356 185
22.000000 20.784610 23.000000 20.784610 186
38.000000 17.320508 37.500000 18.186533 187
22.500000 19.918584 23.000000 20.784610 188
18.000000 5.196152 18.500000 6.062178 189
38.000000 22.516660 37.500000 23.382686 190
34.000000 13.856406 34.500000 14.722432 191
42.000000 22.516660 43.000000 22.516660 192
35.000000 19.052559 36.000000 19.052559 193
4.500000 6.062178 5.500000 6.062178 194
8.000000 5.196152 9.000000 5.196152 195
23.500000 25.114737 24.000000 25.980762 196
21.000000 20.784610 22.000000 20.784610 197
33.500000 19.918584 34.500000 19.918584 198
34.000000 19.052559 33.500000 19.918584 198
34.000000 19.052559 34.500000 19.918584 198
36.500000 16.454483 37.000000 17.320508 199
10.500000 18.186533 42.000000 19.052559 200
42.000000 19.052559 11.000000 19.052559 200
10.500000 18.186533 11.000000 19.052559 200
23.500000 23.382686 24.500000 23.382686 201
8.000000 3.464102 9.000000 3.464102 202
14.000000 0.000000 14.500000 0.866025 203
24.000000 22.516660 23.500000 23.382686 204
35.500000 14.722432 36.500000 14.722432 205
38.000000 20.784610 39.000000 20.784610 206
20.000000 19.052559 19.500000 19.918584 207
36.500000 19.918584 37.500000 19.918584 208
37.000000 22.516660 36.500000 23.382686 209
23.500000 21.650635 24.000000 22.516660 210
16.500000 4.330127 17.000000 5.196152 211
12.000000 15.588457 11.500000 16.454483 212
36.500000 21.650635 37.000000 22.516660 213
27.000000 25.980762 27.500000 26.846788 214
41.500000 19.918584 42.500000 19.918584 215
39.500000 23.382686 40.000000 24.248711 216
39.000000 15.588457 38.500000 16.454483 217
39.500000 21.650635 40.000000 22.516660 218
27.000000 24.248711 28.000000 24.248711 219
27.000000 24.248711 27.500000 25.114737 219
28.000000 24.248711 27.500000 25.114737 219
39.500000 21.650635 40.500000 21.650635 220
35.500000 12.990381 35.000000 13.856406 221
36.000000 17.320508 36.500000 18.186533 222
7.000000 3.464102 7.500000 4.330127 223
24.000000 25.980762 25.000000 25.980762 224
34.500000 14.722432 34.000000 15.588457 225
18.000000 3.464102 18.500000 4.330127 226
21.000000 22.516660 20.500000 23.382686 227
34.000000 13.856406 35.000000 13.856406 228
38.500000 16.454483 38.000000 17.320508 229
12.500000 18.186533 13.000000 19.052559 230
42.500000 19.918584 11.500000 19.918584 231
20.500000 21.650635 20.000000 22.516660 232
9.000000 15.588457 9.500000 16.454483 233
36.000000 13.856406 35.500000 14.722432 234
38.000000 19.052559 38.500000 19.918584 235
24.500000 25.114737 25.000000 25.980762 236
26.000000 22.516660 25.500000 23.382686 237
18.000000 5.196152 19.000000 5.196152 238
22.000000 19.052559 21.500000 19.918584 239
37.500000 25.114737 37.000000 25.980762 240
34.500000 19.918584 35.000000 20.784610 241
26.500000 7.794229 27.500000 7.794229 242
33.500000 21.650635 34.500000 21.650635 243
20.000000 19.052559 20.500000 19.918584 244
5.000000 5.196152 6.000000 5.196152 245
