0.635200 52.528038 3024.928729
0.637700 57.564233 3575.163136
0.640200 77.766616 6671.151838
0.642700 101.253717 11331.532501
0.645200 126.150414 18115.520899
0.647700 187.633638 40972.146418
0.650200 254.238302 75647.644612
0.652700 358.182233 157550.687879
0.655200 452.304210 316793.506350
0.657700 384.675510 262674.817548
0.660200 221.987372 171368.991787
0.662700 74.537441 42563.294364
0.665200 22.849823 1221.118789
0.667700 14.989197 476.128867
0.670200 10.562269 221.987515
0.672700 7.235636 88.330022
0.675200 5.509871 47.059306
0.677700 4.909051 29.028073
0.680200 4.059764 19.261719
0.682700 3.652816 15.768251
