0.610200 8.251620 74.027813
0.615200 9.121988 90.091212
0.620200 10.590902 133.190910
0.625200 11.901769 163.539392
0.630200 13.464199 212.243232
0.635200 15.330076 290.330378
0.640200 18.019407 434.496226
0.645200 21.815687 685.159358
0.650200 22.095182 795.257272
0.655200 17.487260 680.232792
0.660200 10.237230 314.405555
0.665200 5.003320 55.534947
0.670200 3.606817 27.988220
0.675200 3.235787 21.517540
0.680200 2.401685 8.382965
0.685200 2.038758 5.114621
0.690200 1.916405 4.559821
0.695200 1.690479 3.657279
0.700200 1.550287 2.813045
0.705200 1.457000 2.422124
