0.635200 61.053601 3837.548826
0.637700 79.929743 6613.223500
0.640200 100.266694 10463.496132
0.642700 143.992016 22230.635207
0.645200 190.051977 38155.119783
0.647700 287.393354 88869.523539
0.650200 437.087478 205384.954649
0.652700 734.582640 599681.071811
0.655200 1246.823820 1835493.755411
0.657700 1653.126058 3910003.895305
0.660200 902.922722 3845190.489909
0.662700 213.983816 196221.124124
0.665200 55.957220 7346.202492
0.667700 20.359281 926.725412
0.670200 12.169351 205.659676
0.672700 11.232618 429.611412
0.675200 6.788302 72.398499
0.677700 5.949536 64.967048
0.680200 4.325720 21.345193
0.682700 3.701598 14.974682
