0.610200 11.836838 142.767117
0.615200 11.050716 126.192482
0.620200 16.137116 282.970654
0.625200 20.724649 451.549038
0.630200 24.265071 636.267827
0.635200 30.553107 996.388853
0.640200 51.283500 2845.812238
0.645200 61.129650 4144.324355
0.650200 83.241566 8150.015337
0.655200 83.654335 10170.688761
0.660200 51.930405 9042.188495
0.665200 69.234571 16844.721141
0.670200 6.976734 78.853273
0.675200 4.739628 27.037749
0.680200 3.503550 13.551212
0.685200 2.572532 8.014292
0.690200 2.996648 18.613229
0.695200 1.706031 3.021226
0.700200 1.994455 5.246888
0.705200 1.757408 3.583079
