0.610200 11.215971 131.175203
0.615200 12.448396 163.549031
0.620200 15.659506 264.501375
0.625200 18.788840 385.019230
0.630200 23.489276 625.407888
0.635200 32.310755 1273.497609
0.640200 43.758103 2351.394542
0.645200 61.649910 4898.217723
0.650200 91.753748 11993.695110
0.655200 83.913184 15646.171945
0.660200 34.850833 4126.879239
0.665200 14.565248 1146.059514
0.670200 6.370890 74.079592
0.675200 4.187592 26.939177
0.680200 3.163164 12.599420
0.685200 2.821900 9.934846
0.690200 2.412133 7.414463
0.695200 2.032935 4.535579
0.700200 1.838697 3.832328
0.705200 1.745488 3.385933
