0.610200 0.000000 0.000000 0.000000
0.615200 0.000000 0.000000 0.000000
0.620200 0.000000 0.000000 0.000000
0.625200 0.000000 0.000000 0.000000
0.630200 0.000000 0.000000 0.000000
0.635200 0.000000 0.000000 0.000000
0.640200 0.000000 0.000000 0.000000
0.645200 0.000000 0.000000 0.000000
0.650200 0.000000 0.000000 0.300000
0.655200 0.000000 0.100000 0.300000
0.660200 0.000000 0.100000 0.600000
0.665200 0.200000 0.000000 0.800000
0.670200 0.000000 0.000000 1.000000
0.675200 0.000000 0.000000 1.000000
0.680200 0.000000 0.000000 1.000000
0.685200 0.000000 0.000000 1.000000
0.690200 0.000000 0.000000 1.000000
0.695200 0.000000 0.000000 1.000000
0.700200 0.000000 0.000000 1.000000
0.705200 0.000000 0.000000 1.000000
