0.635200 0.000000 0.000000 0.000000
0.637700 0.000000 0.000000 0.000000
0.640200 0.000000 0.000000 0.000000
0.642700 0.000000 0.000000 0.000000
0.645200 0.000000 0.000000 0.000000
0.647700 0.000000 0.000000 0.000000
0.650200 0.000000 0.000000 0.000000
0.652700 0.000000 0.000000 0.000000
0.655200 0.010000 0.000000 0.010000
0.657700 0.050000 0.120000 0.170000
0.660200 0.070000 0.090000 0.750000
0.662700 0.000000 0.010000 0.990000
0.665200 0.000000 0.000000 1.000000
0.667700 0.000000 0.000000 1.000000
0.670200 0.000000 0.000000 1.000000
0.672700 0.000000 0.000000 1.000000
0.675200 0.000000 0.000000 1.000000
0.677700 0.000000 0.000000 1.000000
0.680200 0.000000 0.000000 1.000000
0.682700 0.000000 0.000000 1.000000
