0.610200 0.000000 0.000000 0.000000
0.615200 0.000000 0.000000 0.000000
0.620200 0.000000 0.000000 0.000000
0.625200 0.000000 0.000000 0.000000
0.630200 0.000000 0.000000 0.000000
0.635200 0.006000 0.006000 0.006000
0.640200 0.010000 0.006000 0.024000
0.645200 0.022000 0.030000 0.054000
0.650200 0.074000 0.058000 0.188000
0.655200 0.070000 0.070000 0.468000
0.660200 0.044000 0.040000 0.788000
0.665200 0.014000 0.022000 0.958000
0.670200 0.004000 0.000000 0.996000
0.675200 0.000000 0.002000 0.996000
0.680200 0.000000 0.000000 1.000000
0.685200 0.000000 0.000000 1.000000
0.690200 0.000000 0.000000 1.000000
0.695200 0.000000 0.000000 1.000000
0.700200 0.000000 0.000000 1.000000
0.705200 0.000000 0.000000 1.000000
