0.610200 0.013289 0.000207
0.615200 0.011621 0.000151
0.620200 0.021745 0.000611
0.625200 0.021729 0.000501
0.630200 0.028044 0.000849
0.635200 0.040422 0.001904
0.640200 0.045589 0.002238
0.645200 0.058455 0.003887
0.650200 0.150700 0.027233
0.655200 0.231299 0.067917
0.660200 0.358757 0.148154
0.665200 0.487581 0.242771
0.670200 0.556136 0.311700
0.675200 0.598120 0.358473
0.680200 0.628678 0.395380
0.685200 0.652018 0.425299
0.690200 0.665405 0.442867
0.695200 0.677043 0.458427
0.700200 0.684855 0.469038
0.705200 0.690446 0.476757
