0.610200 0.029704 0.001145
0.615200 0.034348 0.001557
0.620200 0.040518 0.002165
0.625200 0.050298 0.003482
0.630200 0.059816 0.005039
0.635200 0.075118 0.008378
0.640200 0.099549 0.014178
0.645200 0.127995 0.024162
0.650200 0.197578 0.055235
0.655200 0.315961 0.121445
0.660200 0.452602 0.220399
0.665200 0.542089 0.298419
0.670200 0.588391 0.348848
0.675200 0.613057 0.377427
0.680200 0.639524 0.409584
0.685200 0.654445 0.428674
0.690200 0.664938 0.442394
0.695200 0.676506 0.457827
0.700200 0.684848 0.469136
0.705200 0.692558 0.479714
