0.635200 0.017414 0.000348
0.637700 0.020033 0.000512
0.640200 0.024243 0.000693
0.642700 0.030255 0.001068
0.645200 0.035152 0.001435
0.647700 0.048814 0.002778
0.650200 0.063537 0.004997
0.652700 0.096503 0.012110
0.655200 0.148748 0.027931
0.657700 0.226398 0.059497
0.660200 0.349130 0.129106
0.662700 0.444706 0.200094
0.665200 0.499624 0.250842
0.667700 0.533979 0.285751
0.670200 0.556453 0.310151
0.672700 0.585186 0.342677
0.675200 0.604194 0.365233
0.677700 0.615579 0.379082
0.680200 0.629942 0.396906
0.682700 0.638132 0.407287
