0.610200 0.012754 0.000192
0.615200 0.015741 0.000297
0.620200 0.019099 0.000428
0.625200 0.022809 0.000638
0.630200 0.027666 0.000988
0.635200 0.039602 0.001948
0.640200 0.050624 0.003231
0.645200 0.076327 0.007596
0.650200 0.123700 0.019524
0.655200 0.250701 0.075842
0.660200 0.412810 0.176975
0.665200 0.509377 0.262992
0.670200 0.568872 0.324832
0.675200 0.606547 0.368467
0.680200 0.632438 0.400316
0.685200 0.650011 0.422672
0.690200 0.663243 0.439967
0.695200 0.674111 0.454472
0.700200 0.684004 0.467899
0.705200 0.692075 0.478984
