0.635200 0.006516 0.000049
0.637700 0.007487 0.000062
0.640200 0.009173 0.000095
0.642700 0.011083 0.000138
0.645200 0.013513 0.000204
0.647700 0.020401 0.000499
0.650200 0.030199 0.001203
0.652700 0.044797 0.002375
0.655200 0.080159 0.007887
0.657700 0.157870 0.030754
0.660200 0.325109 0.109850
0.662700 0.430604 0.186845
0.665200 0.490840 0.241313
0.667700 0.531483 0.282643
0.670200 0.561136 0.314990
0.672700 0.583837 0.340935
0.675200 0.603417 0.364152
0.677700 0.617176 0.380941
0.680200 0.628896 0.395538
0.682700 0.639844 0.409418
